 0.000000 	 0.000000 
 0.006667 	 0.019450 
 0.013333 	 0.238210 
 0.020000 	 0.355197 
 0.026667 	 0.469658 
 0.033333 	 0.580781 
 0.040000 	 0.687776 
 0.046667 	 0.789881 
 0.053333 	 0.886371 
 0.060000 	 0.976561 
 0.066667 	 1.059808 
 0.073333 	 1.135521 
 0.080000 	 1.203163 
 0.086667 	 1.262251 
 0.093333 	 1.312367 
 0.100000 	 1.353153 
 0.106667 	 1.384320 
 0.113333 	 1.405646 
 0.120000 	 1.416981 
 0.126667 	 1.418242 
 0.133333 	 1.409421 
 0.140000 	 1.390581 
 0.146667 	 1.361856 
 0.153333 	 1.323450 
 0.160000 	 1.275636 
 0.166667 	 1.218754 
 0.173333 	 1.153208 
 0.180000 	 1.079465 
 0.186667 	 0.998047 
 0.193333 	 0.909535 
 0.200000 	 0.814558 
 0.206667 	 0.713790 
 0.213333 	 0.607947 
 0.220000 	 0.497783 
 0.226667 	 0.384081 
 0.233333 	 0.267648 
 0.240000 	 0.149313 
 0.246667 	 0.029916 
 0.253333 	 -0.089694 
 0.260000 	 -0.208666 
 0.266667 	 -0.326154 
 0.273333 	 -0.441324 
 0.280000 	 -0.553357 
 0.286667 	 -0.661456 
 0.293333 	 -0.764854 
 0.300000 	 -0.862814 
 0.306667 	 -0.954640 
 0.313333 	 -1.039680 
 0.320000 	 -1.117330 
 0.326667 	 -1.187037 
 0.333333 	 -1.248305 
 0.340000 	 -1.300700 
 0.346667 	 -1.343848 
 0.353333 	 -1.377443 
 0.360000 	 -1.401247 
 0.366667 	 -1.415089 
 0.373333 	 -1.418872 
 0.380000 	 -1.412569 
 0.386667 	 -1.396224 
 0.393333 	 -1.369954 
 0.400000 	 -1.333946 
 0.406667 	 -1.288454 
 0.413333 	 -1.233804 
 0.420000 	 -1.170383 
 0.426667 	 -1.098641 
 0.433333 	 -1.019090 
 0.440000 	 -0.932295 
 0.446667 	 -0.838872 
 0.453333 	 -0.739486 
 0.460000 	 -0.634843 
 0.466667 	 -0.525687 
 0.473333 	 -0.412794 
 0.480000 	 -0.296967 
 0.486667 	 -0.179029 
 0.493333 	 -0.059818 
 0.500000 	 0.059818 
 0.506667 	 0.179029 
 0.513333 	 0.296967 
 0.520000 	 0.412794 
 0.526667 	 0.525687 
 0.533333 	 0.634843 
 0.540000 	 0.739486 
 0.546667 	 0.838872 
 0.553333 	 0.932295 
 0.560000 	 1.019090 
 0.566667 	 1.098641 
 0.573333 	 1.170383 
 0.580000 	 1.233804 
 0.586667 	 1.288454 
 0.593333 	 1.333946 
 0.600000 	 1.369954 
 0.606667 	 1.396224 
 0.613333 	 1.412569 
 0.620000 	 1.418872 
 0.626667 	 1.415089 
 0.633333 	 1.401247 
 0.640000 	 1.377443 
 0.646667 	 1.343848 
 0.653333 	 1.300700 
 0.660000 	 1.248305 
 0.666667 	 1.187037 
 0.673333 	 1.117330 
 0.680000 	 1.039680 
 0.686667 	 0.954640 
 0.693333 	 0.862814 
 0.700000 	 0.764854 
 0.706667 	 0.661456 
 0.713333 	 0.553357 
 0.720000 	 0.441324 
 0.726667 	 0.326154 
 0.733333 	 0.208666 
 0.740000 	 0.089694 
 0.746667 	 -0.029916 
 0.753333 	 -0.149313 
 0.760000 	 -0.267648 
 0.766667 	 -0.384081 
 0.773333 	 -0.497783 
 0.780000 	 -0.607947 
 0.786667 	 -0.713790 
 0.793333 	 -0.814558 
 0.800000 	 -0.909535 
 0.806667 	 -0.998047 
 0.813333 	 -1.079465 
 0.820000 	 -1.153208 
 0.826667 	 -1.218754 
 0.833333 	 -1.275636 
 0.840000 	 -1.323450 
 0.846667 	 -1.361856 
 0.853333 	 -1.390581 
 0.860000 	 -1.409421 
 0.866667 	 -1.418242 
 0.873333 	 -1.416981 
 0.880000 	 -1.405646 
 0.886667 	 -1.384320 
 0.893333 	 -1.353153 
 0.900000 	 -1.312367 
 0.906667 	 -1.262251 
 0.913333 	 -1.203163 
 0.920000 	 -1.135521 
 0.926667 	 -1.059808 
 0.933333 	 -0.976561 
 0.940000 	 -0.886371 
 0.946667 	 -0.789881 
 0.953333 	 -0.687776 
 0.960000 	 -0.580781 
 0.966667 	 -0.469658 
 0.973333 	 -0.355197 
 0.980000 	 -0.238210 
 0.986667 	 -0.119530 
 0.993333 	 0.000000 
