 0.000000 	 0.000000 
 0.000063 	 0.000000 
 0.000127 	 0.000037 
 0.000193 	 0.000062 
 0.000261 	 0.000088 
 0.000330 	 0.000115 
 0.000401 	 0.000142 
 0.000474 	 0.000170 
 0.000549 	 0.000199 
 0.000625 	 0.000229 
 0.000704 	 0.000259 
 0.000785 	 0.000290 
 0.000867 	 0.000321 
 0.000952 	 0.000354 
 0.001039 	 0.000387 
 0.001128 	 0.000422 
 0.001219 	 0.000457 
 0.001313 	 0.000493 
 0.001409 	 0.000529 
 0.001507 	 0.000567 
 0.001608 	 0.000606 
 0.001711 	 0.000646 
 0.001818 	 0.000686 
 0.001926 	 0.000728 
 0.002038 	 0.000771 
 0.002152 	 0.000814 
 0.002269 	 0.000859 
 0.002390 	 0.000905 
 0.002513 	 0.000953 
 0.002639 	 0.001001 
 0.002769 	 0.001051 
 0.002902 	 0.001101 
 0.003038 	 0.001154 
 0.003177 	 0.001207 
 0.003321 	 0.001262 
 0.003467 	 0.001318 
 0.003618 	 0.001375 
 0.003772 	 0.001434 
 0.003931 	 0.001495 
 0.004093 	 0.001557 
 0.004259 	 0.001620 
 0.004430 	 0.001685 
 0.004605 	 0.001752 
 0.004784 	 0.001820 
 0.004968 	 0.001890 
 0.005156 	 0.001962 
 0.005350 	 0.002036 
 0.005548 	 0.002111 
 0.005751 	 0.002188 
 0.005959 	 0.002268 
 0.006173 	 0.002349 
 0.006392 	 0.002432 
 0.006617 	 0.002517 
 0.006847 	 0.002605 
 0.007083 	 0.002695 
 0.007325 	 0.002786 
 0.007573 	 0.002880 
 0.007828 	 0.002977 
 0.008088 	 0.003076 
 0.008356 	 0.003177 
 0.008630 	 0.003281 
 0.008911 	 0.003387 
 0.009200 	 0.003496 
 0.009495 	 0.003608 
 0.009799 	 0.003722 
 0.010109 	 0.003839 
 0.010428 	 0.003960 
 0.010755 	 0.004083 
 0.011090 	 0.004209 
 0.011433 	 0.004338 
 0.011785 	 0.004470 
 0.012147 	 0.004606 
 0.012517 	 0.004745 
 0.012896 	 0.004887 
 0.013286 	 0.005033 
 0.013685 	 0.005183 
 0.014094 	 0.005336 
 0.014513 	 0.005493 
 0.014944 	 0.005654 
 0.015385 	 0.005818 
 0.015837 	 0.005987 
 0.016301 	 0.006160 
 0.016776 	 0.006337 
 0.017263 	 0.006518 
 0.017763 	 0.006704 
 0.018276 	 0.006894 
 0.018801 	 0.007089 
 0.019340 	 0.007288 
 0.019892 	 0.007492 
 0.020458 	 0.007702 
 0.021039 	 0.007916 
 0.021634 	 0.008135 
 0.022245 	 0.008360 
 0.022871 	 0.008590 
 0.023512 	 0.008826 
 0.024170 	 0.009067 
 0.024845 	 0.009314 
 0.025537 	 0.009567 
 0.026246 	 0.009826 
 0.026973 	 0.010092 
 0.027719 	 0.010363 
 0.028483 	 0.010641 
 0.029267 	 0.010926 
 0.030071 	 0.011217 
 0.030895 	 0.011515 
 0.031739 	 0.011820 
 0.032606 	 0.012132 
 0.033494 	 0.012452 
 0.034404 	 0.012779 
 0.035338 	 0.013114 
 0.036295 	 0.013457 
 0.037277 	 0.013807 
 0.038283 	 0.014166 
 0.039315 	 0.014533 
 0.040373 	 0.014908 
 0.041458 	 0.015292 
 0.042570 	 0.015685 
 0.043711 	 0.016087 
 0.044880 	 0.016498 
 0.046079 	 0.016919 
 0.047308 	 0.017349 
 0.048569 	 0.017789 
 0.049861 	 0.018238 
 0.051186 	 0.018698 
 0.052544 	 0.019168 
 0.053937 	 0.019649 
 0.055366 	 0.020140 
 0.056830 	 0.020642 
 0.058331 	 0.021156 
 0.059871 	 0.021680 
 0.061449 	 0.022217 
 0.063067 	 0.022764 
 0.064727 	 0.023324 
 0.066428 	 0.023896 
 0.068172 	 0.024480 
 0.069961 	 0.025077 
 0.071795 	 0.025687 
 0.073675 	 0.026309 
 0.075603 	 0.026945 
 0.077580 	 0.027593 
 0.079606 	 0.028256 
 0.081684 	 0.028932 
 0.083815 	 0.029622 
 0.085999 	 0.030327 
 0.088239 	 0.031045 
 0.090536 	 0.031779 
 0.092890 	 0.032527 
 0.095305 	 0.033290 
 0.097780 	 0.034068 
 0.100318 	 0.034861 
 0.102920 	 0.035670 
 0.105589 	 0.036494 
 0.108324 	 0.037334 
 0.111129 	 0.038190 
 0.114005 	 0.039063 
 0.116954 	 0.039951 
 0.119978 	 0.040856 
 0.123078 	 0.041777 
 0.126256 	 0.042715 
 0.129515 	 0.043670 
 0.132857 	 0.044641 
 0.136283 	 0.045629 
 0.139795 	 0.046634 
 0.143397 	 0.047656 
 0.147090 	 0.048696 
 0.150876 	 0.049752 
 0.154758 	 0.050825 
 0.158739 	 0.051915 
 0.162820 	 0.053022 
 0.167005 	 0.054146 
 0.171295 	 0.055286 
 0.175694 	 0.056444 
 0.180205 	 0.057618 
 0.184829 	 0.058808 
 0.189571 	 0.060014 
 0.194433 	 0.061236 
 0.199418 	 0.062474 
 0.204529 	 0.063727 
 0.209769 	 0.064996 
 0.215142 	 0.066279 
 0.220651 	 0.067576 
 0.226300 	 0.068887 
 0.232092 	 0.070211 
 0.238030 	 0.071548 
 0.244118 	 0.072897 
 0.250361 	 0.074257 
 0.256762 	 0.075629 
 0.263324 	 0.077010 
 0.270053 	 0.078400 
 0.276952 	 0.079799 
 0.284026 	 0.081205 
 0.291279 	 0.082618 
 0.298715 	 0.084036 
 0.306340 	 0.085457 
 0.314158 	 0.086882 
 0.322174 	 0.088309 
 0.330392 	 0.089735 
 0.338819 	 0.091161 
 0.347459 	 0.092583 
 0.356318 	 0.094001 
 0.365401 	 0.095413 
 0.374714 	 0.096816 
 0.384262 	 0.098210 
 0.394053 	 0.099592 
 0.404091 	 0.100959 
 0.414383 	 0.102310 
 0.424936 	 0.103642 
 0.435756 	 0.104952 
 0.446850 	 0.106239 
 0.458225 	 0.107499 
 0.469888 	 0.108729 
 0.481846 	 0.109927 
 0.494107 	 0.111090 
 0.506678 	 0.112213 
 0.519567 	 0.113295 
 0.532783 	 0.114330 
 0.546333 	 0.115317 
 0.560226 	 0.116250 
 0.574471 	 0.117126 
 0.589077 	 0.117942 
 0.604052 	 0.118692 
 0.619406 	 0.119373 
 0.635149 	 0.119980 
 0.651291 	 0.120508 
 0.667841 	 0.120953 
 0.684811 	 0.121311 
 0.702209 	 0.121576 
 0.720049 	 0.121742 
 0.738339 	 0.121806 
 0.757093 	 0.121761 
 0.776322 	 0.121603 
 0.796037 	 0.121326 
 0.816252 	 0.120924 
 0.836978 	 0.120392 
 0.858229 	 0.119724 
 0.880018 	 0.118915 
 0.902359 	 0.117958 
 0.925265 	 0.116849 
 0.948751 	 0.115581 
 0.972831 	 0.114148 
 0.997521 	 0.112546 
 1.022836 	 0.110769 
 1.048792 	 0.108810 
 1.075405 	 0.106665 
 1.102692 	 0.104329 
 1.130670 	 0.101796 
 1.159355 	 0.099062 
 1.188767 	 0.096122 
 1.218924 	 0.092972 
 1.249844 	 0.089608 
 1.281547 	 0.086027 
 1.314052 	 0.082224 
 1.347380 	 0.078199 
 1.381552 	 0.073947 
 1.416589 	 0.069468 
 1.452513 	 0.064760 
 1.489346 	 0.059824 
 1.527112 	 0.054659 
 1.565833 	 0.049265 
 1.605535 	 0.043646 
 1.646243 	 0.037804 
 1.687980 	 0.031742 
 1.730774 	 0.025465 
 1.774652 	 0.018978 
 1.819640 	 0.012289 
 1.865767 	 0.005405 
 1.913062 	 -0.001665 
 1.961554 	 -0.008911 
 2.011274 	 -0.016320 
 2.062252 	 -0.023879 
 2.114521 	 -0.031575 
 2.168113 	 -0.039391 
 2.223062 	 -0.047309 
 2.279402 	 -0.055310 
 2.337168 	 -0.063375 
 2.396397 	 -0.071480 
 2.457124 	 -0.079603 
 2.519390 	 -0.087716 
 2.583231 	 -0.095794 
 2.648688 	 -0.103807 
 2.715803 	 -0.111727 
 2.784617 	 -0.119519 
 2.855172 	 -0.127153 
 2.927514 	 -0.134592 
 3.001687 	 -0.141801 
 3.077738 	 -0.148744 
 3.155714 	 -0.155380 
 3.235664 	 -0.161672 
 3.317638 	 -0.167580 
 3.401687 	 -0.173062 
 3.487864 	 -0.178078 
 3.576223 	 -0.182586 
 3.666818 	 -0.186545 
 3.759707 	 -0.189913 
 3.854947 	 -0.192651 
 3.952598 	 -0.194719 
 4.052721 	 -0.196078 
 4.155379 	 -0.196691 
 4.260636 	 -0.196523 
 4.368557 	 -0.195541 
 4.479210 	 -0.193714 
 4.592665 	 -0.191015 
 4.708991 	 -0.187420 
 4.828263 	 -0.182908 
 4.950554 	 -0.177463 
 5.075940 	 -0.171073 
 5.204501 	 -0.163732 
 5.336316 	 -0.155437 
 5.471469 	 -0.146193 
 5.610042 	 -0.136010 
 5.752124 	 -0.124904 
 5.897802 	 -0.112897 
 6.047169 	 -0.100019 
 6.200316 	 -0.086307 
 6.357341 	 -0.071803 
 6.518340 	 -0.056557 
 6.683416 	 -0.040628 
 6.852670 	 -0.024080 
 7.026209 	 -0.006983 
 7.204141 	 0.010584 
 7.386577 	 0.028539 
 7.573632 	 0.046790 
 7.765422 	 0.065244 
 7.962068 	 0.083799 
 8.163691 	 0.102354 
 8.370419 	 0.120800 
 8.582380 	 0.139027 
 8.799706 	 0.156926 
 9.022535 	 0.174384 
 9.251004 	 0.191291 
 9.485257 	 0.207537 
 9.725440 	 0.223014 
 9.971704 	 0.237622 
 10.224201 	 0.251261 
 10.483091 	 0.263840 
 10.748534 	 0.275276 
 11.020698 	 0.285492 
 11.299751 	 0.294422 
 11.585868 	 0.302011 
 11.879228 	 0.308214 
 12.180015 	 0.312998 
 12.488417 	 0.316344 
 12.804625 	 0.318243 
 13.128838 	 0.318701 
 13.461259 	 0.317739 
 13.802095 	 0.315387 
 14.151560 	 0.311692 
 14.509871 	 0.306710 
 14.877253 	 0.300510 
 15.253935 	 0.293173 
 15.640153 	 0.284787 
 16.036148 	 0.275451 
 16.442168 	 0.265270 
 16.858466 	 0.254355 
 17.285303 	 0.242820 
 17.722945 	 0.230784 
 18.171667 	 0.218364 
 18.631747 	 0.205680 
 19.103475 	 0.192846 
 19.587144 	 0.179974 
 20.083058 	 0.167172 
 20.591526 	 0.154538 
 21.112866 	 0.142167 
 21.647403 	 0.130140 
 22.195473 	 0.118533 
 22.757416 	 0.107410 
 23.333586 	 0.096825 
 23.924341 	 0.086820 
 24.530051 	 0.077428 
 25.151095 	 0.068672 
 25.787861 	 0.060564 
 26.440747 	 0.053107 
 27.110160 	 0.046295 
 27.796520 	 0.040116 
 28.500255 	 0.034550 
 29.221805 	 0.029570 
 29.961621 	 0.025147 
 30.720166 	 0.021246 
 31.497914 	 0.017831 
 32.295350 	 0.014864 
 33.112973 	 0.012303 
 33.951295 	 0.010112 
 34.810839 	 0.008250 
 35.692142 	 0.006681 
 36.595756 	 0.005370 
 37.522244 	 0.004282 
 38.472187 	 0.003387 
 39.446178 	 0.002658 
 40.444826 	 0.002068 
 41.468754 	 0.001595 
 42.518603 	 0.001220 
 43.595030 	 0.000924 
 44.698706 	 0.000694 
 45.830322 	 0.000516 
 46.990584 	 0.000381 
 48.180220 	 0.000278 
 49.399970 	 0.000200 
 50.650599 	 0.000143 
 51.932888 	 0.000101 
 53.247638 	 0.000071 
 54.595671 	 0.000049 
 55.977830 	 0.000034 
 57.394978 	 0.000023 
 58.848002 	 0.000015 
 60.337809 	 0.000010 
 61.865330 	 0.000007 
 63.431522 	 0.000004 
 65.037361 	 0.000003 
 66.683852 	 0.000002 
 68.372025 	 0.000001 
 70.102934 	 0.000001 
 71.877661 	 0.000000 
 73.697315 	 0.000000 
 75.563034 	 0.000000 
 77.475984 	 0.000000 
 79.437361 	 0.000000 
