 0.000000 	 0.000000 
 0.000063 	 -0.000000 
 0.000127 	 -0.000015 
 0.000193 	 -0.000025 
 0.000261 	 -0.000035 
 0.000330 	 -0.000046 
 0.000401 	 -0.000057 
 0.000474 	 -0.000068 
 0.000549 	 -0.000080 
 0.000625 	 -0.000092 
 0.000704 	 -0.000104 
 0.000785 	 -0.000116 
 0.000867 	 -0.000129 
 0.000952 	 -0.000142 
 0.001039 	 -0.000156 
 0.001128 	 -0.000169 
 0.001219 	 -0.000183 
 0.001313 	 -0.000198 
 0.001409 	 -0.000213 
 0.001507 	 -0.000228 
 0.001608 	 -0.000243 
 0.001711 	 -0.000259 
 0.001818 	 -0.000276 
 0.001926 	 -0.000292 
 0.002038 	 -0.000309 
 0.002152 	 -0.000327 
 0.002269 	 -0.000345 
 0.002390 	 -0.000364 
 0.002513 	 -0.000382 
 0.002639 	 -0.000402 
 0.002769 	 -0.000422 
 0.002902 	 -0.000442 
 0.003038 	 -0.000463 
 0.003177 	 -0.000485 
 0.003321 	 -0.000507 
 0.003467 	 -0.000529 
 0.003618 	 -0.000552 
 0.003772 	 -0.000576 
 0.003931 	 -0.000600 
 0.004093 	 -0.000625 
 0.004259 	 -0.000650 
 0.004430 	 -0.000677 
 0.004605 	 -0.000703 
 0.004784 	 -0.000731 
 0.004968 	 -0.000759 
 0.005156 	 -0.000788 
 0.005350 	 -0.000817 
 0.005548 	 -0.000848 
 0.005751 	 -0.000879 
 0.005959 	 -0.000911 
 0.006173 	 -0.000943 
 0.006392 	 -0.000977 
 0.006617 	 -0.001011 
 0.006847 	 -0.001046 
 0.007083 	 -0.001082 
 0.007325 	 -0.001119 
 0.007573 	 -0.001157 
 0.007828 	 -0.001195 
 0.008088 	 -0.001235 
 0.008356 	 -0.001276 
 0.008630 	 -0.001317 
 0.008911 	 -0.001360 
 0.009200 	 -0.001404 
 0.009495 	 -0.001449 
 0.009799 	 -0.001494 
 0.010109 	 -0.001542 
 0.010428 	 -0.001590 
 0.010755 	 -0.001639 
 0.011090 	 -0.001690 
 0.011433 	 -0.001742 
 0.011785 	 -0.001795 
 0.012147 	 -0.001849 
 0.012517 	 -0.001905 
 0.012896 	 -0.001962 
 0.013286 	 -0.002021 
 0.013685 	 -0.002081 
 0.014094 	 -0.002142 
 0.014513 	 -0.002205 
 0.014944 	 -0.002270 
 0.015385 	 -0.002336 
 0.015837 	 -0.002404 
 0.016301 	 -0.002473 
 0.016776 	 -0.002544 
 0.017263 	 -0.002617 
 0.017763 	 -0.002692 
 0.018276 	 -0.002768 
 0.018801 	 -0.002846 
 0.019340 	 -0.002926 
 0.019892 	 -0.003008 
 0.020458 	 -0.003092 
 0.021039 	 -0.003178 
 0.021634 	 -0.003266 
 0.022245 	 -0.003357 
 0.022871 	 -0.003449 
 0.023512 	 -0.003544 
 0.024170 	 -0.003641 
 0.024845 	 -0.003740 
 0.025537 	 -0.003841 
 0.026246 	 -0.003945 
 0.026973 	 -0.004052 
 0.027719 	 -0.004161 
 0.028483 	 -0.004272 
 0.029267 	 -0.004387 
 0.030071 	 -0.004504 
 0.030895 	 -0.004623 
 0.031739 	 -0.004746 
 0.032606 	 -0.004871 
 0.033494 	 -0.004999 
 0.034404 	 -0.005131 
 0.035338 	 -0.005265 
 0.036295 	 -0.005403 
 0.037277 	 -0.005543 
 0.038283 	 -0.005687 
 0.039315 	 -0.005835 
 0.040373 	 -0.005986 
 0.041458 	 -0.006140 
 0.042570 	 -0.006298 
 0.043711 	 -0.006459 
 0.044880 	 -0.006624 
 0.046079 	 -0.006793 
 0.047308 	 -0.006965 
 0.048569 	 -0.007142 
 0.049861 	 -0.007322 
 0.051186 	 -0.007507 
 0.052544 	 -0.007696 
 0.053937 	 -0.007889 
 0.055366 	 -0.008086 
 0.056830 	 -0.008288 
 0.058331 	 -0.008494 
 0.059871 	 -0.008704 
 0.061449 	 -0.008920 
 0.063067 	 -0.009139 
 0.064727 	 -0.009364 
 0.066428 	 -0.009594 
 0.068172 	 -0.009828 
 0.069961 	 -0.010068 
 0.071795 	 -0.010312 
 0.073675 	 -0.010562 
 0.075603 	 -0.010817 
 0.077580 	 -0.011078 
 0.079606 	 -0.011344 
 0.081684 	 -0.011615 
 0.083815 	 -0.011892 
 0.085999 	 -0.012175 
 0.088239 	 -0.012463 
 0.090536 	 -0.012758 
 0.092890 	 -0.013058 
 0.095305 	 -0.013364 
 0.097780 	 -0.013676 
 0.100318 	 -0.013995 
 0.102920 	 -0.014319 
 0.105589 	 -0.014650 
 0.108324 	 -0.014987 
 0.111129 	 -0.015331 
 0.114005 	 -0.015681 
 0.116954 	 -0.016037 
 0.119978 	 -0.016400 
 0.123078 	 -0.016770 
 0.126256 	 -0.017146 
 0.129515 	 -0.017529 
 0.132857 	 -0.017919 
 0.136283 	 -0.018315 
 0.139795 	 -0.018718 
 0.143397 	 -0.019128 
 0.147090 	 -0.019545 
 0.150876 	 -0.019969 
 0.154758 	 -0.020399 
 0.158739 	 -0.020836 
 0.162820 	 -0.021280 
 0.167005 	 -0.021731 
 0.171295 	 -0.022188 
 0.175694 	 -0.022652 
 0.180205 	 -0.023122 
 0.184829 	 -0.023599 
 0.189571 	 -0.024083 
 0.194433 	 -0.024573 
 0.199418 	 -0.025069 
 0.204529 	 -0.025571 
 0.209769 	 -0.026079 
 0.215142 	 -0.026592 
 0.220651 	 -0.027112 
 0.226300 	 -0.027637 
 0.232092 	 -0.028167 
 0.238030 	 -0.028702 
 0.244118 	 -0.029242 
 0.250361 	 -0.029786 
 0.256762 	 -0.030334 
 0.263324 	 -0.030887 
 0.270053 	 -0.031442 
 0.276952 	 -0.032001 
 0.284026 	 -0.032563 
 0.291279 	 -0.033127 
 0.298715 	 -0.033693 
 0.306340 	 -0.034261 
 0.314158 	 -0.034829 
 0.322174 	 -0.035398 
 0.330392 	 -0.035967 
 0.338819 	 -0.036534 
 0.347459 	 -0.037101 
 0.356318 	 -0.037665 
 0.365401 	 -0.038226 
 0.374714 	 -0.038784 
 0.384262 	 -0.039337 
 0.394053 	 -0.039885 
 0.404091 	 -0.040427 
 0.414383 	 -0.040962 
 0.424936 	 -0.041488 
 0.435756 	 -0.042006 
 0.446850 	 -0.042513 
 0.458225 	 -0.043009 
 0.469888 	 -0.043493 
 0.481846 	 -0.043962 
 0.494107 	 -0.044417 
 0.506678 	 -0.044855 
 0.519567 	 -0.045276 
 0.532783 	 -0.045677 
 0.546333 	 -0.046058 
 0.560226 	 -0.046417 
 0.574471 	 -0.046751 
 0.589077 	 -0.047060 
 0.604052 	 -0.047342 
 0.619406 	 -0.047594 
 0.635149 	 -0.047816 
 0.651291 	 -0.048005 
 0.667841 	 -0.048159 
 0.684811 	 -0.048277 
 0.702209 	 -0.048355 
 0.720049 	 -0.048393 
 0.738339 	 -0.048388 
 0.757093 	 -0.048337 
 0.776322 	 -0.048239 
 0.796037 	 -0.048092 
 0.816252 	 -0.047892 
 0.836978 	 -0.047638 
 0.858229 	 -0.047328 
 0.880018 	 -0.046958 
 0.902359 	 -0.046527 
 0.925265 	 -0.046033 
 0.948751 	 -0.045472 
 0.972831 	 -0.044843 
 0.997521 	 -0.044144 
 1.022836 	 -0.043371 
 1.048792 	 -0.042523 
 1.075405 	 -0.041598 
 1.102692 	 -0.040593 
 1.130670 	 -0.039507 
 1.159355 	 -0.038338 
 1.188767 	 -0.037083 
 1.218924 	 -0.035741 
 1.249844 	 -0.034311 
 1.281547 	 -0.032791 
 1.314052 	 -0.031180 
 1.347380 	 -0.029477 
 1.381552 	 -0.027681 
 1.416589 	 -0.025793 
 1.452513 	 -0.023811 
 1.489346 	 -0.021735 
 1.527112 	 -0.019567 
 1.565833 	 -0.017307 
 1.605535 	 -0.014956 
 1.646243 	 -0.012516 
 1.687980 	 -0.009988 
 1.730774 	 -0.007375 
 1.774652 	 -0.004681 
 1.819640 	 -0.001907 
 1.865767 	 0.000940 
 1.913062 	 0.003858 
 1.961554 	 0.006840 
 2.011274 	 0.009881 
 2.062252 	 0.012975 
 2.114521 	 0.016114 
 2.168113 	 0.019290 
 2.223062 	 0.022496 
 2.279402 	 0.025721 
 2.337168 	 0.028955 
 2.396397 	 0.032188 
 2.457124 	 0.035409 
 2.519390 	 0.038604 
 2.583231 	 0.041761 
 2.648688 	 0.044865 
 2.715803 	 0.047903 
 2.784617 	 0.050859 
 2.855172 	 0.053717 
 2.927514 	 0.056460 
 3.001687 	 0.059071 
 3.077738 	 0.061533 
 3.155714 	 0.063827 
 3.235664 	 0.065934 
 3.317638 	 0.067836 
 3.401687 	 0.069514 
 3.487864 	 0.070948 
 3.576223 	 0.072119 
 3.666818 	 0.073008 
 3.759707 	 0.073598 
 3.854947 	 0.073869 
 3.952598 	 0.073805 
 4.052721 	 0.073390 
 4.155379 	 0.072607 
 4.260636 	 0.071444 
 4.368557 	 0.069887 
 4.479210 	 0.067927 
 4.592665 	 0.065555 
 4.708991 	 0.062765 
 4.828263 	 0.059553 
 4.950554 	 0.055919 
 5.075940 	 0.051866 
 5.204501 	 0.047400 
 5.336316 	 0.042529 
 5.471469 	 0.037269 
 5.610042 	 0.031636 
 5.752124 	 0.025652 
 5.897802 	 0.019344 
 6.047169 	 0.012744 
 6.200316 	 0.005887 
 6.357341 	 -0.001186 
 6.518340 	 -0.008430 
 6.683416 	 -0.015793 
 6.852670 	 -0.023221 
 7.026209 	 -0.030654 
 7.204141 	 -0.038028 
 7.386577 	 -0.045276 
 7.573632 	 -0.052325 
 7.765422 	 -0.059102 
 7.962068 	 -0.065529 
 8.163691 	 -0.071530 
 8.370419 	 -0.077023 
 8.582380 	 -0.081931 
 8.799706 	 -0.086175 
 9.022535 	 -0.089680 
 9.251004 	 -0.092373 
 9.485257 	 -0.094186 
 9.725440 	 -0.095057 
 9.971704 	 -0.094933 
 10.224201 	 -0.093768 
 10.483091 	 -0.091525 
 10.748534 	 -0.088182 
 11.020698 	 -0.083727 
 11.299751 	 -0.078164 
 11.585868 	 -0.071511 
 11.879228 	 -0.063804 
 12.180015 	 -0.055095 
 12.488417 	 -0.045454 
 12.804625 	 -0.034972 
 13.128838 	 -0.023754 
 13.461259 	 -0.011927 
 13.802095 	 0.000365 
 14.151560 	 0.012964 
 14.509871 	 0.025693 
 14.877253 	 0.038365 
 15.253935 	 0.050779 
 15.640153 	 0.062728 
 16.036148 	 0.073997 
 16.442168 	 0.084373 
 16.858466 	 0.093644 
 17.285303 	 0.101602 
 17.722945 	 0.108054 
 18.171667 	 0.112823 
 18.631747 	 0.115749 
 19.103475 	 0.116702 
 19.587144 	 0.115581 
 20.083058 	 0.112320 
 20.591526 	 0.106890 
 21.112866 	 0.099306 
 21.647403 	 0.089629 
 22.195473 	 0.077965 
 22.757416 	 0.064467 
 23.333586 	 0.049338 
 23.924341 	 0.032825 
 24.530051 	 0.015220 
 25.151095 	 -0.003148 
 25.787861 	 -0.021915 
 26.440747 	 -0.040689 
 27.110160 	 -0.059060 
 27.796520 	 -0.076607 
 28.500255 	 -0.092910 
 29.221805 	 -0.107555 
 29.961621 	 -0.120154 
 30.720166 	 -0.130349 
 31.497914 	 -0.137824 
 32.295350 	 -0.142317 
 33.112973 	 -0.143630 
 33.951295 	 -0.141632 
 34.810839 	 -0.136273 
 35.692142 	 -0.127580 
 36.595756 	 -0.115667 
 37.522244 	 -0.100726 
 38.472187 	 -0.083035 
 39.446178 	 -0.062941 
 40.444826 	 -0.040861 
 41.468754 	 -0.017266 
 42.518603 	 0.007327 
 43.595030 	 0.032374 
 44.698706 	 0.057315 
 45.830322 	 0.081591 
 46.990584 	 0.104662 
 48.180220 	 0.126020 
 49.399970 	 0.145207 
 50.650599 	 0.161825 
 51.932888 	 0.175546 
 53.247638 	 0.186125 
 54.595671 	 0.193398 
 55.977830 	 0.197292 
 57.394978 	 0.197815 
 58.848002 	 0.195060 
 60.337809 	 0.189191 
 61.865330 	 0.180433 
 63.431522 	 0.169067 
 65.037361 	 0.155403 
 66.683852 	 0.139776 
 68.372025 	 0.122523 
 70.102934 	 0.103968 
 71.877661 	 0.084405 
 73.697315 	 0.064082 
 75.563034 	 0.043184 
 77.475984 	 0.021819 
 79.437361 	 0.000000 
