 0.000000 	 0.000000 
 0.000063 	 0.000000 
 0.000127 	 0.000017 
 0.000193 	 0.000029 
 0.000261 	 0.000041 
 0.000330 	 0.000054 
 0.000401 	 0.000066 
 0.000474 	 0.000079 
 0.000549 	 0.000093 
 0.000625 	 0.000106 
 0.000704 	 0.000121 
 0.000785 	 0.000135 
 0.000867 	 0.000150 
 0.000952 	 0.000165 
 0.001039 	 0.000180 
 0.001128 	 0.000196 
 0.001219 	 0.000213 
 0.001313 	 0.000229 
 0.001409 	 0.000247 
 0.001507 	 0.000264 
 0.001608 	 0.000282 
 0.001711 	 0.000301 
 0.001818 	 0.000320 
 0.001926 	 0.000339 
 0.002038 	 0.000359 
 0.002152 	 0.000379 
 0.002269 	 0.000400 
 0.002390 	 0.000422 
 0.002513 	 0.000444 
 0.002639 	 0.000466 
 0.002769 	 0.000489 
 0.002902 	 0.000513 
 0.003038 	 0.000537 
 0.003177 	 0.000562 
 0.003321 	 0.000588 
 0.003467 	 0.000614 
 0.003618 	 0.000641 
 0.003772 	 0.000668 
 0.003931 	 0.000696 
 0.004093 	 0.000725 
 0.004259 	 0.000755 
 0.004430 	 0.000785 
 0.004605 	 0.000816 
 0.004784 	 0.000848 
 0.004968 	 0.000881 
 0.005156 	 0.000914 
 0.005350 	 0.000948 
 0.005548 	 0.000984 
 0.005751 	 0.001020 
 0.005959 	 0.001057 
 0.006173 	 0.001094 
 0.006392 	 0.001133 
 0.006617 	 0.001173 
 0.006847 	 0.001214 
 0.007083 	 0.001255 
 0.007325 	 0.001298 
 0.007573 	 0.001342 
 0.007828 	 0.001387 
 0.008088 	 0.001433 
 0.008356 	 0.001480 
 0.008630 	 0.001528 
 0.008911 	 0.001578 
 0.009200 	 0.001629 
 0.009495 	 0.001681 
 0.009799 	 0.001734 
 0.010109 	 0.001789 
 0.010428 	 0.001845 
 0.010755 	 0.001902 
 0.011090 	 0.001961 
 0.011433 	 0.002021 
 0.011785 	 0.002083 
 0.012147 	 0.002146 
 0.012517 	 0.002211 
 0.012896 	 0.002277 
 0.013286 	 0.002345 
 0.013685 	 0.002415 
 0.014094 	 0.002486 
 0.014513 	 0.002559 
 0.014944 	 0.002634 
 0.015385 	 0.002711 
 0.015837 	 0.002789 
 0.016301 	 0.002870 
 0.016776 	 0.002952 
 0.017263 	 0.003037 
 0.017763 	 0.003123 
 0.018276 	 0.003212 
 0.018801 	 0.003303 
 0.019340 	 0.003395 
 0.019892 	 0.003491 
 0.020458 	 0.003588 
 0.021039 	 0.003688 
 0.021634 	 0.003790 
 0.022245 	 0.003895 
 0.022871 	 0.004002 
 0.023512 	 0.004112 
 0.024170 	 0.004224 
 0.024845 	 0.004340 
 0.025537 	 0.004457 
 0.026246 	 0.004578 
 0.026973 	 0.004702 
 0.027719 	 0.004828 
 0.028483 	 0.004958 
 0.029267 	 0.005090 
 0.030071 	 0.005226 
 0.030895 	 0.005365 
 0.031739 	 0.005507 
 0.032606 	 0.005652 
 0.033494 	 0.005801 
 0.034404 	 0.005954 
 0.035338 	 0.006110 
 0.036295 	 0.006269 
 0.037277 	 0.006433 
 0.038283 	 0.006600 
 0.039315 	 0.006771 
 0.040373 	 0.006946 
 0.041458 	 0.007125 
 0.042570 	 0.007308 
 0.043711 	 0.007495 
 0.044880 	 0.007686 
 0.046079 	 0.007882 
 0.047308 	 0.008083 
 0.048569 	 0.008287 
 0.049861 	 0.008497 
 0.051186 	 0.008711 
 0.052544 	 0.008930 
 0.053937 	 0.009154 
 0.055366 	 0.009383 
 0.056830 	 0.009617 
 0.058331 	 0.009856 
 0.059871 	 0.010100 
 0.061449 	 0.010350 
 0.063067 	 0.010605 
 0.064727 	 0.010866 
 0.066428 	 0.011133 
 0.068172 	 0.011405 
 0.069961 	 0.011683 
 0.071795 	 0.011967 
 0.073675 	 0.012257 
 0.075603 	 0.012553 
 0.077580 	 0.012855 
 0.079606 	 0.013163 
 0.081684 	 0.013478 
 0.083815 	 0.013800 
 0.085999 	 0.014128 
 0.088239 	 0.014463 
 0.090536 	 0.014804 
 0.092890 	 0.015153 
 0.095305 	 0.015508 
 0.097780 	 0.015870 
 0.100318 	 0.016240 
 0.102920 	 0.016616 
 0.105589 	 0.017000 
 0.108324 	 0.017392 
 0.111129 	 0.017790 
 0.114005 	 0.018196 
 0.116954 	 0.018610 
 0.119978 	 0.019031 
 0.123078 	 0.019460 
 0.126256 	 0.019897 
 0.129515 	 0.020341 
 0.132857 	 0.020794 
 0.136283 	 0.021254 
 0.139795 	 0.021722 
 0.143397 	 0.022198 
 0.147090 	 0.022681 
 0.150876 	 0.023173 
 0.154758 	 0.023672 
 0.158739 	 0.024180 
 0.162820 	 0.024695 
 0.167005 	 0.025218 
 0.171295 	 0.025749 
 0.175694 	 0.026287 
 0.180205 	 0.026833 
 0.184829 	 0.027387 
 0.189571 	 0.027948 
 0.194433 	 0.028516 
 0.199418 	 0.029092 
 0.204529 	 0.029675 
 0.209769 	 0.030265 
 0.215142 	 0.030861 
 0.220651 	 0.031464 
 0.226300 	 0.032073 
 0.232092 	 0.032689 
 0.238030 	 0.033310 
 0.244118 	 0.033936 
 0.250361 	 0.034568 
 0.256762 	 0.035205 
 0.263324 	 0.035846 
 0.270053 	 0.036492 
 0.276952 	 0.037141 
 0.284026 	 0.037793 
 0.291279 	 0.038449 
 0.298715 	 0.039106 
 0.306340 	 0.039765 
 0.314158 	 0.040425 
 0.322174 	 0.041086 
 0.330392 	 0.041747 
 0.338819 	 0.042406 
 0.347459 	 0.043064 
 0.356318 	 0.043720 
 0.365401 	 0.044372 
 0.374714 	 0.045020 
 0.384262 	 0.045664 
 0.394053 	 0.046301 
 0.404091 	 0.046931 
 0.414383 	 0.047553 
 0.424936 	 0.048165 
 0.435756 	 0.048767 
 0.446850 	 0.049358 
 0.458225 	 0.049935 
 0.469888 	 0.050498 
 0.481846 	 0.051045 
 0.494107 	 0.051575 
 0.506678 	 0.052086 
 0.519567 	 0.052576 
 0.532783 	 0.053045 
 0.546333 	 0.053489 
 0.560226 	 0.053908 
 0.574471 	 0.054299 
 0.589077 	 0.054661 
 0.604052 	 0.054992 
 0.619406 	 0.055288 
 0.635149 	 0.055550 
 0.651291 	 0.055773 
 0.667841 	 0.055956 
 0.684811 	 0.056097 
 0.702209 	 0.056194 
 0.720049 	 0.056243 
 0.738339 	 0.056242 
 0.757093 	 0.056189 
 0.776322 	 0.056082 
 0.796037 	 0.055917 
 0.816252 	 0.055693 
 0.836978 	 0.055405 
 0.858229 	 0.055053 
 0.880018 	 0.054632 
 0.902359 	 0.054140 
 0.925265 	 0.053575 
 0.948751 	 0.052934 
 0.972831 	 0.052214 
 0.997521 	 0.051412 
 1.022836 	 0.050526 
 1.048792 	 0.049553 
 1.075405 	 0.048491 
 1.102692 	 0.047337 
 1.130670 	 0.046089 
 1.159355 	 0.044745 
 1.188767 	 0.043302 
 1.218924 	 0.041759 
 1.249844 	 0.040114 
 1.281547 	 0.038364 
 1.314052 	 0.036510 
 1.347380 	 0.034549 
 1.381552 	 0.032482 
 1.416589 	 0.030306 
 1.452513 	 0.028022 
 1.489346 	 0.025631 
 1.527112 	 0.023131 
 1.565833 	 0.020525 
 1.605535 	 0.017814 
 1.646243 	 0.014998 
 1.687980 	 0.012082 
 1.730774 	 0.009066 
 1.774652 	 0.005954 
 1.819640 	 0.002751 
 1.865767 	 -0.000539 
 1.913062 	 -0.003911 
 1.961554 	 -0.007360 
 2.011274 	 -0.010878 
 2.062252 	 -0.014459 
 2.114521 	 -0.018094 
 2.168113 	 -0.021774 
 2.223062 	 -0.025491 
 2.279402 	 -0.029232 
 2.337168 	 -0.032988 
 2.396397 	 -0.036746 
 2.457124 	 -0.040493 
 2.519390 	 -0.044214 
 2.583231 	 -0.047895 
 2.648688 	 -0.051521 
 2.715803 	 -0.055075 
 2.784617 	 -0.058539 
 2.855172 	 -0.061896 
 2.927514 	 -0.065126 
 3.001687 	 -0.068211 
 3.077738 	 -0.071130 
 3.155714 	 -0.073862 
 3.235664 	 -0.076386 
 3.317638 	 -0.078682 
 3.401687 	 -0.080726 
 3.487864 	 -0.082498 
 3.576223 	 -0.083976 
 3.666818 	 -0.085137 
 3.759707 	 -0.085961 
 3.854947 	 -0.086427 
 3.952598 	 -0.086515 
 4.052721 	 -0.086207 
 4.155379 	 -0.085483 
 4.260636 	 -0.084329 
 4.368557 	 -0.082729 
 4.479210 	 -0.080670 
 4.592665 	 -0.078142 
 4.708991 	 -0.075138 
 4.828263 	 -0.071651 
 4.950554 	 -0.067680 
 5.075940 	 -0.063226 
 5.204501 	 -0.058293 
 5.336316 	 -0.052892 
 5.471469 	 -0.047034 
 5.610042 	 -0.040738 
 5.752124 	 -0.034025 
 5.897802 	 -0.026923 
 6.047169 	 -0.019464 
 6.200316 	 -0.011685 
 6.357341 	 -0.003628 
 6.518340 	 0.004658 
 6.683416 	 0.013120 
 6.852670 	 0.021700 
 7.026209 	 0.030335 
 7.204141 	 0.038957 
 7.386577 	 0.047492 
 7.573632 	 0.055865 
 7.765422 	 0.063995 
 7.962068 	 0.071799 
 8.163691 	 0.079192 
 8.370419 	 0.086088 
 8.582380 	 0.092397 
 8.799706 	 0.098035 
 9.022535 	 0.102915 
 9.251004 	 0.106955 
 9.485257 	 0.110076 
 9.725440 	 0.112205 
 9.971704 	 0.113274 
 10.224201 	 0.113226 
 10.483091 	 0.112009 
 10.748534 	 0.109587 
 11.020698 	 0.105933 
 11.299751 	 0.101034 
 11.585868 	 0.094891 
 11.879228 	 0.087524 
 12.180015 	 0.078967 
 12.488417 	 0.069271 
 12.804625 	 0.058509 
 13.128838 	 0.046768 
 13.461259 	 0.034157 
 13.802095 	 0.020801 
 14.151560 	 0.006844 
 14.509871 	 -0.007555 
 14.877253 	 -0.022219 
 15.253935 	 -0.036961 
 15.640153 	 -0.051579 
 16.036148 	 -0.065866 
 16.442168 	 -0.079607 
 16.858466 	 -0.092583 
 17.285303 	 -0.104578 
 17.722945 	 -0.115379 
 18.171667 	 -0.124782 
 18.631747 	 -0.132596 
 19.103475 	 -0.138646 
 19.587144 	 -0.142778 
 20.083058 	 -0.144860 
 20.591526 	 -0.144792 
 21.112866 	 -0.142503 
 21.647403 	 -0.137955 
 22.195473 	 -0.131149 
 22.757416 	 -0.122121 
 23.333586 	 -0.110949 
 23.924341 	 -0.097746 
 24.530051 	 -0.082665 
 25.151095 	 -0.065895 
 25.787861 	 -0.047658 
 26.440747 	 -0.028206 
 27.110160 	 -0.007818 
 27.796520 	 0.013210 
 28.500255 	 0.034564 
 29.221805 	 0.055922 
 29.961621 	 0.076962 
 30.720166 	 0.097365 
 31.497914 	 0.116825 
 32.295350 	 0.135055 
 33.112973 	 0.151793 
 33.951295 	 0.166807 
 34.810839 	 0.179902 
 35.692142 	 0.190921 
 36.595756 	 0.199754 
 37.522244 	 0.206331 
 38.472187 	 0.210632 
 39.446178 	 0.212679 
 40.444826 	 0.212540 
 41.468754 	 0.210322 
 42.518603 	 0.206167 
 43.595030 	 0.200250 
 44.698706 	 0.192771 
 45.830322 	 0.183950 
 46.990584 	 0.174020 
 48.180220 	 0.163219 
 49.399970 	 0.151786 
 50.650599 	 0.139953 
 51.932888 	 0.127942 
 53.247638 	 0.115954 
 54.595671 	 0.104175 
 55.977830 	 0.092762 
 57.394978 	 0.081849 
 58.848002 	 0.071542 
 60.337809 	 0.061920 
 61.865330 	 0.053034 
 63.431522 	 0.044912 
 65.037361 	 0.037554 
 66.683852 	 0.030941 
 68.372025 	 0.025034 
 70.102934 	 0.019775 
 71.877661 	 0.015089 
 73.697315 	 0.010887 
 75.563034 	 0.007060 
 77.475984 	 0.003481 
 79.437361 	 0.000000 
