 0.000000 	 0.000000 
 0.001000 	 0.001688 
 0.002000 	 0.053382 
 0.003000 	 0.080049 
 0.004000 	 0.106688 
 0.005000 	 0.133289 
 0.006000 	 0.159842 
 0.007000 	 0.186338 
 0.008000 	 0.212769 
 0.009000 	 0.239123 
 0.010000 	 0.265392 
 0.011000 	 0.291567 
 0.012000 	 0.317638 
 0.013000 	 0.343595 
 0.014000 	 0.369431 
 0.015000 	 0.395135 
 0.016000 	 0.420698 
 0.017000 	 0.446112 
 0.018000 	 0.471367 
 0.019000 	 0.496453 
 0.020000 	 0.521364 
 0.021000 	 0.546088 
 0.022000 	 0.570618 
 0.023000 	 0.594945 
 0.024000 	 0.619061 
 0.025000 	 0.642955 
 0.026000 	 0.666621 
 0.027000 	 0.690050 
 0.028000 	 0.713233 
 0.029000 	 0.736162 
 0.030000 	 0.758829 
 0.031000 	 0.781226 
 0.032000 	 0.803344 
 0.033000 	 0.825177 
 0.034000 	 0.846716 
 0.035000 	 0.867953 
 0.036000 	 0.888882 
 0.037000 	 0.909494 
 0.038000 	 0.929782 
 0.039000 	 0.949739 
 0.040000 	 0.969358 
 0.041000 	 0.988632 
 0.042000 	 1.007554 
 0.043000 	 1.026118 
 0.044000 	 1.044316 
 0.045000 	 1.062142 
 0.046000 	 1.079590 
 0.047000 	 1.096654 
 0.048000 	 1.113327 
 0.049000 	 1.129605 
 0.050000 	 1.145479 
 0.051000 	 1.160946 
 0.052000 	 1.176000 
 0.053000 	 1.190635 
 0.054000 	 1.204847 
 0.055000 	 1.218629 
 0.056000 	 1.231977 
 0.057000 	 1.244887 
 0.058000 	 1.257354 
 0.059000 	 1.269373 
 0.060000 	 1.280940 
 0.061000 	 1.292051 
 0.062000 	 1.302702 
 0.063000 	 1.312890 
 0.064000 	 1.322610 
 0.065000 	 1.331859 
 0.066000 	 1.340634 
 0.067000 	 1.348932 
 0.068000 	 1.356749 
 0.069000 	 1.364084 
 0.070000 	 1.370932 
 0.071000 	 1.377293 
 0.072000 	 1.383164 
 0.073000 	 1.388542 
 0.074000 	 1.393425 
 0.075000 	 1.397813 
 0.076000 	 1.401703 
 0.077000 	 1.405094 
 0.078000 	 1.407985 
 0.079000 	 1.410374 
 0.080000 	 1.412262 
 0.081000 	 1.413646 
 0.082000 	 1.414528 
 0.083000 	 1.414905 
 0.084000 	 1.414780 
 0.085000 	 1.414150 
 0.086000 	 1.413017 
 0.087000 	 1.411381 
 0.088000 	 1.409242 
 0.089000 	 1.406602 
 0.090000 	 1.403461 
 0.091000 	 1.399820 
 0.092000 	 1.395681 
 0.093000 	 1.391045 
 0.094000 	 1.385914 
 0.095000 	 1.380290 
 0.096000 	 1.374174 
 0.097000 	 1.367569 
 0.098000 	 1.360477 
 0.099000 	 1.352901 
 0.100000 	 1.344843 
 0.101000 	 1.336306 
 0.102000 	 1.327293 
 0.103000 	 1.317808 
 0.104000 	 1.307854 
 0.105000 	 1.297435 
 0.106000 	 1.286553 
 0.107000 	 1.275213 
 0.108000 	 1.263420 
 0.109000 	 1.251176 
 0.110000 	 1.238487 
 0.111000 	 1.225358 
 0.112000 	 1.211792 
 0.113000 	 1.197794 
 0.114000 	 1.183370 
 0.115000 	 1.168525 
 0.116000 	 1.153264 
 0.117000 	 1.137593 
 0.118000 	 1.121516 
 0.119000 	 1.105040 
 0.120000 	 1.088171 
 0.121000 	 1.070914 
 0.122000 	 1.053276 
 0.123000 	 1.035263 
 0.124000 	 1.016881 
 0.125000 	 0.998138 
 0.126000 	 0.979039 
 0.127000 	 0.959592 
 0.128000 	 0.939802 
 0.129000 	 0.919679 
 0.130000 	 0.899228 
 0.131000 	 0.878457 
 0.132000 	 0.857373 
 0.133000 	 0.835984 
 0.134000 	 0.814297 
 0.135000 	 0.792320 
 0.136000 	 0.770061 
 0.137000 	 0.747529 
 0.138000 	 0.724730 
 0.139000 	 0.701673 
 0.140000 	 0.678366 
 0.141000 	 0.654817 
 0.142000 	 0.631036 
 0.143000 	 0.607030 
 0.144000 	 0.582808 
 0.145000 	 0.558378 
 0.146000 	 0.533750 
 0.147000 	 0.508931 
 0.148000 	 0.483932 
 0.149000 	 0.458760 
 0.150000 	 0.433424 
 0.151000 	 0.407935 
 0.152000 	 0.382300 
 0.153000 	 0.356529 
 0.154000 	 0.330631 
 0.155000 	 0.304616 
 0.156000 	 0.278492 
 0.157000 	 0.252269 
 0.158000 	 0.225956 
 0.159000 	 0.199562 
 0.160000 	 0.173098 
 0.161000 	 0.146572 
 0.162000 	 0.119994 
 0.163000 	 0.093373 
 0.164000 	 0.066719 
 0.165000 	 0.040041 
 0.166000 	 0.013348 
 0.167000 	 -0.013348 
 0.168000 	 -0.040041 
 0.169000 	 -0.066719 
 0.170000 	 -0.093373 
 0.171000 	 -0.119994 
 0.172000 	 -0.146572 
 0.173000 	 -0.173098 
 0.174000 	 -0.199562 
 0.175000 	 -0.225956 
 0.176000 	 -0.252269 
 0.177000 	 -0.278492 
 0.178000 	 -0.304616 
 0.179000 	 -0.330631 
 0.180000 	 -0.356529 
 0.181000 	 -0.382300 
 0.182000 	 -0.407935 
 0.183000 	 -0.433424 
 0.184000 	 -0.458760 
 0.185000 	 -0.483932 
 0.186000 	 -0.508931 
 0.187000 	 -0.533750 
 0.188000 	 -0.558378 
 0.189000 	 -0.582808 
 0.190000 	 -0.607030 
 0.191000 	 -0.631036 
 0.192000 	 -0.654817 
 0.193000 	 -0.678366 
 0.194000 	 -0.701673 
 0.195000 	 -0.724730 
 0.196000 	 -0.747529 
 0.197000 	 -0.770061 
 0.198000 	 -0.792320 
 0.199000 	 -0.814297 
 0.200000 	 -0.835984 
 0.201000 	 -0.857373 
 0.202000 	 -0.878457 
 0.203000 	 -0.899228 
 0.204000 	 -0.919679 
 0.205000 	 -0.939802 
 0.206000 	 -0.959592 
 0.207000 	 -0.979039 
 0.208000 	 -0.998138 
 0.209000 	 -1.016881 
 0.210000 	 -1.035263 
 0.211000 	 -1.053276 
 0.212000 	 -1.070914 
 0.213000 	 -1.088171 
 0.214000 	 -1.105040 
 0.215000 	 -1.121516 
 0.216000 	 -1.137593 
 0.217000 	 -1.153264 
 0.218000 	 -1.168525 
 0.219000 	 -1.183370 
 0.220000 	 -1.197794 
 0.221000 	 -1.211792 
 0.222000 	 -1.225358 
 0.223000 	 -1.238487 
 0.224000 	 -1.251176 
 0.225000 	 -1.263420 
 0.226000 	 -1.275213 
 0.227000 	 -1.286553 
 0.228000 	 -1.297435 
 0.229000 	 -1.307854 
 0.230000 	 -1.317808 
 0.231000 	 -1.327293 
 0.232000 	 -1.336306 
 0.233000 	 -1.344843 
 0.234000 	 -1.352901 
 0.235000 	 -1.360477 
 0.236000 	 -1.367569 
 0.237000 	 -1.374174 
 0.238000 	 -1.380290 
 0.239000 	 -1.385914 
 0.240000 	 -1.391045 
 0.241000 	 -1.395681 
 0.242000 	 -1.399820 
 0.243000 	 -1.403461 
 0.244000 	 -1.406602 
 0.245000 	 -1.409242 
 0.246000 	 -1.411381 
 0.247000 	 -1.413017 
 0.248000 	 -1.414150 
 0.249000 	 -1.414780 
 0.250000 	 -1.414905 
 0.251000 	 -1.414528 
 0.252000 	 -1.413646 
 0.253000 	 -1.412262 
 0.254000 	 -1.410374 
 0.255000 	 -1.407985 
 0.256000 	 -1.405094 
 0.257000 	 -1.401703 
 0.258000 	 -1.397813 
 0.259000 	 -1.393425 
 0.260000 	 -1.388542 
 0.261000 	 -1.383164 
 0.262000 	 -1.377293 
 0.263000 	 -1.370932 
 0.264000 	 -1.364084 
 0.265000 	 -1.356749 
 0.266000 	 -1.348932 
 0.267000 	 -1.340634 
 0.268000 	 -1.331859 
 0.269000 	 -1.322610 
 0.270000 	 -1.312890 
 0.271000 	 -1.302702 
 0.272000 	 -1.292051 
 0.273000 	 -1.280940 
 0.274000 	 -1.269373 
 0.275000 	 -1.257354 
 0.276000 	 -1.244887 
 0.277000 	 -1.231977 
 0.278000 	 -1.218629 
 0.279000 	 -1.204847 
 0.280000 	 -1.190635 
 0.281000 	 -1.176000 
 0.282000 	 -1.160946 
 0.283000 	 -1.145479 
 0.284000 	 -1.129605 
 0.285000 	 -1.113327 
 0.286000 	 -1.096654 
 0.287000 	 -1.079590 
 0.288000 	 -1.062142 
 0.289000 	 -1.044316 
 0.290000 	 -1.026118 
 0.291000 	 -1.007554 
 0.292000 	 -0.988632 
 0.293000 	 -0.969358 
 0.294000 	 -0.949739 
 0.295000 	 -0.929782 
 0.296000 	 -0.909494 
 0.297000 	 -0.888882 
 0.298000 	 -0.867953 
 0.299000 	 -0.846716 
 0.300000 	 -0.825177 
 0.301000 	 -0.803344 
 0.302000 	 -0.781226 
 0.303000 	 -0.758829 
 0.304000 	 -0.736162 
 0.305000 	 -0.713233 
 0.306000 	 -0.690050 
 0.307000 	 -0.666621 
 0.308000 	 -0.642955 
 0.309000 	 -0.619061 
 0.310000 	 -0.594945 
 0.311000 	 -0.570618 
 0.312000 	 -0.546088 
 0.313000 	 -0.521364 
 0.314000 	 -0.496453 
 0.315000 	 -0.471367 
 0.316000 	 -0.446112 
 0.317000 	 -0.420698 
 0.318000 	 -0.395135 
 0.319000 	 -0.369431 
 0.320000 	 -0.343595 
 0.321000 	 -0.317638 
 0.322000 	 -0.291567 
 0.323000 	 -0.265392 
 0.324000 	 -0.239123 
 0.325000 	 -0.212769 
 0.326000 	 -0.186338 
 0.327000 	 -0.159842 
 0.328000 	 -0.133289 
 0.329000 	 -0.106688 
 0.330000 	 -0.080049 
 0.331000 	 -0.053382 
 0.332000 	 -0.026696 
 0.333000 	 -0.000000 
 0.334000 	 0.026696 
 0.335000 	 0.053382 
 0.336000 	 0.080049 
 0.337000 	 0.106688 
 0.338000 	 0.133289 
 0.339000 	 0.159842 
 0.340000 	 0.186338 
 0.341000 	 0.212769 
 0.342000 	 0.239123 
 0.343000 	 0.265392 
 0.344000 	 0.291567 
 0.345000 	 0.317638 
 0.346000 	 0.343595 
 0.347000 	 0.369431 
 0.348000 	 0.395135 
 0.349000 	 0.420698 
 0.350000 	 0.446112 
 0.351000 	 0.471367 
 0.352000 	 0.496453 
 0.353000 	 0.521364 
 0.354000 	 0.546088 
 0.355000 	 0.570618 
 0.356000 	 0.594945 
 0.357000 	 0.619061 
 0.358000 	 0.642955 
 0.359000 	 0.666621 
 0.360000 	 0.690050 
 0.361000 	 0.713233 
 0.362000 	 0.736162 
 0.363000 	 0.758829 
 0.364000 	 0.781226 
 0.365000 	 0.803344 
 0.366000 	 0.825177 
 0.367000 	 0.846716 
 0.368000 	 0.867953 
 0.369000 	 0.888882 
 0.370000 	 0.909494 
 0.371000 	 0.929782 
 0.372000 	 0.949739 
 0.373000 	 0.969358 
 0.374000 	 0.988632 
 0.375000 	 1.007554 
 0.376000 	 1.026118 
 0.377000 	 1.044316 
 0.378000 	 1.062142 
 0.379000 	 1.079590 
 0.380000 	 1.096654 
 0.381000 	 1.113327 
 0.382000 	 1.129605 
 0.383000 	 1.145479 
 0.384000 	 1.160946 
 0.385000 	 1.176000 
 0.386000 	 1.190635 
 0.387000 	 1.204847 
 0.388000 	 1.218629 
 0.389000 	 1.231977 
 0.390000 	 1.244887 
 0.391000 	 1.257354 
 0.392000 	 1.269373 
 0.393000 	 1.280940 
 0.394000 	 1.292051 
 0.395000 	 1.302702 
 0.396000 	 1.312890 
 0.397000 	 1.322610 
 0.398000 	 1.331859 
 0.399000 	 1.340634 
 0.400000 	 1.348932 
 0.401000 	 1.356749 
 0.402000 	 1.364084 
 0.403000 	 1.370932 
 0.404000 	 1.377293 
 0.405000 	 1.383164 
 0.406000 	 1.388542 
 0.407000 	 1.393425 
 0.408000 	 1.397813 
 0.409000 	 1.401703 
 0.410000 	 1.405094 
 0.411000 	 1.407985 
 0.412000 	 1.410374 
 0.413000 	 1.412262 
 0.414000 	 1.413646 
 0.415000 	 1.414528 
 0.416000 	 1.414905 
 0.417000 	 1.414780 
 0.418000 	 1.414150 
 0.419000 	 1.413017 
 0.420000 	 1.411381 
 0.421000 	 1.409242 
 0.422000 	 1.406602 
 0.423000 	 1.403461 
 0.424000 	 1.399820 
 0.425000 	 1.395681 
 0.426000 	 1.391045 
 0.427000 	 1.385914 
 0.428000 	 1.380290 
 0.429000 	 1.374174 
 0.430000 	 1.367569 
 0.431000 	 1.360477 
 0.432000 	 1.352901 
 0.433000 	 1.344843 
 0.434000 	 1.336306 
 0.435000 	 1.327293 
 0.436000 	 1.317808 
 0.437000 	 1.307854 
 0.438000 	 1.297435 
 0.439000 	 1.286553 
 0.440000 	 1.275213 
 0.441000 	 1.263420 
 0.442000 	 1.251176 
 0.443000 	 1.238487 
 0.444000 	 1.225358 
 0.445000 	 1.211792 
 0.446000 	 1.197794 
 0.447000 	 1.183370 
 0.448000 	 1.168525 
 0.449000 	 1.153264 
 0.450000 	 1.137593 
 0.451000 	 1.121516 
 0.452000 	 1.105040 
 0.453000 	 1.088171 
 0.454000 	 1.070914 
 0.455000 	 1.053276 
 0.456000 	 1.035263 
 0.457000 	 1.016881 
 0.458000 	 0.998138 
 0.459000 	 0.979039 
 0.460000 	 0.959592 
 0.461000 	 0.939802 
 0.462000 	 0.919679 
 0.463000 	 0.899228 
 0.464000 	 0.878457 
 0.465000 	 0.857373 
 0.466000 	 0.835984 
 0.467000 	 0.814297 
 0.468000 	 0.792320 
 0.469000 	 0.770061 
 0.470000 	 0.747529 
 0.471000 	 0.724730 
 0.472000 	 0.701673 
 0.473000 	 0.678366 
 0.474000 	 0.654817 
 0.475000 	 0.631036 
 0.476000 	 0.607030 
 0.477000 	 0.582808 
 0.478000 	 0.558378 
 0.479000 	 0.533750 
 0.480000 	 0.508931 
 0.481000 	 0.483932 
 0.482000 	 0.458760 
 0.483000 	 0.433424 
 0.484000 	 0.407935 
 0.485000 	 0.382300 
 0.486000 	 0.356529 
 0.487000 	 0.330631 
 0.488000 	 0.304616 
 0.489000 	 0.278492 
 0.490000 	 0.252269 
 0.491000 	 0.225956 
 0.492000 	 0.199562 
 0.493000 	 0.173098 
 0.494000 	 0.146572 
 0.495000 	 0.119994 
 0.496000 	 0.093373 
 0.497000 	 0.066719 
 0.498000 	 0.040041 
 0.499000 	 0.013348 
 0.500000 	 -0.013348 
 0.501000 	 -0.040041 
 0.502000 	 -0.066719 
 0.503000 	 -0.093373 
 0.504000 	 -0.119994 
 0.505000 	 -0.146572 
 0.506000 	 -0.173098 
 0.507000 	 -0.199562 
 0.508000 	 -0.225956 
 0.509000 	 -0.252269 
 0.510000 	 -0.278492 
 0.511000 	 -0.304616 
 0.512000 	 -0.330631 
 0.513000 	 -0.356529 
 0.514000 	 -0.382300 
 0.515000 	 -0.407935 
 0.516000 	 -0.433424 
 0.517000 	 -0.458760 
 0.518000 	 -0.483932 
 0.519000 	 -0.508931 
 0.520000 	 -0.533750 
 0.521000 	 -0.558378 
 0.522000 	 -0.582808 
 0.523000 	 -0.607030 
 0.524000 	 -0.631036 
 0.525000 	 -0.654817 
 0.526000 	 -0.678366 
 0.527000 	 -0.701673 
 0.528000 	 -0.724730 
 0.529000 	 -0.747529 
 0.530000 	 -0.770061 
 0.531000 	 -0.792320 
 0.532000 	 -0.814297 
 0.533000 	 -0.835984 
 0.534000 	 -0.857373 
 0.535000 	 -0.878457 
 0.536000 	 -0.899228 
 0.537000 	 -0.919679 
 0.538000 	 -0.939802 
 0.539000 	 -0.959592 
 0.540000 	 -0.979039 
 0.541000 	 -0.998138 
 0.542000 	 -1.016881 
 0.543000 	 -1.035263 
 0.544000 	 -1.053276 
 0.545000 	 -1.070914 
 0.546000 	 -1.088171 
 0.547000 	 -1.105040 
 0.548000 	 -1.121516 
 0.549000 	 -1.137593 
 0.550000 	 -1.153264 
 0.551000 	 -1.168525 
 0.552000 	 -1.183370 
 0.553000 	 -1.197794 
 0.554000 	 -1.211792 
 0.555000 	 -1.225358 
 0.556000 	 -1.238487 
 0.557000 	 -1.251176 
 0.558000 	 -1.263420 
 0.559000 	 -1.275213 
 0.560000 	 -1.286553 
 0.561000 	 -1.297435 
 0.562000 	 -1.307854 
 0.563000 	 -1.317808 
 0.564000 	 -1.327293 
 0.565000 	 -1.336306 
 0.566000 	 -1.344843 
 0.567000 	 -1.352901 
 0.568000 	 -1.360477 
 0.569000 	 -1.367569 
 0.570000 	 -1.374174 
 0.571000 	 -1.380290 
 0.572000 	 -1.385914 
 0.573000 	 -1.391045 
 0.574000 	 -1.395681 
 0.575000 	 -1.399820 
 0.576000 	 -1.403461 
 0.577000 	 -1.406602 
 0.578000 	 -1.409242 
 0.579000 	 -1.411381 
 0.580000 	 -1.413017 
 0.581000 	 -1.414150 
 0.582000 	 -1.414780 
 0.583000 	 -1.414905 
 0.584000 	 -1.414528 
 0.585000 	 -1.413646 
 0.586000 	 -1.412262 
 0.587000 	 -1.410374 
 0.588000 	 -1.407985 
 0.589000 	 -1.405094 
 0.590000 	 -1.401703 
 0.591000 	 -1.397813 
 0.592000 	 -1.393425 
 0.593000 	 -1.388542 
 0.594000 	 -1.383164 
 0.595000 	 -1.377293 
 0.596000 	 -1.370932 
 0.597000 	 -1.364084 
 0.598000 	 -1.356749 
 0.599000 	 -1.348932 
 0.600000 	 -1.340634 
 0.601000 	 -1.331859 
 0.602000 	 -1.322610 
 0.603000 	 -1.312890 
 0.604000 	 -1.302702 
 0.605000 	 -1.292051 
 0.606000 	 -1.280940 
 0.607000 	 -1.269373 
 0.608000 	 -1.257354 
 0.609000 	 -1.244887 
 0.610000 	 -1.231977 
 0.611000 	 -1.218629 
 0.612000 	 -1.204847 
 0.613000 	 -1.190635 
 0.614000 	 -1.176000 
 0.615000 	 -1.160946 
 0.616000 	 -1.145479 
 0.617000 	 -1.129605 
 0.618000 	 -1.113327 
 0.619000 	 -1.096654 
 0.620000 	 -1.079590 
 0.621000 	 -1.062142 
 0.622000 	 -1.044316 
 0.623000 	 -1.026118 
 0.624000 	 -1.007554 
 0.625000 	 -0.988632 
 0.626000 	 -0.969358 
 0.627000 	 -0.949739 
 0.628000 	 -0.929782 
 0.629000 	 -0.909494 
 0.630000 	 -0.888882 
 0.631000 	 -0.867953 
 0.632000 	 -0.846716 
 0.633000 	 -0.825177 
 0.634000 	 -0.803344 
 0.635000 	 -0.781226 
 0.636000 	 -0.758829 
 0.637000 	 -0.736162 
 0.638000 	 -0.713233 
 0.639000 	 -0.690050 
 0.640000 	 -0.666621 
 0.641000 	 -0.642955 
 0.642000 	 -0.619061 
 0.643000 	 -0.594945 
 0.644000 	 -0.570618 
 0.645000 	 -0.546088 
 0.646000 	 -0.521364 
 0.647000 	 -0.496453 
 0.648000 	 -0.471367 
 0.649000 	 -0.446112 
 0.650000 	 -0.420698 
 0.651000 	 -0.395135 
 0.652000 	 -0.369431 
 0.653000 	 -0.343595 
 0.654000 	 -0.317638 
 0.655000 	 -0.291567 
 0.656000 	 -0.265392 
 0.657000 	 -0.239123 
 0.658000 	 -0.212769 
 0.659000 	 -0.186338 
 0.660000 	 -0.159842 
 0.661000 	 -0.133289 
 0.662000 	 -0.106688 
 0.663000 	 -0.080049 
 0.664000 	 -0.053382 
 0.665000 	 -0.026696 
 0.666000 	 0.000000 
 0.667000 	 0.026696 
 0.668000 	 0.053382 
 0.669000 	 0.080049 
 0.670000 	 0.106688 
 0.671000 	 0.133289 
 0.672000 	 0.159842 
 0.673000 	 0.186338 
 0.674000 	 0.212769 
 0.675000 	 0.239123 
 0.676000 	 0.265392 
 0.677000 	 0.291567 
 0.678000 	 0.317638 
 0.679000 	 0.343595 
 0.680000 	 0.369431 
 0.681000 	 0.395135 
 0.682000 	 0.420698 
 0.683000 	 0.446112 
 0.684000 	 0.471367 
 0.685000 	 0.496453 
 0.686000 	 0.521364 
 0.687000 	 0.546088 
 0.688000 	 0.570618 
 0.689000 	 0.594945 
 0.690000 	 0.619061 
 0.691000 	 0.642955 
 0.692000 	 0.666621 
 0.693000 	 0.690050 
 0.694000 	 0.713233 
 0.695000 	 0.736162 
 0.696000 	 0.758829 
 0.697000 	 0.781226 
 0.698000 	 0.803344 
 0.699000 	 0.825177 
 0.700000 	 0.846716 
 0.701000 	 0.867953 
 0.702000 	 0.888882 
 0.703000 	 0.909494 
 0.704000 	 0.929782 
 0.705000 	 0.949739 
 0.706000 	 0.969358 
 0.707000 	 0.988632 
 0.708000 	 1.007554 
 0.709000 	 1.026118 
 0.710000 	 1.044316 
 0.711000 	 1.062142 
 0.712000 	 1.079590 
 0.713000 	 1.096654 
 0.714000 	 1.113327 
 0.715000 	 1.129605 
 0.716000 	 1.145479 
 0.717000 	 1.160946 
 0.718000 	 1.176000 
 0.719000 	 1.190635 
 0.720000 	 1.204847 
 0.721000 	 1.218629 
 0.722000 	 1.231977 
 0.723000 	 1.244887 
 0.724000 	 1.257354 
 0.725000 	 1.269373 
 0.726000 	 1.280940 
 0.727000 	 1.292051 
 0.728000 	 1.302702 
 0.729000 	 1.312890 
 0.730000 	 1.322610 
 0.731000 	 1.331859 
 0.732000 	 1.340634 
 0.733000 	 1.348932 
 0.734000 	 1.356749 
 0.735000 	 1.364084 
 0.736000 	 1.370932 
 0.737000 	 1.377293 
 0.738000 	 1.383164 
 0.739000 	 1.388542 
 0.740000 	 1.393425 
 0.741000 	 1.397813 
 0.742000 	 1.401703 
 0.743000 	 1.405094 
 0.744000 	 1.407985 
 0.745000 	 1.410374 
 0.746000 	 1.412262 
 0.747000 	 1.413646 
 0.748000 	 1.414528 
 0.749000 	 1.414905 
 0.750000 	 1.414780 
 0.751000 	 1.414150 
 0.752000 	 1.413017 
 0.753000 	 1.411381 
 0.754000 	 1.409242 
 0.755000 	 1.406602 
 0.756000 	 1.403461 
 0.757000 	 1.399820 
 0.758000 	 1.395681 
 0.759000 	 1.391045 
 0.760000 	 1.385914 
 0.761000 	 1.380290 
 0.762000 	 1.374174 
 0.763000 	 1.367569 
 0.764000 	 1.360477 
 0.765000 	 1.352901 
 0.766000 	 1.344843 
 0.767000 	 1.336306 
 0.768000 	 1.327293 
 0.769000 	 1.317808 
 0.770000 	 1.307854 
 0.771000 	 1.297435 
 0.772000 	 1.286553 
 0.773000 	 1.275213 
 0.774000 	 1.263420 
 0.775000 	 1.251176 
 0.776000 	 1.238487 
 0.777000 	 1.225358 
 0.778000 	 1.211792 
 0.779000 	 1.197794 
 0.780000 	 1.183370 
 0.781000 	 1.168525 
 0.782000 	 1.153264 
 0.783000 	 1.137593 
 0.784000 	 1.121516 
 0.785000 	 1.105040 
 0.786000 	 1.088171 
 0.787000 	 1.070914 
 0.788000 	 1.053276 
 0.789000 	 1.035263 
 0.790000 	 1.016881 
 0.791000 	 0.998138 
 0.792000 	 0.979039 
 0.793000 	 0.959592 
 0.794000 	 0.939802 
 0.795000 	 0.919679 
 0.796000 	 0.899228 
 0.797000 	 0.878457 
 0.798000 	 0.857373 
 0.799000 	 0.835984 
 0.800000 	 0.814297 
 0.801000 	 0.792320 
 0.802000 	 0.770061 
 0.803000 	 0.747529 
 0.804000 	 0.724730 
 0.805000 	 0.701673 
 0.806000 	 0.678366 
 0.807000 	 0.654817 
 0.808000 	 0.631036 
 0.809000 	 0.607030 
 0.810000 	 0.582808 
 0.811000 	 0.558378 
 0.812000 	 0.533750 
 0.813000 	 0.508931 
 0.814000 	 0.483932 
 0.815000 	 0.458760 
 0.816000 	 0.433424 
 0.817000 	 0.407935 
 0.818000 	 0.382300 
 0.819000 	 0.356529 
 0.820000 	 0.330631 
 0.821000 	 0.304616 
 0.822000 	 0.278492 
 0.823000 	 0.252269 
 0.824000 	 0.225956 
 0.825000 	 0.199562 
 0.826000 	 0.173098 
 0.827000 	 0.146572 
 0.828000 	 0.119994 
 0.829000 	 0.093373 
 0.830000 	 0.066719 
 0.831000 	 0.040041 
 0.832000 	 0.013348 
 0.833000 	 -0.013348 
 0.834000 	 -0.040041 
 0.835000 	 -0.066719 
 0.836000 	 -0.093373 
 0.837000 	 -0.119994 
 0.838000 	 -0.146572 
 0.839000 	 -0.173098 
 0.840000 	 -0.199562 
 0.841000 	 -0.225956 
 0.842000 	 -0.252269 
 0.843000 	 -0.278492 
 0.844000 	 -0.304616 
 0.845000 	 -0.330631 
 0.846000 	 -0.356529 
 0.847000 	 -0.382300 
 0.848000 	 -0.407935 
 0.849000 	 -0.433424 
 0.850000 	 -0.458760 
 0.851000 	 -0.483932 
 0.852000 	 -0.508931 
 0.853000 	 -0.533750 
 0.854000 	 -0.558378 
 0.855000 	 -0.582808 
 0.856000 	 -0.607030 
 0.857000 	 -0.631036 
 0.858000 	 -0.654817 
 0.859000 	 -0.678366 
 0.860000 	 -0.701673 
 0.861000 	 -0.724730 
 0.862000 	 -0.747529 
 0.863000 	 -0.770061 
 0.864000 	 -0.792320 
 0.865000 	 -0.814297 
 0.866000 	 -0.835984 
 0.867000 	 -0.857373 
 0.868000 	 -0.878457 
 0.869000 	 -0.899228 
 0.870000 	 -0.919679 
 0.871000 	 -0.939802 
 0.872000 	 -0.959592 
 0.873000 	 -0.979039 
 0.874000 	 -0.998138 
 0.875000 	 -1.016881 
 0.876000 	 -1.035263 
 0.877000 	 -1.053276 
 0.878000 	 -1.070914 
 0.879000 	 -1.088171 
 0.880000 	 -1.105040 
 0.881000 	 -1.121516 
 0.882000 	 -1.137593 
 0.883000 	 -1.153264 
 0.884000 	 -1.168525 
 0.885000 	 -1.183370 
 0.886000 	 -1.197794 
 0.887000 	 -1.211792 
 0.888000 	 -1.225358 
 0.889000 	 -1.238487 
 0.890000 	 -1.251176 
 0.891000 	 -1.263420 
 0.892000 	 -1.275213 
 0.893000 	 -1.286553 
 0.894000 	 -1.297435 
 0.895000 	 -1.307854 
 0.896000 	 -1.317808 
 0.897000 	 -1.327293 
 0.898000 	 -1.336306 
 0.899000 	 -1.344843 
 0.900000 	 -1.352901 
 0.901000 	 -1.360477 
 0.902000 	 -1.367569 
 0.903000 	 -1.374174 
 0.904000 	 -1.380290 
 0.905000 	 -1.385914 
 0.906000 	 -1.391045 
 0.907000 	 -1.395681 
 0.908000 	 -1.399820 
 0.909000 	 -1.403461 
 0.910000 	 -1.406602 
 0.911000 	 -1.409242 
 0.912000 	 -1.411381 
 0.913000 	 -1.413017 
 0.914000 	 -1.414150 
 0.915000 	 -1.414780 
 0.916000 	 -1.414905 
 0.917000 	 -1.414528 
 0.918000 	 -1.413646 
 0.919000 	 -1.412262 
 0.920000 	 -1.410374 
 0.921000 	 -1.407985 
 0.922000 	 -1.405094 
 0.923000 	 -1.401703 
 0.924000 	 -1.397813 
 0.925000 	 -1.393425 
 0.926000 	 -1.388542 
 0.927000 	 -1.383164 
 0.928000 	 -1.377293 
 0.929000 	 -1.370932 
 0.930000 	 -1.364084 
 0.931000 	 -1.356749 
 0.932000 	 -1.348932 
 0.933000 	 -1.340634 
 0.934000 	 -1.331859 
 0.935000 	 -1.322610 
 0.936000 	 -1.312890 
 0.937000 	 -1.302702 
 0.938000 	 -1.292051 
 0.939000 	 -1.280940 
 0.940000 	 -1.269373 
 0.941000 	 -1.257354 
 0.942000 	 -1.244887 
 0.943000 	 -1.231977 
 0.944000 	 -1.218629 
 0.945000 	 -1.204847 
 0.946000 	 -1.190635 
 0.947000 	 -1.176000 
 0.948000 	 -1.160946 
 0.949000 	 -1.145479 
 0.950000 	 -1.129605 
 0.951000 	 -1.113327 
 0.952000 	 -1.096654 
 0.953000 	 -1.079590 
 0.954000 	 -1.062142 
 0.955000 	 -1.044316 
 0.956000 	 -1.026118 
 0.957000 	 -1.007554 
 0.958000 	 -0.988632 
 0.959000 	 -0.969358 
 0.960000 	 -0.949739 
 0.961000 	 -0.929782 
 0.962000 	 -0.909494 
 0.963000 	 -0.888882 
 0.964000 	 -0.867953 
 0.965000 	 -0.846716 
 0.966000 	 -0.825177 
 0.967000 	 -0.803344 
 0.968000 	 -0.781226 
 0.969000 	 -0.758829 
 0.970000 	 -0.736162 
 0.971000 	 -0.713233 
 0.972000 	 -0.690050 
 0.973000 	 -0.666621 
 0.974000 	 -0.642955 
 0.975000 	 -0.619061 
 0.976000 	 -0.594945 
 0.977000 	 -0.570618 
 0.978000 	 -0.546088 
 0.979000 	 -0.521364 
 0.980000 	 -0.496453 
 0.981000 	 -0.471367 
 0.982000 	 -0.446112 
 0.983000 	 -0.420698 
 0.984000 	 -0.395135 
 0.985000 	 -0.369431 
 0.986000 	 -0.343595 
 0.987000 	 -0.317638 
 0.988000 	 -0.291567 
 0.989000 	 -0.265392 
 0.990000 	 -0.239123 
 0.991000 	 -0.212769 
 0.992000 	 -0.186338 
 0.993000 	 -0.159842 
 0.994000 	 -0.133289 
 0.995000 	 -0.106688 
 0.996000 	 -0.080049 
 0.997000 	 -0.053382 
 0.998000 	 -0.026696 
 0.999000 	 0.000000 
