 0.000000 	 0.000000 
 0.001000 	 0.001126 
 0.002000 	 0.035593 
 0.003000 	 0.053382 
 0.004000 	 0.071163 
 0.005000 	 0.088932 
 0.006000 	 0.106688 
 0.007000 	 0.124427 
 0.008000 	 0.142146 
 0.009000 	 0.159842 
 0.010000 	 0.177513 
 0.011000 	 0.195156 
 0.012000 	 0.212769 
 0.013000 	 0.230347 
 0.014000 	 0.247889 
 0.015000 	 0.265392 
 0.016000 	 0.282853 
 0.017000 	 0.300269 
 0.018000 	 0.317638 
 0.019000 	 0.334956 
 0.020000 	 0.352221 
 0.021000 	 0.369431 
 0.022000 	 0.386582 
 0.023000 	 0.403672 
 0.024000 	 0.420698 
 0.025000 	 0.437658 
 0.026000 	 0.454548 
 0.027000 	 0.471367 
 0.028000 	 0.488110 
 0.029000 	 0.504777 
 0.030000 	 0.521364 
 0.031000 	 0.537868 
 0.032000 	 0.554287 
 0.033000 	 0.570618 
 0.034000 	 0.586859 
 0.035000 	 0.603008 
 0.036000 	 0.619061 
 0.037000 	 0.635015 
 0.038000 	 0.650870 
 0.039000 	 0.666621 
 0.040000 	 0.682267 
 0.041000 	 0.697805 
 0.042000 	 0.713233 
 0.043000 	 0.728548 
 0.044000 	 0.743747 
 0.045000 	 0.758829 
 0.046000 	 0.773791 
 0.047000 	 0.788630 
 0.048000 	 0.803344 
 0.049000 	 0.817932 
 0.050000 	 0.832390 
 0.051000 	 0.846716 
 0.052000 	 0.860908 
 0.053000 	 0.874964 
 0.054000 	 0.888882 
 0.055000 	 0.902659 
 0.056000 	 0.916293 
 0.057000 	 0.929782 
 0.058000 	 0.943124 
 0.059000 	 0.956317 
 0.060000 	 0.969358 
 0.061000 	 0.982247 
 0.062000 	 0.994979 
 0.063000 	 1.007554 
 0.064000 	 1.019970 
 0.065000 	 1.032225 
 0.066000 	 1.044316 
 0.067000 	 1.056242 
 0.068000 	 1.068001 
 0.069000 	 1.079590 
 0.070000 	 1.091009 
 0.071000 	 1.102256 
 0.072000 	 1.113327 
 0.073000 	 1.124223 
 0.074000 	 1.134941 
 0.075000 	 1.145479 
 0.076000 	 1.155836 
 0.077000 	 1.166011 
 0.078000 	 1.176000 
 0.079000 	 1.185804 
 0.080000 	 1.195420 
 0.081000 	 1.204847 
 0.082000 	 1.214083 
 0.083000 	 1.223127 
 0.084000 	 1.231977 
 0.085000 	 1.240633 
 0.086000 	 1.249092 
 0.087000 	 1.257354 
 0.088000 	 1.265417 
 0.089000 	 1.273279 
 0.090000 	 1.280940 
 0.091000 	 1.288399 
 0.092000 	 1.295653 
 0.093000 	 1.302702 
 0.094000 	 1.309546 
 0.095000 	 1.316182 
 0.096000 	 1.322610 
 0.097000 	 1.328828 
 0.098000 	 1.334837 
 0.099000 	 1.340634 
 0.100000 	 1.346219 
 0.101000 	 1.351591 
 0.102000 	 1.356749 
 0.103000 	 1.361693 
 0.104000 	 1.366421 
 0.105000 	 1.370932 
 0.106000 	 1.375227 
 0.107000 	 1.379305 
 0.108000 	 1.383164 
 0.109000 	 1.386804 
 0.110000 	 1.390225 
 0.111000 	 1.393425 
 0.112000 	 1.396406 
 0.113000 	 1.399165 
 0.114000 	 1.401703 
 0.115000 	 1.404019 
 0.116000 	 1.406113 
 0.117000 	 1.407985 
 0.118000 	 1.409634 
 0.119000 	 1.411059 
 0.120000 	 1.412262 
 0.121000 	 1.413241 
 0.122000 	 1.413996 
 0.123000 	 1.414528 
 0.124000 	 1.414835 
 0.125000 	 1.414919 
 0.126000 	 1.414780 
 0.127000 	 1.414416 
 0.128000 	 1.413828 
 0.129000 	 1.413017 
 0.130000 	 1.411982 
 0.131000 	 1.410724 
 0.132000 	 1.409242 
 0.133000 	 1.407538 
 0.134000 	 1.405611 
 0.135000 	 1.403461 
 0.136000 	 1.401089 
 0.137000 	 1.398496 
 0.138000 	 1.395681 
 0.139000 	 1.392646 
 0.140000 	 1.389390 
 0.141000 	 1.385914 
 0.142000 	 1.382219 
 0.143000 	 1.378306 
 0.144000 	 1.374174 
 0.145000 	 1.369825 
 0.146000 	 1.365259 
 0.147000 	 1.360477 
 0.148000 	 1.355480 
 0.149000 	 1.350268 
 0.150000 	 1.344843 
 0.151000 	 1.339205 
 0.152000 	 1.333354 
 0.153000 	 1.327293 
 0.154000 	 1.321022 
 0.155000 	 1.314542 
 0.156000 	 1.307854 
 0.157000 	 1.300959 
 0.158000 	 1.293859 
 0.159000 	 1.286553 
 0.160000 	 1.279044 
 0.161000 	 1.271332 
 0.162000 	 1.263420 
 0.163000 	 1.255307 
 0.164000 	 1.246996 
 0.165000 	 1.238487 
 0.166000 	 1.229783 
 0.167000 	 1.220884 
 0.168000 	 1.211792 
 0.169000 	 1.202508 
 0.170000 	 1.193034 
 0.171000 	 1.183370 
 0.172000 	 1.173520 
 0.173000 	 1.163484 
 0.174000 	 1.153264 
 0.175000 	 1.142862 
 0.176000 	 1.132278 
 0.177000 	 1.121516 
 0.178000 	 1.110576 
 0.179000 	 1.099460 
 0.180000 	 1.088171 
 0.181000 	 1.076709 
 0.182000 	 1.065077 
 0.183000 	 1.053276 
 0.184000 	 1.041309 
 0.185000 	 1.029176 
 0.186000 	 1.016881 
 0.187000 	 1.004426 
 0.188000 	 0.991811 
 0.189000 	 0.979039 
 0.190000 	 0.966112 
 0.191000 	 0.953033 
 0.192000 	 0.939802 
 0.193000 	 0.926423 
 0.194000 	 0.912898 
 0.195000 	 0.899228 
 0.196000 	 0.885415 
 0.197000 	 0.871463 
 0.198000 	 0.857373 
 0.199000 	 0.843147 
 0.200000 	 0.828787 
 0.201000 	 0.814297 
 0.202000 	 0.799677 
 0.203000 	 0.784932 
 0.204000 	 0.770061 
 0.205000 	 0.755070 
 0.206000 	 0.739958 
 0.207000 	 0.724730 
 0.208000 	 0.709386 
 0.209000 	 0.693931 
 0.210000 	 0.678366 
 0.211000 	 0.662693 
 0.212000 	 0.646916 
 0.213000 	 0.631036 
 0.214000 	 0.615056 
 0.215000 	 0.598980 
 0.216000 	 0.582808 
 0.217000 	 0.566544 
 0.218000 	 0.550190 
 0.219000 	 0.533750 
 0.220000 	 0.517225 
 0.221000 	 0.500618 
 0.222000 	 0.483932 
 0.223000 	 0.467169 
 0.224000 	 0.450332 
 0.225000 	 0.433424 
 0.226000 	 0.416448 
 0.227000 	 0.399406 
 0.228000 	 0.382300 
 0.229000 	 0.365134 
 0.230000 	 0.347910 
 0.231000 	 0.330631 
 0.232000 	 0.313300 
 0.233000 	 0.295919 
 0.234000 	 0.278492 
 0.235000 	 0.261020 
 0.236000 	 0.243507 
 0.237000 	 0.225956 
 0.238000 	 0.208369 
 0.239000 	 0.190748 
 0.240000 	 0.173098 
 0.241000 	 0.155420 
 0.242000 	 0.137718 
 0.243000 	 0.119994 
 0.244000 	 0.102251 
 0.245000 	 0.084491 
 0.246000 	 0.066719 
 0.247000 	 0.048935 
 0.248000 	 0.031144 
 0.249000 	 0.013348 
 0.250000 	 -0.004450 
 0.251000 	 -0.022247 
 0.252000 	 -0.040041 
 0.253000 	 -0.057828 
 0.254000 	 -0.075606 
 0.255000 	 -0.093373 
 0.256000 	 -0.111124 
 0.257000 	 -0.128858 
 0.258000 	 -0.146572 
 0.259000 	 -0.164262 
 0.260000 	 -0.181927 
 0.261000 	 -0.199562 
 0.262000 	 -0.217166 
 0.263000 	 -0.234736 
 0.264000 	 -0.252269 
 0.265000 	 -0.269761 
 0.266000 	 -0.287211 
 0.267000 	 -0.304616 
 0.268000 	 -0.321972 
 0.269000 	 -0.339277 
 0.270000 	 -0.356529 
 0.271000 	 -0.373724 
 0.272000 	 -0.390860 
 0.273000 	 -0.407935 
 0.274000 	 -0.424945 
 0.275000 	 -0.441887 
 0.276000 	 -0.458760 
 0.277000 	 -0.475560 
 0.278000 	 -0.492284 
 0.279000 	 -0.508931 
 0.280000 	 -0.525498 
 0.281000 	 -0.541981 
 0.282000 	 -0.558378 
 0.283000 	 -0.574687 
 0.284000 	 -0.590905 
 0.285000 	 -0.607030 
 0.286000 	 -0.623059 
 0.287000 	 -0.638989 
 0.288000 	 -0.654817 
 0.289000 	 -0.670543 
 0.290000 	 -0.686162 
 0.291000 	 -0.701673 
 0.292000 	 -0.717072 
 0.293000 	 -0.732358 
 0.294000 	 -0.747529 
 0.295000 	 -0.762581 
 0.296000 	 -0.777512 
 0.297000 	 -0.792320 
 0.298000 	 -0.807003 
 0.299000 	 -0.821558 
 0.300000 	 -0.835984 
 0.301000 	 -0.850277 
 0.302000 	 -0.864435 
 0.303000 	 -0.878457 
 0.304000 	 -0.892339 
 0.305000 	 -0.906081 
 0.306000 	 -0.919679 
 0.307000 	 -0.933131 
 0.308000 	 -0.946436 
 0.309000 	 -0.959592 
 0.310000 	 -0.972595 
 0.311000 	 -0.985444 
 0.312000 	 -0.998138 
 0.313000 	 -1.010673 
 0.314000 	 -1.023049 
 0.315000 	 -1.035263 
 0.316000 	 -1.047313 
 0.317000 	 -1.059197 
 0.318000 	 -1.070914 
 0.319000 	 -1.082461 
 0.320000 	 -1.093837 
 0.321000 	 -1.105040 
 0.322000 	 -1.116068 
 0.323000 	 -1.126919 
 0.324000 	 -1.137593 
 0.325000 	 -1.148086 
 0.326000 	 -1.158397 
 0.327000 	 -1.168525 
 0.328000 	 -1.178469 
 0.329000 	 -1.188225 
 0.330000 	 -1.197794 
 0.331000 	 -1.207174 
 0.332000 	 -1.216362 
 0.333000 	 -1.225358 
 0.334000 	 -1.234160 
 0.335000 	 -1.242766 
 0.336000 	 -1.251176 
 0.337000 	 -1.259388 
 0.338000 	 -1.267401 
 0.339000 	 -1.275213 
 0.340000 	 -1.282824 
 0.341000 	 -1.290231 
 0.342000 	 -1.297435 
 0.343000 	 -1.304433 
 0.344000 	 -1.311224 
 0.345000 	 -1.317808 
 0.346000 	 -1.324184 
 0.347000 	 -1.330350 
 0.348000 	 -1.336306 
 0.349000 	 -1.342050 
 0.350000 	 -1.347582 
 0.351000 	 -1.352901 
 0.352000 	 -1.358005 
 0.353000 	 -1.362895 
 0.354000 	 -1.367569 
 0.355000 	 -1.372026 
 0.356000 	 -1.376267 
 0.357000 	 -1.380290 
 0.358000 	 -1.384094 
 0.359000 	 -1.387680 
 0.360000 	 -1.391045 
 0.361000 	 -1.394191 
 0.362000 	 -1.397116 
 0.363000 	 -1.399820 
 0.364000 	 -1.402303 
 0.365000 	 -1.404564 
 0.366000 	 -1.406602 
 0.367000 	 -1.408418 
 0.368000 	 -1.410011 
 0.369000 	 -1.411381 
 0.370000 	 -1.412527 
 0.371000 	 -1.413450 
 0.372000 	 -1.414150 
 0.373000 	 -1.414626 
 0.374000 	 -1.414877 
 0.375000 	 -1.414905 
 0.376000 	 -1.414710 
 0.377000 	 -1.414290 
 0.378000 	 -1.413646 
 0.379000 	 -1.412779 
 0.380000 	 -1.411688 
 0.381000 	 -1.410374 
 0.382000 	 -1.408837 
 0.383000 	 -1.407077 
 0.384000 	 -1.405094 
 0.385000 	 -1.402889 
 0.386000 	 -1.400462 
 0.387000 	 -1.397813 
 0.388000 	 -1.394943 
 0.389000 	 -1.391853 
 0.390000 	 -1.388542 
 0.391000 	 -1.385011 
 0.392000 	 -1.381261 
 0.393000 	 -1.377293 
 0.394000 	 -1.373107 
 0.395000 	 -1.368704 
 0.396000 	 -1.364084 
 0.397000 	 -1.359248 
 0.398000 	 -1.354197 
 0.399000 	 -1.348932 
 0.400000 	 -1.343453 
 0.401000 	 -1.337762 
 0.402000 	 -1.331859 
 0.403000 	 -1.325745 
 0.404000 	 -1.319422 
 0.405000 	 -1.312890 
 0.406000 	 -1.306150 
 0.407000 	 -1.299203 
 0.408000 	 -1.292051 
 0.409000 	 -1.284695 
 0.410000 	 -1.277135 
 0.411000 	 -1.269373 
 0.412000 	 -1.261410 
 0.413000 	 -1.253248 
 0.414000 	 -1.244887 
 0.415000 	 -1.236330 
 0.416000 	 -1.227576 
 0.417000 	 -1.218629 
 0.418000 	 -1.209489 
 0.419000 	 -1.200157 
 0.420000 	 -1.190635 
 0.421000 	 -1.180925 
 0.422000 	 -1.171029 
 0.423000 	 -1.160946 
 0.424000 	 -1.150681 
 0.425000 	 -1.140233 
 0.426000 	 -1.129605 
 0.427000 	 -1.118797 
 0.428000 	 -1.107813 
 0.429000 	 -1.096654 
 0.430000 	 -1.085321 
 0.431000 	 -1.073817 
 0.432000 	 -1.062142 
 0.433000 	 -1.050300 
 0.434000 	 -1.038291 
 0.435000 	 -1.026118 
 0.436000 	 -1.013782 
 0.437000 	 -1.001287 
 0.438000 	 -0.988632 
 0.439000 	 -0.975822 
 0.440000 	 -0.962857 
 0.441000 	 -0.949739 
 0.442000 	 -0.936472 
 0.443000 	 -0.923056 
 0.444000 	 -0.909494 
 0.445000 	 -0.895788 
 0.446000 	 -0.881940 
 0.447000 	 -0.867953 
 0.448000 	 -0.853829 
 0.449000 	 -0.839569 
 0.450000 	 -0.825177 
 0.451000 	 -0.810654 
 0.452000 	 -0.796003 
 0.453000 	 -0.781226 
 0.454000 	 -0.766325 
 0.455000 	 -0.751303 
 0.456000 	 -0.736162 
 0.457000 	 -0.720904 
 0.458000 	 -0.705533 
 0.459000 	 -0.690050 
 0.460000 	 -0.674458 
 0.461000 	 -0.658759 
 0.462000 	 -0.642955 
 0.463000 	 -0.627050 
 0.464000 	 -0.611046 
 0.465000 	 -0.594945 
 0.466000 	 -0.578750 
 0.467000 	 -0.562464 
 0.468000 	 -0.546088 
 0.469000 	 -0.529626 
 0.470000 	 -0.513080 
 0.471000 	 -0.496453 
 0.472000 	 -0.479748 
 0.473000 	 -0.462967 
 0.474000 	 -0.446112 
 0.475000 	 -0.429187 
 0.476000 	 -0.412193 
 0.477000 	 -0.395135 
 0.478000 	 -0.378014 
 0.479000 	 -0.360833 
 0.480000 	 -0.343595 
 0.481000 	 -0.326303 
 0.482000 	 -0.308959 
 0.483000 	 -0.291567 
 0.484000 	 -0.274128 
 0.485000 	 -0.256646 
 0.486000 	 -0.239123 
 0.487000 	 -0.221562 
 0.488000 	 -0.203966 
 0.489000 	 -0.186338 
 0.490000 	 -0.168681 
 0.491000 	 -0.150997 
 0.492000 	 -0.133289 
 0.493000 	 -0.115560 
 0.494000 	 -0.097812 
 0.495000 	 -0.080049 
 0.496000 	 -0.062274 
 0.497000 	 -0.044488 
 0.498000 	 -0.026696 
 0.499000 	 -0.008899 
 0.500000 	 0.008899 
 0.501000 	 0.026696 
 0.502000 	 0.044488 
 0.503000 	 0.062274 
 0.504000 	 0.080049 
 0.505000 	 0.097812 
 0.506000 	 0.115560 
 0.507000 	 0.133289 
 0.508000 	 0.150997 
 0.509000 	 0.168681 
 0.510000 	 0.186338 
 0.511000 	 0.203966 
 0.512000 	 0.221562 
 0.513000 	 0.239123 
 0.514000 	 0.256646 
 0.515000 	 0.274128 
 0.516000 	 0.291567 
 0.517000 	 0.308959 
 0.518000 	 0.326303 
 0.519000 	 0.343595 
 0.520000 	 0.360833 
 0.521000 	 0.378014 
 0.522000 	 0.395135 
 0.523000 	 0.412193 
 0.524000 	 0.429187 
 0.525000 	 0.446112 
 0.526000 	 0.462967 
 0.527000 	 0.479748 
 0.528000 	 0.496453 
 0.529000 	 0.513080 
 0.530000 	 0.529626 
 0.531000 	 0.546088 
 0.532000 	 0.562464 
 0.533000 	 0.578750 
 0.534000 	 0.594945 
 0.535000 	 0.611046 
 0.536000 	 0.627050 
 0.537000 	 0.642955 
 0.538000 	 0.658759 
 0.539000 	 0.674458 
 0.540000 	 0.690050 
 0.541000 	 0.705533 
 0.542000 	 0.720904 
 0.543000 	 0.736162 
 0.544000 	 0.751303 
 0.545000 	 0.766325 
 0.546000 	 0.781226 
 0.547000 	 0.796003 
 0.548000 	 0.810654 
 0.549000 	 0.825177 
 0.550000 	 0.839569 
 0.551000 	 0.853829 
 0.552000 	 0.867953 
 0.553000 	 0.881940 
 0.554000 	 0.895788 
 0.555000 	 0.909494 
 0.556000 	 0.923056 
 0.557000 	 0.936472 
 0.558000 	 0.949739 
 0.559000 	 0.962857 
 0.560000 	 0.975822 
 0.561000 	 0.988632 
 0.562000 	 1.001287 
 0.563000 	 1.013782 
 0.564000 	 1.026118 
 0.565000 	 1.038291 
 0.566000 	 1.050300 
 0.567000 	 1.062142 
 0.568000 	 1.073817 
 0.569000 	 1.085321 
 0.570000 	 1.096654 
 0.571000 	 1.107813 
 0.572000 	 1.118797 
 0.573000 	 1.129605 
 0.574000 	 1.140233 
 0.575000 	 1.150681 
 0.576000 	 1.160946 
 0.577000 	 1.171029 
 0.578000 	 1.180925 
 0.579000 	 1.190635 
 0.580000 	 1.200157 
 0.581000 	 1.209489 
 0.582000 	 1.218629 
 0.583000 	 1.227576 
 0.584000 	 1.236330 
 0.585000 	 1.244887 
 0.586000 	 1.253248 
 0.587000 	 1.261410 
 0.588000 	 1.269373 
 0.589000 	 1.277135 
 0.590000 	 1.284695 
 0.591000 	 1.292051 
 0.592000 	 1.299203 
 0.593000 	 1.306150 
 0.594000 	 1.312890 
 0.595000 	 1.319422 
 0.596000 	 1.325745 
 0.597000 	 1.331859 
 0.598000 	 1.337762 
 0.599000 	 1.343453 
 0.600000 	 1.348932 
 0.601000 	 1.354197 
 0.602000 	 1.359248 
 0.603000 	 1.364084 
 0.604000 	 1.368704 
 0.605000 	 1.373107 
 0.606000 	 1.377293 
 0.607000 	 1.381261 
 0.608000 	 1.385011 
 0.609000 	 1.388542 
 0.610000 	 1.391853 
 0.611000 	 1.394943 
 0.612000 	 1.397813 
 0.613000 	 1.400462 
 0.614000 	 1.402889 
 0.615000 	 1.405094 
 0.616000 	 1.407077 
 0.617000 	 1.408837 
 0.618000 	 1.410374 
 0.619000 	 1.411688 
 0.620000 	 1.412779 
 0.621000 	 1.413646 
 0.622000 	 1.414290 
 0.623000 	 1.414710 
 0.624000 	 1.414905 
 0.625000 	 1.414877 
 0.626000 	 1.414626 
 0.627000 	 1.414150 
 0.628000 	 1.413450 
 0.629000 	 1.412527 
 0.630000 	 1.411381 
 0.631000 	 1.410011 
 0.632000 	 1.408418 
 0.633000 	 1.406602 
 0.634000 	 1.404564 
 0.635000 	 1.402303 
 0.636000 	 1.399820 
 0.637000 	 1.397116 
 0.638000 	 1.394191 
 0.639000 	 1.391045 
 0.640000 	 1.387680 
 0.641000 	 1.384094 
 0.642000 	 1.380290 
 0.643000 	 1.376267 
 0.644000 	 1.372026 
 0.645000 	 1.367569 
 0.646000 	 1.362895 
 0.647000 	 1.358005 
 0.648000 	 1.352901 
 0.649000 	 1.347582 
 0.650000 	 1.342050 
 0.651000 	 1.336306 
 0.652000 	 1.330350 
 0.653000 	 1.324184 
 0.654000 	 1.317808 
 0.655000 	 1.311224 
 0.656000 	 1.304433 
 0.657000 	 1.297435 
 0.658000 	 1.290231 
 0.659000 	 1.282824 
 0.660000 	 1.275213 
 0.661000 	 1.267401 
 0.662000 	 1.259388 
 0.663000 	 1.251176 
 0.664000 	 1.242766 
 0.665000 	 1.234160 
 0.666000 	 1.225358 
 0.667000 	 1.216362 
 0.668000 	 1.207174 
 0.669000 	 1.197794 
 0.670000 	 1.188225 
 0.671000 	 1.178469 
 0.672000 	 1.168525 
 0.673000 	 1.158397 
 0.674000 	 1.148086 
 0.675000 	 1.137593 
 0.676000 	 1.126919 
 0.677000 	 1.116068 
 0.678000 	 1.105040 
 0.679000 	 1.093837 
 0.680000 	 1.082461 
 0.681000 	 1.070914 
 0.682000 	 1.059197 
 0.683000 	 1.047313 
 0.684000 	 1.035263 
 0.685000 	 1.023049 
 0.686000 	 1.010673 
 0.687000 	 0.998138 
 0.688000 	 0.985444 
 0.689000 	 0.972595 
 0.690000 	 0.959592 
 0.691000 	 0.946436 
 0.692000 	 0.933131 
 0.693000 	 0.919679 
 0.694000 	 0.906081 
 0.695000 	 0.892339 
 0.696000 	 0.878457 
 0.697000 	 0.864435 
 0.698000 	 0.850277 
 0.699000 	 0.835984 
 0.700000 	 0.821558 
 0.701000 	 0.807003 
 0.702000 	 0.792320 
 0.703000 	 0.777512 
 0.704000 	 0.762581 
 0.705000 	 0.747529 
 0.706000 	 0.732358 
 0.707000 	 0.717072 
 0.708000 	 0.701673 
 0.709000 	 0.686162 
 0.710000 	 0.670543 
 0.711000 	 0.654817 
 0.712000 	 0.638989 
 0.713000 	 0.623059 
 0.714000 	 0.607030 
 0.715000 	 0.590905 
 0.716000 	 0.574687 
 0.717000 	 0.558378 
 0.718000 	 0.541981 
 0.719000 	 0.525498 
 0.720000 	 0.508931 
 0.721000 	 0.492284 
 0.722000 	 0.475560 
 0.723000 	 0.458760 
 0.724000 	 0.441887 
 0.725000 	 0.424945 
 0.726000 	 0.407935 
 0.727000 	 0.390860 
 0.728000 	 0.373724 
 0.729000 	 0.356529 
 0.730000 	 0.339277 
 0.731000 	 0.321972 
 0.732000 	 0.304616 
 0.733000 	 0.287211 
 0.734000 	 0.269761 
 0.735000 	 0.252269 
 0.736000 	 0.234736 
 0.737000 	 0.217166 
 0.738000 	 0.199562 
 0.739000 	 0.181927 
 0.740000 	 0.164262 
 0.741000 	 0.146572 
 0.742000 	 0.128858 
 0.743000 	 0.111124 
 0.744000 	 0.093373 
 0.745000 	 0.075606 
 0.746000 	 0.057828 
 0.747000 	 0.040041 
 0.748000 	 0.022247 
 0.749000 	 0.004450 
 0.750000 	 -0.013348 
 0.751000 	 -0.031144 
 0.752000 	 -0.048935 
 0.753000 	 -0.066719 
 0.754000 	 -0.084491 
 0.755000 	 -0.102251 
 0.756000 	 -0.119994 
 0.757000 	 -0.137718 
 0.758000 	 -0.155420 
 0.759000 	 -0.173098 
 0.760000 	 -0.190748 
 0.761000 	 -0.208369 
 0.762000 	 -0.225956 
 0.763000 	 -0.243507 
 0.764000 	 -0.261020 
 0.765000 	 -0.278492 
 0.766000 	 -0.295919 
 0.767000 	 -0.313300 
 0.768000 	 -0.330631 
 0.769000 	 -0.347910 
 0.770000 	 -0.365134 
 0.771000 	 -0.382300 
 0.772000 	 -0.399406 
 0.773000 	 -0.416448 
 0.774000 	 -0.433424 
 0.775000 	 -0.450332 
 0.776000 	 -0.467169 
 0.777000 	 -0.483932 
 0.778000 	 -0.500618 
 0.779000 	 -0.517225 
 0.780000 	 -0.533750 
 0.781000 	 -0.550190 
 0.782000 	 -0.566544 
 0.783000 	 -0.582808 
 0.784000 	 -0.598980 
 0.785000 	 -0.615056 
 0.786000 	 -0.631036 
 0.787000 	 -0.646916 
 0.788000 	 -0.662693 
 0.789000 	 -0.678366 
 0.790000 	 -0.693931 
 0.791000 	 -0.709386 
 0.792000 	 -0.724730 
 0.793000 	 -0.739958 
 0.794000 	 -0.755070 
 0.795000 	 -0.770061 
 0.796000 	 -0.784932 
 0.797000 	 -0.799677 
 0.798000 	 -0.814297 
 0.799000 	 -0.828787 
 0.800000 	 -0.843147 
 0.801000 	 -0.857373 
 0.802000 	 -0.871463 
 0.803000 	 -0.885415 
 0.804000 	 -0.899228 
 0.805000 	 -0.912898 
 0.806000 	 -0.926423 
 0.807000 	 -0.939802 
 0.808000 	 -0.953033 
 0.809000 	 -0.966112 
 0.810000 	 -0.979039 
 0.811000 	 -0.991811 
 0.812000 	 -1.004426 
 0.813000 	 -1.016881 
 0.814000 	 -1.029176 
 0.815000 	 -1.041309 
 0.816000 	 -1.053276 
 0.817000 	 -1.065077 
 0.818000 	 -1.076709 
 0.819000 	 -1.088171 
 0.820000 	 -1.099460 
 0.821000 	 -1.110576 
 0.822000 	 -1.121516 
 0.823000 	 -1.132278 
 0.824000 	 -1.142862 
 0.825000 	 -1.153264 
 0.826000 	 -1.163484 
 0.827000 	 -1.173520 
 0.828000 	 -1.183370 
 0.829000 	 -1.193034 
 0.830000 	 -1.202508 
 0.831000 	 -1.211792 
 0.832000 	 -1.220884 
 0.833000 	 -1.229783 
 0.834000 	 -1.238487 
 0.835000 	 -1.246996 
 0.836000 	 -1.255307 
 0.837000 	 -1.263420 
 0.838000 	 -1.271332 
 0.839000 	 -1.279044 
 0.840000 	 -1.286553 
 0.841000 	 -1.293859 
 0.842000 	 -1.300959 
 0.843000 	 -1.307854 
 0.844000 	 -1.314542 
 0.845000 	 -1.321022 
 0.846000 	 -1.327293 
 0.847000 	 -1.333354 
 0.848000 	 -1.339205 
 0.849000 	 -1.344843 
 0.850000 	 -1.350268 
 0.851000 	 -1.355480 
 0.852000 	 -1.360477 
 0.853000 	 -1.365259 
 0.854000 	 -1.369825 
 0.855000 	 -1.374174 
 0.856000 	 -1.378306 
 0.857000 	 -1.382219 
 0.858000 	 -1.385914 
 0.859000 	 -1.389390 
 0.860000 	 -1.392646 
 0.861000 	 -1.395681 
 0.862000 	 -1.398496 
 0.863000 	 -1.401089 
 0.864000 	 -1.403461 
 0.865000 	 -1.405611 
 0.866000 	 -1.407538 
 0.867000 	 -1.409242 
 0.868000 	 -1.410724 
 0.869000 	 -1.411982 
 0.870000 	 -1.413017 
 0.871000 	 -1.413828 
 0.872000 	 -1.414416 
 0.873000 	 -1.414780 
 0.874000 	 -1.414919 
 0.875000 	 -1.414835 
 0.876000 	 -1.414528 
 0.877000 	 -1.413996 
 0.878000 	 -1.413241 
 0.879000 	 -1.412262 
 0.880000 	 -1.411059 
 0.881000 	 -1.409634 
 0.882000 	 -1.407985 
 0.883000 	 -1.406113 
 0.884000 	 -1.404019 
 0.885000 	 -1.401703 
 0.886000 	 -1.399165 
 0.887000 	 -1.396406 
 0.888000 	 -1.393425 
 0.889000 	 -1.390225 
 0.890000 	 -1.386804 
 0.891000 	 -1.383164 
 0.892000 	 -1.379305 
 0.893000 	 -1.375227 
 0.894000 	 -1.370932 
 0.895000 	 -1.366421 
 0.896000 	 -1.361693 
 0.897000 	 -1.356749 
 0.898000 	 -1.351591 
 0.899000 	 -1.346219 
 0.900000 	 -1.340634 
 0.901000 	 -1.334837 
 0.902000 	 -1.328828 
 0.903000 	 -1.322610 
 0.904000 	 -1.316182 
 0.905000 	 -1.309546 
 0.906000 	 -1.302702 
 0.907000 	 -1.295653 
 0.908000 	 -1.288399 
 0.909000 	 -1.280940 
 0.910000 	 -1.273279 
 0.911000 	 -1.265417 
 0.912000 	 -1.257354 
 0.913000 	 -1.249092 
 0.914000 	 -1.240633 
 0.915000 	 -1.231977 
 0.916000 	 -1.223127 
 0.917000 	 -1.214083 
 0.918000 	 -1.204847 
 0.919000 	 -1.195420 
 0.920000 	 -1.185804 
 0.921000 	 -1.176000 
 0.922000 	 -1.166011 
 0.923000 	 -1.155836 
 0.924000 	 -1.145479 
 0.925000 	 -1.134941 
 0.926000 	 -1.124223 
 0.927000 	 -1.113327 
 0.928000 	 -1.102256 
 0.929000 	 -1.091009 
 0.930000 	 -1.079590 
 0.931000 	 -1.068001 
 0.932000 	 -1.056242 
 0.933000 	 -1.044316 
 0.934000 	 -1.032225 
 0.935000 	 -1.019970 
 0.936000 	 -1.007554 
 0.937000 	 -0.994979 
 0.938000 	 -0.982247 
 0.939000 	 -0.969358 
 0.940000 	 -0.956317 
 0.941000 	 -0.943124 
 0.942000 	 -0.929782 
 0.943000 	 -0.916293 
 0.944000 	 -0.902659 
 0.945000 	 -0.888882 
 0.946000 	 -0.874964 
 0.947000 	 -0.860908 
 0.948000 	 -0.846716 
 0.949000 	 -0.832390 
 0.950000 	 -0.817932 
 0.951000 	 -0.803344 
 0.952000 	 -0.788630 
 0.953000 	 -0.773791 
 0.954000 	 -0.758829 
 0.955000 	 -0.743747 
 0.956000 	 -0.728548 
 0.957000 	 -0.713233 
 0.958000 	 -0.697805 
 0.959000 	 -0.682267 
 0.960000 	 -0.666621 
 0.961000 	 -0.650870 
 0.962000 	 -0.635015 
 0.963000 	 -0.619061 
 0.964000 	 -0.603008 
 0.965000 	 -0.586859 
 0.966000 	 -0.570618 
 0.967000 	 -0.554287 
 0.968000 	 -0.537868 
 0.969000 	 -0.521364 
 0.970000 	 -0.504777 
 0.971000 	 -0.488110 
 0.972000 	 -0.471367 
 0.973000 	 -0.454548 
 0.974000 	 -0.437658 
 0.975000 	 -0.420698 
 0.976000 	 -0.403672 
 0.977000 	 -0.386582 
 0.978000 	 -0.369431 
 0.979000 	 -0.352221 
 0.980000 	 -0.334956 
 0.981000 	 -0.317638 
 0.982000 	 -0.300269 
 0.983000 	 -0.282853 
 0.984000 	 -0.265392 
 0.985000 	 -0.247889 
 0.986000 	 -0.230347 
 0.987000 	 -0.212769 
 0.988000 	 -0.195156 
 0.989000 	 -0.177513 
 0.990000 	 -0.159842 
 0.991000 	 -0.142146 
 0.992000 	 -0.124427 
 0.993000 	 -0.106688 
 0.994000 	 -0.088932 
 0.995000 	 -0.071163 
 0.996000 	 -0.053382 
 0.997000 	 -0.035593 
 0.998000 	 -0.017798 
 0.999000 	 0.000000 
