 -0.500000 	 4.934802 	 4.934802 	 44.413220 	 44.413220 	 123.370055 	 123.370055 	 
 -0.475000 	 4.453659 	 5.440619 	 42.945116 	 45.905997 	 120.914991 	 125.849793 	 
 -0.450000 	 3.997190 	 5.971111 	 41.501687 	 47.423449 	 118.484601 	 128.354205 	 
 -0.425000 	 3.565395 	 6.526276 	 40.082931 	 48.965575 	 116.078885 	 130.883291 	 
 -0.400000 	 3.158273 	 7.106115 	 38.688849 	 50.532375 	 113.697843 	 133.437052 	 
 -0.375000 	 2.775826 	 7.710628 	 37.319442 	 52.123848 	 111.341475 	 136.015486 	 
 -0.350000 	 2.418053 	 8.339816 	 35.974708 	 53.739996 	 109.009781 	 138.618594 	 
 -0.325000 	 2.084954 	 8.993677 	 34.654648 	 55.380818 	 106.702761 	 141.246376 	 
 -0.300000 	 1.776529 	 9.672212 	 33.359263 	 57.046313 	 104.420415 	 143.898832 	 
 -0.275000 	 1.492778 	 10.375422 	 32.088551 	 58.736483 	 102.162743 	 146.575962 	 
 -0.250000 	 1.233701 	 11.103305 	 30.842514 	 60.451327 	 99.929745 	 149.277767 	 
 -0.225000 	 0.999297 	 11.855862 	 29.621150 	 62.190845 	 97.721421 	 152.004245 	 
 -0.200000 	 0.789568 	 12.633094 	 28.424461 	 63.955037 	 95.537771 	 154.755397 	 
 -0.175000 	 0.604513 	 13.434999 	 27.252445 	 65.743902 	 93.378795 	 157.531223 	 
 -0.150000 	 0.444132 	 14.261578 	 26.105104 	 67.557442 	 91.244493 	 160.331723 	 
 -0.125000 	 0.308425 	 15.112832 	 24.982436 	 69.395656 	 89.134865 	 163.156898 	 
 -0.100000 	 0.197392 	 15.988759 	 23.884443 	 71.258544 	 87.049911 	 166.006746 	 
 -0.075000 	 0.111033 	 16.889361 	 22.811123 	 73.146106 	 84.989631 	 168.881268 	 
 -0.050000 	 0.049348 	 17.814636 	 21.762478 	 75.058341 	 82.954025 	 171.780465 	 
 -0.025000 	 0.012337 	 18.764585 	 20.738506 	 76.995251 	 80.943093 	 174.704335 	 
 0.000000 	 0.000000 	 19.739209 	 19.739209 	 78.956835 	 78.956835 	 177.652879 	 
 0.025000 	 0.012337 	 18.764585 	 20.738506 	 76.995251 	 80.943093 	 174.704335 	 
 0.050000 	 0.049348 	 17.814636 	 21.762478 	 75.058341 	 82.954025 	 171.780465 	 
 0.075000 	 0.111033 	 16.889361 	 22.811123 	 73.146106 	 84.989631 	 168.881268 	 
 0.100000 	 0.197392 	 15.988759 	 23.884443 	 71.258544 	 87.049911 	 166.006746 	 
 0.125000 	 0.308425 	 15.112832 	 24.982436 	 69.395656 	 89.134865 	 163.156898 	 
 0.150000 	 0.444132 	 14.261578 	 26.105104 	 67.557442 	 91.244493 	 160.331723 	 
 0.175000 	 0.604513 	 13.434999 	 27.252445 	 65.743902 	 93.378795 	 157.531223 	 
 0.200000 	 0.789568 	 12.633094 	 28.424461 	 63.955037 	 95.537771 	 154.755397 	 
 0.225000 	 0.999297 	 11.855862 	 29.621150 	 62.190845 	 97.721421 	 152.004245 	 
 0.250000 	 1.233701 	 11.103305 	 30.842514 	 60.451327 	 99.929745 	 149.277767 	 
 0.275000 	 1.492778 	 10.375422 	 32.088551 	 58.736483 	 102.162743 	 146.575962 	 
 0.300000 	 1.776529 	 9.672212 	 33.359263 	 57.046313 	 104.420415 	 143.898832 	 
 0.325000 	 2.084954 	 8.993677 	 34.654648 	 55.380818 	 106.702761 	 141.246376 	 
 0.350000 	 2.418053 	 8.339816 	 35.974708 	 53.739996 	 109.009781 	 138.618594 	 
 0.375000 	 2.775826 	 7.710628 	 37.319442 	 52.123848 	 111.341475 	 136.015486 	 
 0.400000 	 3.158273 	 7.106115 	 38.688849 	 50.532375 	 113.697843 	 133.437052 	 
 0.425000 	 3.565395 	 6.526276 	 40.082931 	 48.965575 	 116.078885 	 130.883291 	 
 0.450000 	 3.997190 	 5.971111 	 41.501687 	 47.423449 	 118.484601 	 128.354205 	 
 0.475000 	 4.453659 	 5.440619 	 42.945116 	 45.905997 	 120.914991 	 125.849793 	 
 0.500000 	 4.934802 	 4.934802 	 44.413220 	 44.413220 	 123.370055 	 123.370055 	 
