 -0.500000 	 3.616834 	 5.828250 	 44.394513 	 44.679434 	 123.399492 	 123.403138 	 
 -0.475000 	 3.525811 	 5.943214 	 43.069404 	 46.029912 	 120.946995 	 125.880337 	 
 -0.450000 	 3.295331 	 6.245503 	 41.637616 	 47.537828 	 118.517378 	 128.384057 	 
 -0.425000 	 2.995346 	 6.665098 	 40.229166 	 49.073227 	 116.112466 	 130.912475 	 
 -0.400000 	 2.670525 	 7.157227 	 38.845933 	 50.634336 	 113.732259 	 133.465591 	 
 -0.375000 	 2.343254 	 7.699339 	 37.488476 	 52.220755 	 111.376759 	 136.043403 	 
 -0.350000 	 2.024679 	 8.280063 	 36.157184 	 53.832326 	 109.045970 	 138.645910 	 
 -0.325000 	 1.720683 	 8.893198 	 34.852459 	 55.468958 	 106.739892 	 141.273111 	 
 -0.300000 	 1.434590 	 9.534985 	 33.574795 	 57.130593 	 104.458528 	 143.925006 	 
 -0.275000 	 1.168397 	 10.202828 	 32.324831 	 58.817188 	 102.201881 	 146.601592 	 
 -0.250000 	 0.923366 	 10.894625 	 31.103440 	 60.528709 	 99.969954 	 149.302871 	 
 -0.225000 	 0.700330 	 11.608343 	 29.911845 	 62.265128 	 97.762750 	 152.028840 	 
 -0.200000 	 0.499858 	 12.341656 	 28.751827 	 64.026421 	 95.580273 	 154.779498 	 
 -0.175000 	 0.322349 	 13.091493 	 27.626072 	 65.812567 	 93.422528 	 157.554847 	 
 -0.150000 	 0.168091 	 13.853347 	 26.538815 	 67.623547 	 91.289519 	 160.354883 	 
 -0.125000 	 0.037289 	 14.619996 	 25.497083 	 69.459341 	 89.181256 	 163.179608 	 
 -0.100000 	 -0.069902 	 15.378939 	 24.513232 	 71.319930 	 87.097750 	 166.029020 	 
 -0.075000 	 -0.153374 	 16.106928 	 23.610408 	 73.205282 	 85.039024 	 168.903120 	 
 -0.050000 	 -0.213048 	 16.758257 	 22.834245 	 75.115332 	 83.005139 	 171.801905 	 
 -0.025000 	 -0.248872 	 17.244579 	 22.273040 	 77.049790 	 80.996382 	 174.725377 	 
 0.000000 	 -0.260817 	 17.432904 	 22.059757 	 78.944198 	 79.077208 	 177.673058 	 
 0.025000 	 -0.248872 	 17.244579 	 22.273040 	 77.049790 	 80.996382 	 174.725377 	 
 0.050000 	 -0.213048 	 16.758257 	 22.834245 	 75.115332 	 83.005139 	 171.801905 	 
 0.075000 	 -0.153374 	 16.106928 	 23.610408 	 73.205282 	 85.039024 	 168.903120 	 
 0.100000 	 -0.069902 	 15.378939 	 24.513232 	 71.319930 	 87.097750 	 166.029020 	 
 0.125000 	 0.037289 	 14.619996 	 25.497083 	 69.459341 	 89.181256 	 163.179608 	 
 0.150000 	 0.168091 	 13.853347 	 26.538815 	 67.623547 	 91.289519 	 160.354883 	 
 0.175000 	 0.322349 	 13.091493 	 27.626072 	 65.812567 	 93.422528 	 157.554847 	 
 0.200000 	 0.499858 	 12.341656 	 28.751827 	 64.026421 	 95.580273 	 154.779498 	 
 0.225000 	 0.700330 	 11.608343 	 29.911845 	 62.265128 	 97.762750 	 152.028840 	 
 0.250000 	 0.923366 	 10.894625 	 31.103440 	 60.528709 	 99.969954 	 149.302871 	 
 0.275000 	 1.168397 	 10.202828 	 32.324831 	 58.817188 	 102.201881 	 146.601592 	 
 0.300000 	 1.434590 	 9.534985 	 33.574795 	 57.130593 	 104.458528 	 143.925006 	 
 0.325000 	 1.720683 	 8.893198 	 34.852459 	 55.468958 	 106.739892 	 141.273111 	 
 0.350000 	 2.024679 	 8.280063 	 36.157184 	 53.832326 	 109.045970 	 138.645910 	 
 0.375000 	 2.343254 	 7.699339 	 37.488476 	 52.220755 	 111.376759 	 136.043403 	 
 0.400000 	 2.670525 	 7.157227 	 38.845933 	 50.634336 	 113.732259 	 133.465591 	 
 0.425000 	 2.995346 	 6.665098 	 40.229166 	 49.073227 	 116.112466 	 130.912475 	 
 0.450000 	 3.295331 	 6.245503 	 41.637616 	 47.537828 	 118.517378 	 128.384057 	 
 0.475000 	 3.525811 	 5.943214 	 43.069404 	 46.029912 	 120.946995 	 125.880337 	 
 0.500000 	 3.616834 	 5.828250 	 44.394513 	 44.679434 	 123.399492 	 123.403138 	 
