-0.000050
-0.000050
-0.000050
-0.000000
0.000000
0.000000
3.050478
3.050478
3.050478
3.983764
4.100498
4.100498
7.912443
7.912443
8.315525
8.315525
8.315525
10.575818
10.575818
10.575818
10.735940
10.735940
10.735940
11.791814
11.791814
11.791814
12.413098
12.413098
13.653100
14.059553
14.059553
14.059553
15.261870
15.261870
15.261870
15.384537
15.384537
15.384537
15.678433
15.678433
15.678433
17.780360
17.780360
17.780360
18.894695
18.894695
19.617606
19.617606
19.617606
21.231767
21.231767
21.231767
21.432969
21.609104
21.609104
21.665161
21.665161
21.665161
21.778098
21.778098
23.078979
23.078979
23.078979
23.761574
23.761574
23.761574
25.396889
25.396889
25.396889
25.543731
25.588011
26.569995
26.569995
26.643200
26.643200
26.643200
26.893210
26.893210
26.893210
28.653764
28.653764
28.841003
29.377684
29.377684
29.377684
31.354349
33.397572
33.397572
33.397572
34.227899
34.227899
34.227899
34.312965
34.312965
34.508078
34.508078
34.508078
35.830660
35.830660
35.830660
36.288255
37.765840
37.765840
37.765840
38.048534
38.048534
38.048534
38.417062
38.417062
38.417062
38.821497
38.957343
38.957343
41.474312
41.474312
41.474312
42.149716
42.149716
42.149716
46.572599
46.572599
46.572599
48.662458
49.585318
51.839220
51.839220
51.839220
52.127906
52.127906
52.127906
52.285173
52.285173
52.285173
54.373702
54.373702
54.373702
54.697695
54.697695
54.697695
55.600006
55.600006
59.187843
59.187843
59.187843
60.142699
60.142699
60.480661
60.480661
60.480661
60.653403
60.653403
60.653403
61.021655
61.557832
65.680409
65.680409
65.680409
65.747382
65.747382
66.469278
66.469278
73.303648
73.303648
73.303648
73.442557
73.442557
73.442557
76.542999
76.542999
77.746183
77.746183
77.746183
78.297443
78.297443
78.297443
78.888156
78.888156
78.888156
81.752469
81.752469
88.744320
89.332682
89.332682
89.332682
92.078523
92.078523
92.078523
93.002597
93.002597
93.002597
96.748752
96.748752
96.748752
98.975993
99.965792
99.965792
99.965792
103.972957
103.972957
103.972957
104.280233
107.415020
107.415020
107.415020
108.669314
108.773643
108.773643
109.385686
109.385686
113.292119
113.292119
113.292119
118.214384
118.214384
118.214384
118.867544
118.867544
118.867544
119.629560
119.629560
119.629560
119.928241
133.791038
133.791038
133.791038
133.861676
133.861676
133.861676
137.598854
137.598854
144.565268
145.273200
145.273200
145.273200
147.138081
147.138081
147.138081
