 6 	 0.277974 	 8.954134  
 7 	 0.277974 	 8.954134  
 8 	 0.277974 	 8.954134  
 9 	 0.317663 	 9.661390  
 10 	 0.322284 	 19.453376  
 11 	 0.322284 	 19.453376  
 12 	 0.447688 	 13.486523  
 13 	 0.447688 	 13.486523  
 14 	 0.458950 	 14.224621  
 15 	 0.458950 	 14.224621  
 16 	 0.458950 	 14.224621  
 17 	 0.517580 	 14.238067  
 18 	 0.517580 	 14.238067  
 19 	 0.517580 	 14.238067  
 20 	 0.521483 	 18.654666  
 21 	 0.521483 	 18.654666  
 22 	 0.521483 	 18.654666  
 23 	 0.546526 	 15.683533  
 24 	 0.546526 	 15.683533  
 25 	 0.546526 	 15.683533  
 26 	 0.560738 	 15.523703  
 27 	 0.560738 	 15.523703  
 28 	 0.588079 	 14.640082  
 29 	 0.596769 	 16.016356  
 30 	 0.596769 	 16.016356  
 31 	 0.596769 	 16.016356  
 32 	 0.621762 	 17.976985  
 33 	 0.621762 	 17.976985  
 34 	 0.621762 	 17.976985  
 35 	 0.624255 	 16.006983  
 36 	 0.624255 	 16.006983  
 37 	 0.624255 	 16.006983  
 38 	 0.630190 	 18.486190  
 39 	 0.630190 	 18.486190  
 40 	 0.630190 	 18.486190  
 41 	 0.671105 	 15.577300  
 42 	 0.671105 	 15.577300  
 43 	 0.671105 	 15.577300  
 44 	 0.691815 	 17.714241  
 45 	 0.691815 	 17.714241  
 46 	 0.704925 	 15.904575  
 47 	 0.704925 	 15.904575  
 48 	 0.704925 	 15.904575  
 49 	 0.733353 	 15.708771  
 50 	 0.733353 	 15.708771  
 51 	 0.733353 	 15.708771  
 52 	 0.736820 	 19.815786  
 53 	 0.739841 	 15.954665  
 54 	 0.739841 	 15.954665  
 55 	 0.740800 	 17.035138  
 56 	 0.740800 	 17.035138  
 57 	 0.740800 	 17.035138  
 58 	 0.742729 	 16.066693  
 59 	 0.742729 	 16.066693  
 60 	 0.764590 	 16.183045  
 61 	 0.764590 	 16.183045  
 62 	 0.764590 	 16.183045  
 63 	 0.775814 	 17.164928  
 64 	 0.775814 	 17.164928  
 65 	 0.775814 	 17.164928  
 66 	 0.802067 	 16.839635  
 67 	 0.802067 	 16.839635  
 68 	 0.802067 	 16.839635  
 69 	 0.804382 	 17.403918  
 70 	 0.805079 	 19.134983  
 71 	 0.820382 	 15.981563  
 72 	 0.820382 	 15.981563  
 73 	 0.821511 	 16.388771  
 74 	 0.821511 	 16.388771  
 75 	 0.821511 	 16.388771  
 76 	 0.825356 	 17.273450  
 77 	 0.825356 	 17.273450  
 78 	 0.825356 	 17.273450  
 79 	 0.851944 	 17.479376  
 80 	 0.851944 	 17.479376  
 81 	 0.854723 	 16.769231  
 82 	 0.862639 	 17.280585  
 83 	 0.862639 	 17.280585  
 84 	 0.862639 	 17.280585  
 85 	 0.891187 	 17.629953  
 86 	 0.919766 	 16.717574  
 87 	 0.919766 	 16.717574  
 88 	 0.919766 	 16.717574  
 89 	 0.931130 	 18.000132  
 90 	 0.931130 	 18.000132  
 91 	 0.931130 	 18.000132  
 92 	 0.932286 	 17.100464  
 93 	 0.932286 	 17.100464  
 94 	 0.934933 	 17.366983  
 95 	 0.934933 	 17.366983  
 96 	 0.934933 	 17.366983  
 97 	 0.952681 	 17.546697  
 98 	 0.952681 	 17.546697  
 99 	 0.952681 	 17.546697  
 100 	 0.958745 	 17.547959  
 101 	 0.978069 	 17.723897  
 102 	 0.978069 	 17.723897  
 103 	 0.978069 	 17.723897  
 104 	 0.981723 	 17.963777  
 105 	 0.981723 	 17.963777  
 106 	 0.981723 	 17.963777  
 107 	 0.986466 	 18.304831  
 108 	 0.986466 	 18.304831  
 109 	 0.986466 	 18.304831  
 110 	 0.991645 	 17.897283  
 111 	 0.993379 	 17.656995  
 112 	 0.993379 	 17.656995  
 113 	 1.024967 	 17.740044  
 114 	 1.024967 	 17.740044  
 115 	 1.024967 	 17.740044  
 116 	 1.033279 	 17.830976  
 117 	 1.033279 	 17.830976  
 118 	 1.033279 	 17.830976  
 119 	 1.086139 	 17.778590  
 120 	 1.086139 	 17.778590  
 121 	 1.086139 	 17.778590  
 122 	 1.110241 	 18.662096  
 123 	 1.120719 	 18.847001  
 124 	 1.145907 	 17.734398  
 125 	 1.145907 	 17.734398  
 126 	 1.145907 	 17.734398  
 127 	 1.149093 	 18.025683  
 128 	 1.149093 	 18.025683  
 129 	 1.149093 	 18.025683  
 130 	 1.150825 	 17.977049  
 131 	 1.150825 	 17.977049  
 132 	 1.150825 	 17.977049  
 133 	 1.173585 	 17.800403  
 134 	 1.173585 	 17.800403  
 135 	 1.173585 	 17.800403  
 136 	 1.177076 	 18.246545  
 137 	 1.177076 	 18.246545  
 138 	 1.177076 	 18.246545  
 139 	 1.186745 	 17.809138  
 140 	 1.186745 	 17.809138  
 141 	 1.224437 	 19.787541  
 142 	 1.224437 	 19.787541  
 143 	 1.224437 	 19.787541  
 144 	 1.234274 	 18.339828  
 145 	 1.234274 	 18.339828  
 146 	 1.237737 	 18.026669  
 147 	 1.237737 	 18.026669  
 148 	 1.237737 	 18.026669  
 149 	 1.239503 	 18.115354  
 150 	 1.239503 	 18.115354  
 151 	 1.239503 	 18.115354  
 152 	 1.243260 	 17.546245  
 153 	 1.248711 	 18.071590  
 154 	 1.289847 	 18.375826  
 155 	 1.289847 	 18.375826  
 156 	 1.289847 	 18.375826  
 157 	 1.290504 	 17.848795  
 158 	 1.290504 	 17.848795  
 159 	 1.297569 	 19.802938  
 160 	 1.297569 	 19.802938  
 161 	 1.362646 	 18.508175  
 162 	 1.362646 	 18.508175  
 163 	 1.362646 	 18.508175  
 164 	 1.363936 	 18.764699  
 165 	 1.363936 	 18.764699  
 166 	 1.363936 	 18.764699  
 167 	 1.392428 	 19.142699  
 168 	 1.392428 	 19.142699  
 169 	 1.403330 	 18.497486  
 170 	 1.403330 	 18.497486  
 171 	 1.403330 	 18.497486  
 172 	 1.408296 	 18.887762  
 173 	 1.408296 	 18.887762  
 174 	 1.408296 	 18.887762  
 175 	 1.413598 	 18.333845  
 176 	 1.413598 	 18.333845  
 177 	 1.413598 	 18.333845  
 178 	 1.439032 	 19.077676  
 179 	 1.439032 	 19.077676  
 180 	 1.499306 	 18.739898  
 181 	 1.504268 	 18.711054  
 182 	 1.504268 	 18.711054  
 183 	 1.504268 	 18.711054  
 184 	 1.527212 	 18.591846  
 185 	 1.527212 	 18.591846  
 186 	 1.527212 	 18.591846  
 187 	 1.534856 	 19.003714  
 188 	 1.534856 	 19.003714  
 189 	 1.534856 	 19.003714  
 190 	 1.565463 	 19.250488  
 191 	 1.565463 	 19.250488  
 192 	 1.565463 	 19.250488  
 193 	 1.583380 	 19.172314  
 194 	 1.591277 	 19.463001  
 195 	 1.591277 	 19.463001  
 196 	 1.591277 	 19.463001  
 197 	 1.622857 	 19.314250  
 198 	 1.622857 	 19.314250  
 199 	 1.622857 	 19.314250  
 200 	 1.625254 	 19.467571  
 201 	 1.649501 	 18.909099  
 202 	 1.649501 	 18.909099  
 203 	 1.649501 	 18.909099  
 204 	 1.659104 	 18.907133  
 205 	 1.659900 	 19.344795  
 206 	 1.659900 	 19.344795  
 207 	 1.664564 	 18.851066  
 208 	 1.664564 	 18.851066  
 209 	 1.694026 	 19.014742  
 210 	 1.694026 	 19.014742  
 211 	 1.694026 	 19.014742  
 212 	 1.730435 	 19.115879  
 213 	 1.730435 	 19.115879  
 214 	 1.730435 	 19.115879  
 215 	 1.735209 	 18.835129  
 216 	 1.735209 	 18.835129  
 217 	 1.735209 	 18.835129  
 218 	 1.740762 	 18.995370  
 219 	 1.740762 	 18.995370  
 220 	 1.740762 	 18.995370  
 221 	 1.742934 	 19.137509  
 222 	 1.840915 	 18.899507  
 223 	 1.840915 	 18.899507  
 224 	 1.840915 	 18.899507  
 225 	 1.841401 	 18.805839  
 226 	 1.841401 	 18.805839  
 227 	 1.841401 	 18.805839  
 228 	 1.866928 	 18.957686  
 229 	 1.866928 	 18.957686  
 230 	 1.913604 	 19.133394  
 231 	 1.918284 	 18.921501  
 232 	 1.918284 	 18.921501  
 233 	 1.918284 	 18.921501  
 234 	 1.930557 	 18.912786  
 235 	 1.930557 	 18.912786  
 236 	 1.930557 	 18.912786  
