0.000000	0.000000
0.010000	0.000000
0.020000	0.000000
0.030000	0.000000
0.040000	0.000000
0.050000	0.000000
0.060000	0.000000
0.070000	0.000000
0.080000	0.000000
0.090000	0.000000
0.100000	0.000000
0.110000	0.000000
0.120000	0.000000
0.130000	0.000000
0.140000	0.000000
0.150000	0.000000
0.160000	0.000000
0.170000	0.000000
0.180000	0.000000
0.190000	0.000000
0.200000	0.000000
0.210000	0.000000
0.220000	0.000000
0.230000	0.000000
0.240000	0.000000
0.250000	0.000000
0.260000	0.000000
0.270000	0.000000
0.280000	0.000000
0.290000	0.000000
0.300000	0.000000
0.310000	0.000000
0.320000	0.000000
0.330000	0.000000
0.340000	0.000000
0.350000	0.000000
0.360000	0.000000
0.370000	0.000000
0.380000	0.000000
0.390000	0.000000
0.400000	0.000000
0.410000	0.000000
0.420000	0.000000
0.430000	0.000000
0.440000	0.000000
0.450000	0.000000
0.460000	0.000000
0.470000	0.000000
0.480000	0.000000
0.490000	0.000000
0.500000	0.000000
0.510000	0.000000
0.520000	0.000000
0.530000	0.000000
0.540000	0.000000
0.550000	0.000000
0.560000	0.000000
0.570000	0.000000
0.580000	0.000000
0.590000	0.000000
0.600000	0.000000
0.610000	0.000000
0.620000	0.000000
0.630000	0.000000
0.640000	0.000000
0.650000	0.000000
0.660000	0.000000
0.670000	0.000000
0.680000	0.000000
0.690000	0.000000
0.700000	0.000000
0.710000	0.000000
0.720000	0.000000
0.730000	0.000000
0.740000	0.000000
0.750000	0.000000
0.760000	0.000000
0.770000	0.000000
0.780000	0.000000
0.790000	0.000000
0.800000	0.000000
0.810000	0.000000
0.820000	0.000000
0.830000	0.000000
0.840000	0.000000
0.850000	0.000000
0.860000	0.000000
0.870000	0.000000
0.880000	0.000000
0.890000	0.000000
0.900000	0.000000
0.910000	0.000000
0.920000	0.000000
0.930000	0.000000
0.940000	0.000000
0.950000	0.000000
0.960000	0.000000
0.970000	0.000000
0.980000	0.000000
0.990000	0.000000
1.000000	0.000020
1.010000	0.004290
1.020000	0.044580
1.030000	0.325310
1.040000	1.561270
1.050000	5.201960
1.060000	12.978360
1.070000	24.949540
1.080000	38.320540
1.090000	47.969250
1.100000	50.860170
1.110000	46.427810
1.120000	37.478590
1.130000	27.224400
1.140000	18.005820
1.150000	11.074190
1.160000	6.410420
1.170000	3.534240
1.180000	1.834860
1.190000	0.933870
1.200000	0.463870
1.210000	0.219870
1.220000	0.098400
1.230000	0.042880
1.240000	0.019550
1.250000	0.008880
1.260000	0.003930
1.270000	0.002260
1.280000	0.000700
1.290000	0.000170
1.300000	0.000000
1.310000	0.000000
1.320000	0.000000
1.330000	0.000170
1.340000	0.000080
1.350000	0.000470
1.360000	0.000700
1.370000	0.002090
1.380000	0.002610
1.390000	0.004490
1.400000	0.007440
1.410000	0.013530
1.420000	0.025440
1.430000	0.045560
1.440000	0.080980
1.450000	0.158280
1.460000	0.288200
1.470000	0.532280
1.480000	1.001650
1.490000	1.815440
1.500000	3.085030
1.510000	4.869720
1.520000	7.132680
1.530000	9.707320
1.540000	12.114840
1.550000	13.751320
1.560000	14.303280
1.570000	13.718190
1.580000	12.112330
1.590000	9.853760
1.600000	7.464530
1.610000	5.298360
1.620000	3.495540
1.630000	2.194650
1.640000	1.302530
1.650000	0.739890
1.660000	0.404680
1.670000	0.219280
1.680000	0.116130
1.690000	0.064400
1.700000	0.035680
1.710000	0.019290
1.720000	0.008960
1.730000	0.004550
1.740000	0.001830
1.750000	0.001240
1.760000	0.000780
1.770000	0.002930
1.780000	0.010130
1.790000	0.032150
1.800000	0.106640
1.810000	0.311890
1.820000	0.828930
1.830000	2.029700
1.840000	4.481670
1.850000	8.906540
1.860000	15.824810
1.870000	25.158210
1.880000	35.844180
1.890000	45.904330
1.900000	52.961670
1.910000	55.281970
1.920000	52.507710
1.930000	45.550570
1.940000	36.479450
1.950000	27.091490
1.960000	18.609470
1.970000	12.013410
1.980000	7.271990
1.990000	4.202180
2.000000	2.312650
2.010000	1.195430
2.020000	0.582280
2.030000	0.279780
2.040000	0.128410
2.050000	0.051380
2.060000	0.021650
2.070000	0.009610
2.080000	0.005230
2.090000	0.012620
2.100000	0.046430
2.110000	0.157100
2.120000	0.467470
2.130000	1.177420
2.140000	2.603730
2.150000	5.040460
2.160000	8.584670
2.170000	13.014890
2.180000	17.441180
2.190000	21.150310
2.200000	23.153790
2.210000	23.089840
2.220000	21.176940
2.230000	17.948890
2.240000	14.091970
2.250000	10.368300
2.260000	7.142590
2.270000	4.671320
2.280000	2.898990
2.290000	1.715470
2.300000	0.955590
2.310000	0.542570
2.320000	0.292330
2.330000	0.169320
2.340000	0.144450
2.350000	0.201580
2.360000	0.408420
2.370000	0.855500
2.380000	1.706400
2.390000	3.219370
2.400000	5.703810
2.410000	9.334390
2.420000	14.036920
2.430000	19.565350
2.440000	25.171730
2.450000	29.854590
2.460000	32.987160
2.470000	33.643860
2.480000	31.852330
2.490000	28.091850
2.500000	23.097940
2.510000	17.697990
2.520000	12.743070
2.530000	8.666620
2.540000	5.552260
2.550000	3.378860
2.560000	1.937060
2.570000	1.094000
2.580000	0.594790
2.590000	0.319410
2.600000	0.228350
2.610000	0.280500
2.620000	0.524580
2.630000	1.034400
2.640000	1.900190
2.650000	3.200320
2.660000	4.983380
2.670000	6.905680
2.680000	8.802850
2.690000	10.211230
2.700000	10.924850
2.710000	10.652130
2.720000	9.653380
2.730000	8.121040
2.740000	6.340790
2.750000	4.619720
2.760000	3.155380
2.770000	2.028340
2.780000	1.235750
2.790000	0.742020
2.800000	0.488060
2.810000	0.513480
2.820000	0.895540
2.830000	1.870650
2.840000	3.763990
2.850000	7.039130
2.860000	12.036460
2.870000	19.058660
2.880000	27.439070
2.890000	36.328690
2.900000	44.177340
2.910000	49.498600
2.920000	51.497290
2.930000	49.839260
2.940000	44.845840
2.950000	37.708020
2.960000	29.772130
2.970000	22.222040
2.980000	15.615260
2.990000	10.413740
3.000000	6.617990
3.010000	4.068260
3.020000	2.463800
3.030000	1.534530
3.040000	1.151100
3.050000	1.147200
3.060000	1.447960
3.070000	1.999020
3.080000	2.708810
3.090000	3.503620
3.100000	4.279730
3.110000	4.875880
3.120000	5.155120
3.130000	5.146280
3.140000	4.799110
3.150000	4.198380
3.160000	3.497320
3.170000	2.683330
3.180000	1.991840
3.190000	1.429910
3.200000	1.106620
3.210000	1.053000
3.220000	1.391040
3.230000	2.255410
3.240000	3.839020
3.250000	6.204290
3.260000	9.452250
3.270000	13.356940
3.280000	17.570980
3.290000	21.403590
3.300000	24.267700
3.310000	25.694570
3.320000	25.468030
3.330000	23.658200
3.340000	20.644440
3.350000	16.935870
3.360000	13.086230
3.370000	9.574700
3.380000	6.785020
3.390000	4.667030
3.400000	3.410440
3.410000	2.906500
3.420000	3.204740
3.430000	4.141300
3.440000	5.698460
3.450000	7.712790
3.460000	9.901140
3.470000	11.917360
3.480000	13.469880
3.490000	14.265000
3.500000	14.158780
3.510000	13.218560
3.520000	11.625900
3.530000	9.606900
3.540000	7.601230
3.550000	5.730530
3.560000	4.234030
3.570000	3.177650
3.580000	2.692860
3.590000	2.754450
3.600000	3.367020
3.610000	4.493840
3.620000	6.055270
3.630000	7.877970
3.640000	9.571300
3.650000	10.922690
3.660000	11.660830
3.670000	11.724590
3.680000	11.172550
3.690000	10.022300
3.700000	8.589950
3.710000	6.892390
3.720000	5.336940
3.730000	4.086850
3.740000	3.171820
3.750000	2.738660
3.760000	2.802950
3.770000	3.323350
3.780000	4.209770
3.790000	5.323700
3.800000	6.480860
3.810000	7.495830
3.820000	8.111070
3.830000	8.243100
3.840000	8.014790
3.850000	7.351780
3.860000	6.368460
3.870000	5.305910
3.880000	4.430290
3.890000	3.905920
3.900000	3.958160
3.910000	4.708410
3.920000	6.312860
3.930000	8.725070
3.940000	11.749350
3.950000	15.131620
3.960000	18.419870
3.970000	21.078760
3.980000	22.765150
3.990000	23.142880
4.000000	22.114680
4.010000	20.111360
4.020000	17.230860
4.030000	13.941120
4.040000	10.740290
4.050000	7.864310
4.060000	5.576170
4.070000	3.723220
4.080000	2.393360
4.090000	1.485680
4.100000	0.868400
4.110000	0.484900
4.120000	0.262910
4.130000	0.140580
4.140000	0.079180
4.150000	0.059920
4.160000	0.076260
4.170000	0.140730
4.180000	0.279060
4.190000	0.529630
4.200000	0.932780
4.210000	1.538330
4.220000	2.420660
4.230000	3.487810
4.240000	4.785140
4.250000	6.177790
4.260000	7.475920
4.270000	8.464270
4.280000	9.096410
4.290000	9.170640
4.300000	8.719440
4.310000	7.870000
4.320000	6.728790
4.330000	5.464970
4.340000	4.298840
4.350000	3.273120
4.360000	2.534020
4.370000	2.011570
4.380000	1.716560
4.390000	1.607080
4.400000	1.627810
4.410000	1.671330
4.420000	1.741140
4.430000	1.739250
4.440000	1.665790
4.450000	1.554910
4.460000	1.400290
4.470000	1.229810
4.480000	1.098070
4.490000	1.035170
4.500000	1.080550
4.510000	1.212630
4.520000	1.420170
4.530000	1.680430
4.540000	1.925400
4.550000	2.138780
4.560000	2.293620
4.570000	2.292590
4.580000	2.165720
4.590000	1.983350
4.600000	1.737360
4.610000	1.435980
4.620000	1.191620
4.630000	1.026280
4.640000	0.900090
4.650000	0.854410
4.660000	0.877380
4.670000	0.923590
4.680000	1.019010
4.690000	1.068450
4.700000	1.107880
4.710000	1.124670
4.720000	1.096660
4.730000	1.037950
4.740000	0.973460
4.750000	0.952270
4.760000	1.005930
4.770000	1.113530
4.780000	1.280320
4.790000	1.523960
4.800000	1.770150
4.810000	1.989430
4.820000	2.169610
4.830000	2.233550
4.840000	2.220580
4.850000	2.115570
4.860000	1.901220
4.870000	1.686110
4.880000	1.453900
4.890000	1.261110
4.900000	1.107410
4.910000	1.057020
4.920000	1.048410
4.930000	1.092230
4.940000	1.147810
4.950000	1.173050
4.960000	1.176730
4.970000	1.090620
4.980000	1.004220
4.990000	0.859430
5.000000	0.709550
5.010000	0.544800
5.020000	0.411080
5.030000	0.280170
5.040000	0.189960
5.050000	0.122760
5.060000	0.073870
5.070000	0.046330
5.080000	0.024610
5.090000	0.013250
5.100000	0.006580
5.110000	0.003020
5.120000	0.001450
5.130000	0.000650
5.140000	0.000760
5.150000	0.000190
5.160000	0.000070
5.170000	0.000100
5.180000	0.000100
5.190000	0.000000
5.200000	0.000000
5.210000	0.000000
5.220000	0.000000
5.230000	0.000000
5.240000	0.000000
5.250000	0.000000
5.260000	0.000000
5.270000	0.000000
5.280000	0.000000
5.290000	0.000000
5.300000	0.000000
5.310000	0.000000
5.320000	0.000000
5.330000	0.000000
5.340000	0.000000
5.350000	0.000000
5.360000	0.000000
5.370000	0.000000
5.380000	0.000000
5.390000	0.000000
5.400000	0.000000
5.410000	0.000000
5.420000	0.000000
5.430000	0.000000
5.440000	0.000000
5.450000	0.000000
5.460000	0.000000
5.470000	0.000000
5.480000	0.000000
5.490000	0.000000
5.500000	0.000000
5.510000	0.000000
5.520000	0.000000
5.530000	0.000000
5.540000	0.000000
5.550000	0.000000
5.560000	0.000000
5.570000	0.000000
5.580000	0.000000
5.590000	0.000000
5.600000	0.000000
5.610000	0.000000
5.620000	0.000000
5.630000	0.000000
5.640000	0.000000
5.650000	0.000000
5.660000	0.000000
5.670000	0.000000
5.680000	0.000000
5.690000	0.000000
5.700000	0.000000
5.710000	0.000000
5.720000	0.000000
5.730000	0.000000
5.740000	0.000000
5.750000	0.000000
5.760000	0.000000
5.770000	0.000000
5.780000	0.000000
5.790000	0.000000
5.800000	0.000000
5.810000	0.000000
5.820000	0.000000
5.830000	0.000000
5.840000	0.000000
5.850000	0.000000
5.860000	0.000000
5.870000	0.000000
5.880000	0.000000
5.890000	0.000000
5.900000	0.000000
5.910000	0.000000
5.920000	0.000000
5.930000	0.000000
5.940000	0.000000
5.950000	0.000000
5.960000	0.000000
5.970000	0.000000
5.980000	0.000000
5.990000	0.000000
6.000000	0.000000
6.010000	0.000000
6.020000	0.000000
6.030000	0.000000
6.040000	0.000000
6.050000	0.000000
6.060000	0.000000
6.070000	0.000000
6.080000	0.000000
6.090000	0.000000
6.100000	0.000000
6.110000	0.000000
6.120000	0.000000
6.130000	0.000000
6.140000	0.000000
6.150000	0.000000
6.160000	0.000000
6.170000	0.000000
6.180000	0.000000
6.190000	0.000000
6.200000	0.000000
6.210000	0.000000
6.220000	0.000000
6.230000	0.000000
6.240000	0.000000
6.250000	0.000000
6.260000	0.000000
6.270000	0.000000
6.280000	0.000000
6.290000	0.000000
6.300000	0.000000
6.310000	0.000000
6.320000	0.000000
6.330000	0.000000
6.340000	0.000000
6.350000	0.000000
6.360000	0.000000
6.370000	0.000000
6.380000	0.000000
6.390000	0.000000
6.400000	0.000000
6.410000	0.000000
6.420000	0.000000
6.430000	0.000000
6.440000	0.000000
6.450000	0.000000
6.460000	0.000000
6.470000	0.000000
6.480000	0.000000
6.490000	0.000000
6.500000	0.000000
6.510000	0.000000
6.520000	0.000000
6.530000	0.000000
6.540000	0.000000
6.550000	0.000000
6.560000	0.000000
6.570000	0.000000
6.580000	0.000000
6.590000	0.000000
6.600000	0.000000
6.610000	0.000000
6.620000	0.000000
6.630000	0.000000
6.640000	0.000000
6.650000	0.000000
6.660000	0.000000
6.670000	0.000000
6.680000	0.000000
6.690000	0.000000
6.700000	0.000000
6.710000	0.000000
6.720000	0.000000
6.730000	0.000000
6.740000	0.000000
6.750000	0.000000
6.760000	0.000000
6.770000	0.000000
6.780000	0.000000
6.790000	0.000000
6.800000	0.000000
6.810000	0.000000
6.820000	0.000000
6.830000	0.000000
6.840000	0.000000
6.850000	0.000000
6.860000	0.000000
6.870000	0.000000
6.880000	0.000000
6.890000	0.000000
6.900000	0.000000
6.910000	0.000000
6.920000	0.000000
6.930000	0.000000
6.940000	0.000000
6.950000	0.000000
6.960000	0.000000
6.970000	0.000000
6.980000	0.000000
6.990000	0.000000
