0.000000	0.000000
0.010000	0.000000
0.020000	0.000000
0.030000	0.000000
0.040000	0.000000
0.050000	0.000000
0.060000	0.000000
0.070000	0.000000
0.080000	0.000000
0.090000	0.000000
0.100000	0.000000
0.110000	0.000000
0.120000	0.000000
0.130000	0.000000
0.140000	0.000000
0.150000	0.000000
0.160000	0.000000
0.170000	0.000000
0.180000	0.000000
0.190000	0.000000
0.200000	0.000000
0.210000	0.000000
0.220000	0.000000
0.230000	0.000000
0.240000	0.000000
0.250000	0.000000
0.260000	0.000000
0.270000	0.000000
0.280000	0.000000
0.290000	0.000000
0.300000	0.000000
0.310000	0.000000
0.320000	0.000000
0.330000	0.000000
0.340000	0.000000
0.350000	0.000000
0.360000	0.000000
0.370000	0.000000
0.380000	0.000000
0.390000	0.000000
0.400000	0.000000
0.410000	0.000000
0.420000	0.000000
0.430000	0.000000
0.440000	0.000000
0.450000	0.000000
0.460000	0.000000
0.470000	0.000000
0.480000	0.000000
0.490000	0.000000
0.500000	0.000000
0.510000	0.000000
0.520000	0.000000
0.530000	0.000000
0.540000	0.000000
0.550000	0.000000
0.560000	0.000000
0.570000	0.000000
0.580000	0.000000
0.590000	0.000000
0.600000	0.000000
0.610000	0.000000
0.620000	0.000000
0.630000	0.000000
0.640000	0.000000
0.650000	0.000000
0.660000	0.000000
0.670000	0.000000
0.680000	0.000000
0.690000	0.000000
0.700000	0.000000
0.710000	0.000000
0.720000	0.000000
0.730000	0.000000
0.740000	0.000000
0.750000	0.000000
0.760000	0.000000
0.770000	0.000000
0.780000	0.000000
0.790000	0.000000
0.800000	0.000000
0.810000	0.000000
0.820000	0.000000
0.830000	0.000000
0.840000	0.000000
0.850000	0.000000
0.860000	0.000000
0.870000	0.000000
0.880000	0.000000
0.890000	0.000000
0.900000	0.000000
0.910000	0.000000
0.920000	0.000000
0.930000	0.000000
0.940000	0.000000
0.950000	0.000020
0.960000	0.000150
0.970000	0.001670
0.980000	0.010970
0.990000	0.059720
1.000000	0.240370
1.010000	0.765870
1.020000	1.933080
1.030000	4.098080
1.040000	7.464890
1.050000	11.934470
1.060000	16.934370
1.070000	21.909320
1.080000	25.950380
1.090000	28.718100
1.100000	29.773680
1.110000	29.237280
1.120000	27.345490
1.130000	24.616890
1.140000	21.385070
1.150000	17.961320
1.160000	14.787900
1.170000	11.891630
1.180000	9.382620
1.190000	7.295040
1.200000	5.581000
1.210000	4.271290
1.220000	3.185230
1.230000	2.397050
1.240000	1.798180
1.250000	1.346110
1.260000	1.006840
1.270000	0.746760
1.280000	0.546320
1.290000	0.404930
1.300000	0.306650
1.310000	0.242560
1.320000	0.196480
1.330000	0.162320
1.340000	0.139950
1.350000	0.128490
1.360000	0.128280
1.370000	0.143600
1.380000	0.165370
1.390000	0.204910
1.400000	0.255580
1.410000	0.328980
1.420000	0.436220
1.430000	0.595230
1.440000	0.803520
1.450000	1.077440
1.460000	1.426000
1.470000	1.855480
1.480000	2.372820
1.490000	3.016380
1.500000	3.711220
1.510000	4.458700
1.520000	5.249520
1.530000	6.022370
1.540000	6.716850
1.550000	7.303200
1.560000	7.718940
1.570000	7.922610
1.580000	7.940450
1.590000	7.737840
1.600000	7.267590
1.610000	6.719500
1.620000	6.047230
1.630000	5.341010
1.640000	4.586090
1.650000	3.820180
1.660000	3.148140
1.670000	2.562300
1.680000	2.033740
1.690000	1.603490
1.700000	1.254200
1.710000	0.985100
1.720000	0.785660
1.730000	0.627690
1.740000	0.546470
1.750000	0.531790
1.760000	0.601440
1.770000	0.768590
1.780000	1.099000
1.790000	1.614850
1.800000	2.378070
1.810000	3.495390
1.820000	5.007850
1.830000	7.056020
1.840000	9.542780
1.850000	12.464820
1.860000	15.839140
1.870000	19.407260
1.880000	22.916520
1.890000	26.068450
1.900000	28.590230
1.910000	30.387100
1.920000	31.161670
1.930000	30.994490
1.940000	29.896740
1.950000	28.061220
1.960000	25.610610
1.970000	22.784620
1.980000	19.743310
1.990000	16.748840
2.000000	13.956500
2.010000	11.376090
2.020000	9.136730
2.030000	7.201490
2.040000	5.618110
2.050000	4.336490
2.060000	3.351890
2.070000	2.600910
2.080000	2.138060
2.090000	1.927730
2.100000	1.979750
2.110000	2.294270
2.120000	2.909220
2.130000	3.807520
2.140000	4.907500
2.150000	6.274700
2.160000	7.707450
2.170000	9.183190
2.180000	10.578910
2.190000	11.746560
2.200000	12.601660
2.210000	13.131480
2.220000	13.258510
2.230000	12.942800
2.240000	12.431790
2.250000	11.609840
2.260000	10.534400
2.270000	9.404470
2.280000	8.275080
2.290000	7.172760
2.300000	6.164900
2.310000	5.348270
2.320000	4.667010
2.330000	4.209080
2.340000	3.959730
2.350000	3.956760
2.360000	4.194800
2.370000	4.726320
2.380000	5.511980
2.390000	6.569830
2.400000	7.818350
2.410000	9.272670
2.420000	10.861470
2.430000	12.513340
2.440000	14.131350
2.450000	15.692940
2.460000	16.912940
2.470000	17.816320
2.480000	18.410430
2.490000	18.582350
2.500000	18.300550
2.510000	17.620670
2.520000	16.565530
2.530000	15.263720
2.540000	13.765070
2.550000	12.179620
2.560000	10.561100
2.570000	9.062020
2.580000	7.712180
2.590000	6.564100
2.600000	5.608900
2.610000	4.885250
2.620000	4.439120
2.630000	4.197940
2.640000	4.192150
2.650000	4.331930
2.660000	4.642250
2.670000	4.987880
2.680000	5.385580
2.690000	5.772350
2.700000	6.080740
2.710000	6.295370
2.720000	6.371630
2.730000	6.309450
2.740000	6.158190
2.750000	5.880270
2.760000	5.567830
2.770000	5.235270
2.780000	4.967200
2.790000	4.863200
2.800000	4.985890
2.810000	5.391300
2.820000	6.108560
2.830000	7.208420
2.840000	8.741570
2.850000	10.669740
2.860000	12.953520
2.870000	15.502200
2.880000	18.237790
2.890000	20.850810
2.900000	23.337960
2.910000	25.541420
2.920000	27.266720
2.930000	28.406390
2.940000	28.839620
2.950000	28.612210
2.960000	27.807990
2.970000	26.442830
2.980000	24.631330
2.990000	22.457690
3.000000	20.180790
3.010000	17.868720
3.020000	15.573870
3.030000	13.381190
3.040000	11.451010
3.050000	9.804490
3.060000	8.345950
3.070000	7.154560
3.080000	6.205860
3.090000	5.512720
3.100000	4.969680
3.110000	4.561590
3.120000	4.289270
3.130000	4.082870
3.140000	3.921830
3.150000	3.804550
3.160000	3.756160
3.170000	3.729040
3.180000	3.758810
3.190000	3.845450
3.200000	4.046490
3.210000	4.373180
3.220000	4.790960
3.230000	5.388330
3.240000	6.143600
3.250000	6.994230
3.260000	8.035380
3.270000	9.133100
3.280000	10.229570
3.290000	11.336290
3.300000	12.358300
3.310000	13.309460
3.320000	13.941130
3.330000	14.376750
3.340000	14.531780
3.350000	14.491480
3.360000	14.242320
3.370000	13.730570
3.380000	13.117140
3.390000	12.427520
3.400000	11.701630
3.410000	11.005940
3.420000	10.431020
3.430000	9.873290
3.440000	9.503400
3.450000	9.243230
3.460000	9.086590
3.470000	9.021860
3.480000	9.001550
3.490000	9.020120
3.500000	9.029680
3.510000	9.016260
3.520000	8.883120
3.530000	8.727420
3.540000	8.557520
3.550000	8.289860
3.560000	7.997350
3.570000	7.752210
3.580000	7.468370
3.590000	7.278210
3.600000	7.106850
3.610000	7.079060
3.620000	7.085110
3.630000	7.143900
3.640000	7.239430
3.650000	7.374420
3.660000	7.519340
3.670000	7.627900
3.680000	7.715230
3.690000	7.698020
3.700000	7.550280
3.710000	7.432300
3.720000	7.194990
3.730000	6.996860
3.740000	6.695030
3.750000	6.471470
3.760000	6.258470
3.770000	6.074650
3.780000	5.973280
3.790000	5.920280
3.800000	5.896840
3.810000	5.921340
3.820000	5.982380
3.830000	6.053010
3.840000	6.158670
3.850000	6.281260
3.860000	6.416200
3.870000	6.577510
3.880000	6.793080
3.890000	7.022960
3.900000	7.358070
3.910000	7.781000
3.920000	8.257590
3.930000	8.847050
3.940000	9.432200
3.950000	10.102010
3.960000	10.770100
3.970000	11.443070
3.980000	12.067930
3.990000	12.550270
4.000000	12.907730
4.010000	13.087490
4.020000	13.080380
4.030000	12.842770
4.040000	12.511350
4.050000	11.985370
4.060000	11.241140
4.070000	10.394950
4.080000	9.480030
4.090000	8.546040
4.100000	7.589580
4.110000	6.665210
4.120000	5.788470
4.130000	5.000300
4.140000	4.328160
4.150000	3.732010
4.160000	3.234570
4.170000	2.865280
4.180000	2.588730
4.190000	2.431780
4.200000	2.371340
4.210000	2.440890
4.220000	2.578620
4.230000	2.801620
4.240000	3.085290
4.250000	3.386440
4.260000	3.724150
4.270000	4.002580
4.280000	4.312620
4.290000	4.631890
4.300000	4.854380
4.310000	5.028010
4.320000	5.117720
4.330000	5.148670
4.340000	5.129800
4.350000	5.014470
4.360000	4.839490
4.370000	4.580070
4.380000	4.330580
4.390000	4.054150
4.400000	3.753200
4.410000	3.453040
4.420000	3.171220
4.430000	2.923010
4.440000	2.670680
4.450000	2.423530
4.460000	2.247960
4.470000	2.101680
4.480000	1.977940
4.490000	1.853070
4.500000	1.766120
4.510000	1.679530
4.520000	1.651720
4.530000	1.634300
4.540000	1.623430
4.550000	1.605940
4.560000	1.607070
4.570000	1.612130
4.580000	1.595530
4.590000	1.591930
4.600000	1.611350
4.610000	1.575430
4.620000	1.552590
4.630000	1.512820
4.640000	1.472430
4.650000	1.421240
4.660000	1.371280
4.670000	1.332500
4.680000	1.277060
4.690000	1.234020
4.700000	1.203980
4.710000	1.166470
4.720000	1.154750
4.730000	1.148250
4.740000	1.154660
4.750000	1.143750
4.760000	1.167700
4.770000	1.196250
4.780000	1.221720
4.790000	1.257510
4.800000	1.293130
4.810000	1.335980
4.820000	1.380470
4.830000	1.411510
4.840000	1.453170
4.850000	1.489760
4.860000	1.515140
4.870000	1.534770
4.880000	1.534810
4.890000	1.543200
4.900000	1.532220
4.910000	1.500890
4.920000	1.456360
4.930000	1.422790
4.940000	1.381260
4.950000	1.323690
4.960000	1.273750
4.970000	1.222170
4.980000	1.171570
4.990000	1.087630
5.000000	1.025360
5.010000	0.942550
5.020000	0.873420
5.030000	0.807510
5.040000	0.738820
5.050000	0.668500
5.060000	0.602960
5.070000	0.531070
5.080000	0.463530
5.090000	0.408830
5.100000	0.350160
5.110000	0.294760
5.120000	0.246040
5.130000	0.204260
5.140000	0.171470
5.150000	0.139640
5.160000	0.114290
5.170000	0.092980
5.180000	0.071580
5.190000	0.058210
5.200000	0.046770
5.210000	0.037630
5.220000	0.029720
5.230000	0.022960
5.240000	0.015630
5.250000	0.011380
5.260000	0.008370
5.270000	0.005940
5.280000	0.004690
5.290000	0.003240
5.300000	0.002140
5.310000	0.001810
5.320000	0.001620
5.330000	0.001120
5.340000	0.000810
5.350000	0.000670
5.360000	0.000510
5.370000	0.000160
5.380000	0.000100
5.390000	0.000110
5.400000	0.000030
5.410000	0.000020
5.420000	0.000030
5.430000	0.000020
5.440000	0.000020
5.450000	0.000040
5.460000	0.000030
5.470000	0.000030
5.480000	0.000040
5.490000	0.000040
5.500000	0.000060
5.510000	0.000090
5.520000	0.000060
5.530000	0.000000
5.540000	0.000000
5.550000	0.000000
5.560000	0.000000
5.570000	0.000000
5.580000	0.000000
5.590000	0.000000
5.600000	0.000000
5.610000	0.000000
5.620000	0.000000
5.630000	0.000000
5.640000	0.000000
5.650000	0.000000
5.660000	0.000000
5.670000	0.000000
5.680000	0.000000
5.690000	0.000000
5.700000	0.000000
5.710000	0.000000
5.720000	0.000000
5.730000	0.000000
5.740000	0.000000
5.750000	0.000000
5.760000	0.000000
5.770000	0.000000
5.780000	0.000000
5.790000	0.000000
5.800000	0.000000
5.810000	0.000000
5.820000	0.000000
5.830000	0.000000
5.840000	0.000000
5.850000	0.000000
5.860000	0.000000
5.870000	0.000000
5.880000	0.000000
5.890000	0.000000
5.900000	0.000000
5.910000	0.000000
5.920000	0.000000
5.930000	0.000000
5.940000	0.000000
5.950000	0.000000
5.960000	0.000000
5.970000	0.000000
5.980000	0.000000
5.990000	0.000000
6.000000	0.000000
6.010000	0.000000
6.020000	0.000000
6.030000	0.000000
6.040000	0.000000
6.050000	0.000000
6.060000	0.000000
6.070000	0.000000
6.080000	0.000000
6.090000	0.000000
6.100000	0.000000
6.110000	0.000000
6.120000	0.000000
6.130000	0.000000
6.140000	0.000000
6.150000	0.000000
6.160000	0.000000
6.170000	0.000000
6.180000	0.000000
6.190000	0.000000
6.200000	0.000000
6.210000	0.000000
6.220000	0.000000
6.230000	0.000000
6.240000	0.000000
6.250000	0.000000
6.260000	0.000000
6.270000	0.000000
6.280000	0.000000
6.290000	0.000000
6.300000	0.000000
6.310000	0.000000
6.320000	0.000000
6.330000	0.000000
6.340000	0.000000
6.350000	0.000000
6.360000	0.000000
6.370000	0.000000
6.380000	0.000000
6.390000	0.000000
6.400000	0.000000
6.410000	0.000000
6.420000	0.000000
6.430000	0.000000
6.440000	0.000000
6.450000	0.000000
6.460000	0.000000
6.470000	0.000000
6.480000	0.000000
6.490000	0.000000
6.500000	0.000000
6.510000	0.000000
6.520000	0.000000
6.530000	0.000000
6.540000	0.000000
6.550000	0.000000
6.560000	0.000000
6.570000	0.000000
6.580000	0.000000
6.590000	0.000000
6.600000	0.000000
6.610000	0.000000
6.620000	0.000000
6.630000	0.000000
6.640000	0.000000
6.650000	0.000000
6.660000	0.000000
6.670000	0.000000
6.680000	0.000000
6.690000	0.000000
6.700000	0.000000
6.710000	0.000000
6.720000	0.000000
6.730000	0.000000
6.740000	0.000000
6.750000	0.000000
6.760000	0.000000
6.770000	0.000000
6.780000	0.000000
6.790000	0.000000
6.800000	0.000000
6.810000	0.000000
6.820000	0.000000
6.830000	0.000000
6.840000	0.000000
6.850000	0.000000
6.860000	0.000000
6.870000	0.000000
6.880000	0.000000
6.890000	0.000000
6.900000	0.000000
6.910000	0.000000
6.920000	0.000000
6.930000	0.000000
6.940000	0.000000
6.950000	0.000000
6.960000	0.000000
6.970000	0.000000
6.980000	0.000000
6.990000	0.000000
