0.000000	0.000000
0.010000	0.000000
0.020000	0.000000
0.030000	0.000000
0.040000	0.000000
0.050000	0.000000
0.060000	0.000000
0.070000	0.000000
0.080000	0.000000
0.090000	0.000000
0.100000	0.000000
0.110000	0.000000
0.120000	0.000000
0.130000	0.000000
0.140000	0.000000
0.150000	0.000000
0.160000	0.000000
0.170000	0.000000
0.180000	0.000000
0.190000	0.000000
0.200000	0.000000
0.210000	0.000000
0.220000	0.000000
0.230000	0.000000
0.240000	0.000000
0.250000	0.000000
0.260000	0.000000
0.270000	0.000000
0.280000	0.000000
0.290000	0.000000
0.300000	0.000000
0.310000	0.000000
0.320000	0.000000
0.330000	0.000000
0.340000	0.000000
0.350000	0.000000
0.360000	0.000000
0.370000	0.000000
0.380000	0.000000
0.390000	0.000000
0.400000	0.000000
0.410000	0.000000
0.420000	0.000000
0.430000	0.000000
0.440000	0.000000
0.450000	0.000000
0.460000	0.000000
0.470000	0.000000
0.480000	0.000000
0.490000	0.000000
0.500000	0.000000
0.510000	0.000000
0.520000	0.000000
0.530000	0.000000
0.540000	0.000000
0.550000	0.000000
0.560000	0.000000
0.570000	0.000000
0.580000	0.000000
0.590000	0.000000
0.600000	0.000000
0.610000	0.000000
0.620000	0.000000
0.630000	0.000000
0.640000	0.000000
0.650000	0.000000
0.660000	0.000000
0.670000	0.000000
0.680000	0.000000
0.690000	0.000000
0.700000	0.000000
0.710000	0.000000
0.720000	0.000000
0.730000	0.000000
0.740000	0.000000
0.750000	0.000000
0.760000	0.000000
0.770000	0.000000
0.780000	0.000000
0.790000	0.000000
0.800000	0.000000
0.810000	0.000000
0.820000	0.000000
0.830000	0.000000
0.840000	0.000000
0.850000	0.000000
0.860000	0.000000
0.870000	0.000000
0.880000	0.000000
0.890000	0.000000
0.900000	0.000000
0.910000	0.000000
0.920000	0.000000
0.930000	0.000000
0.940000	0.000000
0.950000	0.000000
0.960000	0.000000
0.970000	0.000000
0.980000	0.000000
0.990000	0.000000
1.000000	0.000000
1.010000	0.000210
1.020000	0.006790
1.030000	0.077410
1.040000	0.605450
1.050000	2.989830
1.060000	10.000710
1.070000	23.548620
1.080000	40.957170
1.090000	54.844980
1.100000	58.407950
1.110000	51.411160
1.120000	38.549980
1.130000	25.252250
1.140000	14.670700
1.150000	7.810780
1.160000	3.840550
1.170000	1.746620
1.180000	0.752830
1.190000	0.321620
1.200000	0.126950
1.210000	0.048930
1.220000	0.017980
1.230000	0.007170
1.240000	0.002520
1.250000	0.000670
1.260000	0.000170
1.270000	0.000000
1.280000	0.000000
1.290000	0.000000
1.300000	0.000000
1.310000	0.000000
1.320000	0.000000
1.330000	0.000000
1.340000	0.000000
1.350000	0.000160
1.360000	0.000250
1.370000	0.000540
1.380000	0.000700
1.390000	0.002150
1.400000	0.004360
1.410000	0.006490
1.420000	0.010810
1.430000	0.022350
1.440000	0.042080
1.450000	0.072310
1.460000	0.146230
1.470000	0.286910
1.480000	0.588730
1.490000	1.224030
1.500000	2.390650
1.510000	4.315970
1.520000	7.153480
1.530000	10.551620
1.540000	13.827020
1.550000	16.045200
1.560000	16.625860
1.570000	15.349190
1.580000	12.620970
1.590000	9.417200
1.600000	6.415450
1.610000	3.997610
1.620000	2.310610
1.630000	1.269230
1.640000	0.656160
1.650000	0.333920
1.660000	0.160580
1.670000	0.073970
1.680000	0.038480
1.690000	0.021640
1.700000	0.008510
1.710000	0.004140
1.720000	0.002680
1.730000	0.000740
1.740000	0.000340
1.750000	0.000260
1.760000	0.000190
1.770000	0.000180
1.780000	0.001400
1.790000	0.006000
1.800000	0.022780
1.810000	0.087040
1.820000	0.296580
1.830000	0.952570
1.840000	2.634300
1.850000	6.416100
1.860000	13.525750
1.870000	24.583790
1.880000	38.636790
1.890000	52.398700
1.900000	61.782380
1.910000	63.801100
1.920000	58.113310
1.930000	47.319290
1.940000	34.426330
1.950000	22.677680
1.960000	13.706980
1.970000	7.557130
1.980000	3.845220
1.990000	1.841980
2.000000	0.826340
2.010000	0.336240
2.020000	0.130010
2.030000	0.050710
2.040000	0.017690
2.050000	0.003700
2.060000	0.001140
2.070000	0.000550
2.080000	0.000460
2.090000	0.001770
2.100000	0.008510
2.110000	0.038530
2.120000	0.161780
2.130000	0.574210
2.140000	1.636580
2.150000	3.902470
2.160000	7.827200
2.170000	13.384800
2.180000	19.536240
2.190000	24.540940
2.200000	27.056980
2.210000	26.425170
2.220000	22.997360
2.230000	17.999720
2.240000	12.822800
2.250000	8.382380
2.260000	5.073200
2.270000	2.800390
2.280000	1.478800
2.290000	0.740720
2.300000	0.347460
2.310000	0.152650
2.320000	0.069190
2.330000	0.038010
2.340000	0.030760
2.350000	0.059430
2.360000	0.143350
2.370000	0.359670
2.380000	0.878820
2.390000	1.997080
2.400000	4.205520
2.410000	7.951770
2.420000	13.590820
2.430000	20.854100
2.440000	28.605610
2.450000	35.296250
2.460000	38.929080
2.470000	38.884560
2.480000	35.014320
2.490000	28.565590
2.500000	21.401760
2.510000	14.744300
2.520000	9.338430
2.530000	5.433350
2.540000	2.925980
2.550000	1.484030
2.560000	0.725020
2.570000	0.324380
2.580000	0.146990
2.590000	0.071660
2.600000	0.055750
2.610000	0.100880
2.620000	0.248810
2.630000	0.655920
2.640000	1.462090
2.650000	2.887820
2.660000	5.013130
2.670000	7.556380
2.680000	10.157680
2.690000	12.076770
2.700000	12.739260
2.710000	11.992660
2.720000	10.193680
2.730000	7.799830
2.740000	5.433090
2.750000	3.513170
2.760000	2.058030
2.770000	1.108470
2.780000	0.551500
2.790000	0.259190
2.800000	0.132890
2.810000	0.125840
2.820000	0.302580
2.830000	0.862840
2.840000	2.184680
2.850000	4.991870
2.860000	10.084520
2.870000	18.042720
2.880000	28.813930
2.890000	40.916600
2.900000	51.717520
2.910000	58.743340
2.920000	60.034320
2.930000	55.601040
2.940000	46.725760
2.950000	36.088500
2.960000	25.633540
2.970000	16.803730
2.980000	10.255930
2.990000	5.878310
3.000000	3.200870
3.010000	1.625160
3.020000	0.831240
3.030000	0.481970
3.040000	0.425770
3.050000	0.617820
3.060000	1.065930
3.070000	1.786370
3.080000	2.779760
3.090000	3.926230
3.100000	5.027790
3.110000	5.865870
3.120000	6.210500
3.130000	5.934010
3.140000	5.208600
3.150000	4.169460
3.160000	3.085870
3.170000	2.089590
3.180000	1.341440
3.190000	0.794290
3.200000	0.489920
3.210000	0.401040
3.220000	0.599760
3.230000	1.295480
3.240000	2.711110
3.250000	5.178340
3.260000	8.966180
3.270000	14.000450
3.280000	19.838870
3.290000	25.248890
3.300000	29.200890
3.310000	30.440620
3.320000	29.059890
3.330000	25.410060
3.340000	20.387680
3.350000	14.976410
3.360000	10.210720
3.370000	6.499870
3.380000	3.845020
3.390000	2.222780
3.400000	1.445930
3.410000	1.358210
3.420000	1.946520
3.430000	3.226810
3.440000	5.316640
3.450000	8.113120
3.460000	11.181420
3.470000	14.130340
3.480000	16.231000
3.490000	16.905270
3.500000	16.172650
3.510000	14.193940
3.520000	11.508830
3.530000	8.624070
3.540000	6.056880
3.550000	3.963730
3.560000	2.510520
3.570000	1.624740
3.580000	1.361430
3.590000	1.649950
3.600000	2.567570
3.610000	4.107170
3.620000	6.225940
3.630000	8.727460
3.640000	11.128850
3.650000	12.914820
3.660000	13.735890
3.670000	13.533660
3.680000	12.251710
3.690000	10.208170
3.700000	7.845000
3.710000	5.728660
3.720000	3.924080
3.730000	2.568020
3.740000	1.757860
3.750000	1.510620
3.760000	1.831250
3.770000	2.678630
3.780000	4.059910
3.790000	5.751840
3.800000	7.483190
3.810000	8.942280
3.820000	9.687500
3.830000	9.658240
3.840000	8.945330
3.850000	7.563340
3.860000	5.930060
3.870000	4.359500
3.880000	3.095490
3.890000	2.314140
3.900000	2.236980
3.910000	3.039230
3.920000	4.941490
3.930000	8.024750
3.940000	12.212090
3.950000	17.140500
3.960000	21.878540
3.970000	25.553840
3.980000	27.444700
3.990000	27.021420
4.000000	24.578660
4.010000	20.575010
4.020000	16.037510
4.030000	11.567060
4.040000	7.839620
4.050000	4.909520
4.060000	2.918340
4.070000	1.620440
4.080000	0.873680
4.090000	0.443840
4.100000	0.213350
4.110000	0.090280
4.120000	0.036400
4.130000	0.015760
4.140000	0.008880
4.150000	0.006750
4.160000	0.016530
4.170000	0.046900
4.180000	0.117680
4.190000	0.284280
4.200000	0.607260
4.210000	1.183460
4.220000	2.162760
4.230000	3.530960
4.240000	5.285280
4.250000	7.189700
4.260000	8.937820
4.270000	10.348090
4.280000	10.913790
4.290000	10.633230
4.300000	9.564030
4.310000	7.928700
4.320000	6.111710
4.330000	4.402970
4.340000	2.993320
4.350000	2.001110
4.360000	1.395430
4.370000	1.141500
4.380000	1.150920
4.390000	1.365550
4.400000	1.625920
4.410000	1.871350
4.420000	2.014180
4.430000	1.969410
4.440000	1.822110
4.450000	1.567190
4.460000	1.278270
4.470000	1.003450
4.480000	0.800070
4.490000	0.743610
4.500000	0.816270
4.510000	1.044740
4.520000	1.411310
4.530000	1.838410
4.540000	2.265250
4.550000	2.593800
4.560000	2.748300
4.570000	2.645820
4.580000	2.385390
4.590000	1.993770
4.600000	1.545210
4.610000	1.141950
4.620000	0.820220
4.630000	0.649330
4.640000	0.590290
4.650000	0.639580
4.660000	0.776080
4.670000	0.981800
4.680000	1.178230
4.690000	1.293380
4.700000	1.331100
4.710000	1.281330
4.720000	1.138240
4.730000	0.980470
4.740000	0.825630
4.750000	0.731120
4.760000	0.739950
4.770000	0.906720
4.780000	1.209220
4.790000	1.593750
4.800000	2.012130
4.810000	2.403190
4.820000	2.646440
4.830000	2.715560
4.840000	2.541060
4.850000	2.226280
4.860000	1.828430
4.870000	1.418280
4.880000	1.068970
4.890000	0.857880
4.900000	0.785940
4.910000	0.841140
4.920000	0.995940
4.930000	1.164090
4.940000	1.294260
4.950000	1.370010
4.960000	1.327980
4.970000	1.198470
4.980000	0.996250
4.990000	0.775740
5.000000	0.555190
5.010000	0.370880
5.020000	0.226800
5.030000	0.132340
5.040000	0.073570
5.050000	0.035620
5.060000	0.015650
5.070000	0.007970
5.080000	0.002640
5.090000	0.001100
5.100000	0.000500
5.110000	0.000110
5.120000	0.000000
5.130000	0.000000
5.140000	0.000000
5.150000	0.000000
5.160000	0.000000
5.170000	0.000000
5.180000	0.000000
5.190000	0.000000
5.200000	0.000000
5.210000	0.000000
5.220000	0.000000
5.230000	0.000000
5.240000	0.000000
5.250000	0.000000
5.260000	0.000000
5.270000	0.000000
5.280000	0.000000
5.290000	0.000000
5.300000	0.000000
5.310000	0.000000
5.320000	0.000000
5.330000	0.000000
5.340000	0.000000
5.350000	0.000000
5.360000	0.000000
5.370000	0.000000
5.380000	0.000000
5.390000	0.000000
5.400000	0.000000
5.410000	0.000000
5.420000	0.000000
5.430000	0.000000
5.440000	0.000000
5.450000	0.000000
5.460000	0.000000
5.470000	0.000000
5.480000	0.000000
5.490000	0.000000
5.500000	0.000000
5.510000	0.000000
5.520000	0.000000
5.530000	0.000000
5.540000	0.000000
5.550000	0.000000
5.560000	0.000000
5.570000	0.000000
5.580000	0.000000
5.590000	0.000000
5.600000	0.000000
5.610000	0.000000
5.620000	0.000000
5.630000	0.000000
5.640000	0.000000
5.650000	0.000000
5.660000	0.000000
5.670000	0.000000
5.680000	0.000000
5.690000	0.000000
5.700000	0.000000
5.710000	0.000000
5.720000	0.000000
5.730000	0.000000
5.740000	0.000000
5.750000	0.000000
5.760000	0.000000
5.770000	0.000000
5.780000	0.000000
5.790000	0.000000
5.800000	0.000000
5.810000	0.000000
5.820000	0.000000
5.830000	0.000000
5.840000	0.000000
5.850000	0.000000
5.860000	0.000000
5.870000	0.000000
5.880000	0.000000
5.890000	0.000000
5.900000	0.000000
5.910000	0.000000
5.920000	0.000000
5.930000	0.000000
5.940000	0.000000
5.950000	0.000000
5.960000	0.000000
5.970000	0.000000
5.980000	0.000000
5.990000	0.000000
6.000000	0.000000
6.010000	0.000000
6.020000	0.000000
6.030000	0.000000
6.040000	0.000000
6.050000	0.000000
6.060000	0.000000
6.070000	0.000000
6.080000	0.000000
6.090000	0.000000
6.100000	0.000000
6.110000	0.000000
6.120000	0.000000
6.130000	0.000000
6.140000	0.000000
6.150000	0.000000
6.160000	0.000000
6.170000	0.000000
6.180000	0.000000
6.190000	0.000000
6.200000	0.000000
6.210000	0.000000
6.220000	0.000000
6.230000	0.000000
6.240000	0.000000
6.250000	0.000000
6.260000	0.000000
6.270000	0.000000
6.280000	0.000000
6.290000	0.000000
6.300000	0.000000
6.310000	0.000000
6.320000	0.000000
6.330000	0.000000
6.340000	0.000000
6.350000	0.000000
6.360000	0.000000
6.370000	0.000000
6.380000	0.000000
6.390000	0.000000
6.400000	0.000000
6.410000	0.000000
6.420000	0.000000
6.430000	0.000000
6.440000	0.000000
6.450000	0.000000
6.460000	0.000000
6.470000	0.000000
6.480000	0.000000
6.490000	0.000000
6.500000	0.000000
6.510000	0.000000
6.520000	0.000000
6.530000	0.000000
6.540000	0.000000
6.550000	0.000000
6.560000	0.000000
6.570000	0.000000
6.580000	0.000000
6.590000	0.000000
6.600000	0.000000
6.610000	0.000000
6.620000	0.000000
6.630000	0.000000
6.640000	0.000000
6.650000	0.000000
6.660000	0.000000
6.670000	0.000000
6.680000	0.000000
6.690000	0.000000
6.700000	0.000000
6.710000	0.000000
6.720000	0.000000
6.730000	0.000000
6.740000	0.000000
6.750000	0.000000
6.760000	0.000000
6.770000	0.000000
6.780000	0.000000
6.790000	0.000000
6.800000	0.000000
6.810000	0.000000
6.820000	0.000000
6.830000	0.000000
6.840000	0.000000
6.850000	0.000000
6.860000	0.000000
6.870000	0.000000
6.880000	0.000000
6.890000	0.000000
6.900000	0.000000
6.910000	0.000000
6.920000	0.000000
6.930000	0.000000
6.940000	0.000000
6.950000	0.000000
6.960000	0.000000
6.970000	0.000000
6.980000	0.000000
6.990000	0.000000
