0.000000	0.000000
0.010000	0.000000
0.020000	0.000000
0.030000	0.000000
0.040000	0.000000
0.050000	0.000000
0.060000	0.000000
0.070000	0.000000
0.080000	0.000000
0.090000	0.000000
0.100000	0.000000
0.110000	0.000000
0.120000	0.000000
0.130000	0.000000
0.140000	0.000000
0.150000	0.000000
0.160000	0.000000
0.170000	0.000000
0.180000	0.000000
0.190000	0.000000
0.200000	0.000000
0.210000	0.000000
0.220000	0.000000
0.230000	0.000000
0.240000	0.000000
0.250000	0.000000
0.260000	0.000000
0.270000	0.000000
0.280000	0.000000
0.290000	0.000000
0.300000	0.000000
0.310000	0.000000
0.320000	0.000000
0.330000	0.000000
0.340000	0.000000
0.350000	0.000000
0.360000	0.000000
0.370000	0.000000
0.380000	0.000000
0.390000	0.000000
0.400000	0.000000
0.410000	0.000000
0.420000	0.000000
0.430000	0.000000
0.440000	0.000000
0.450000	0.000000
0.460000	0.000000
0.470000	0.000000
0.480000	0.000000
0.490000	0.000000
0.500000	0.000000
0.510000	0.000000
0.520000	0.000000
0.530000	0.000000
0.540000	0.000000
0.550000	0.000000
0.560000	0.000000
0.570000	0.000000
0.580000	0.000000
0.590000	0.000000
0.600000	0.000000
0.610000	0.000000
0.620000	0.000000
0.630000	0.000000
0.640000	0.000000
0.650000	0.000000
0.660000	0.000000
0.670000	0.000000
0.680000	0.000000
0.690000	0.000000
0.700000	0.000000
0.710000	0.000000
0.720000	0.000000
0.730000	0.000000
0.740000	0.000000
0.750000	0.000000
0.760000	0.000000
0.770000	0.000000
0.780000	0.000000
0.790000	0.000000
0.800000	0.000000
0.810000	0.000000
0.820000	0.000000
0.830000	0.000000
0.840000	0.000000
0.850000	0.000000
0.860000	0.000000
0.870000	0.000000
0.880000	0.000000
0.890000	0.000000
0.900000	0.000000
0.910000	0.000000
0.920000	0.000000
0.930000	0.000000
0.940000	0.000000
0.950000	0.000000
0.960000	0.000000
0.970000	0.000000
0.980000	0.000000
0.990000	0.000370
1.000000	0.006440
1.010000	0.047490
1.020000	0.269750
1.030000	1.113190
1.040000	3.403660
1.050000	8.128440
1.060000	15.653150
1.070000	25.135280
1.080000	34.260610
1.090000	40.589610
1.100000	42.627010
1.110000	40.163890
1.120000	34.719830
1.130000	27.784620
1.140000	20.815310
1.150000	14.749320
1.160000	9.928210
1.170000	6.441080
1.180000	4.067310
1.190000	2.504750
1.200000	1.512150
1.210000	0.892830
1.220000	0.511730
1.230000	0.300590
1.240000	0.168370
1.250000	0.093170
1.260000	0.051610
1.270000	0.027370
1.280000	0.016100
1.290000	0.008660
1.300000	0.005010
1.310000	0.004000
1.320000	0.002600
1.330000	0.002940
1.340000	0.003200
1.350000	0.004400
1.360000	0.006740
1.370000	0.009730
1.380000	0.015980
1.390000	0.022020
1.400000	0.035130
1.410000	0.055160
1.420000	0.081970
1.430000	0.137300
1.440000	0.229000
1.450000	0.372040
1.460000	0.615620
1.470000	1.017340
1.480000	1.620740
1.490000	2.462760
1.500000	3.637170
1.510000	5.072900
1.520000	6.746830
1.530000	8.493510
1.540000	10.102900
1.550000	11.251910
1.560000	11.832300
1.570000	11.694700
1.580000	10.901670
1.590000	9.642150
1.600000	8.054640
1.610000	6.405250
1.620000	4.873960
1.630000	3.539830
1.640000	2.485820
1.650000	1.665290
1.660000	1.086450
1.670000	0.692990
1.680000	0.430820
1.690000	0.259560
1.700000	0.160360
1.710000	0.106640
1.720000	0.067510
1.730000	0.040410
1.740000	0.026220
1.750000	0.019690
1.760000	0.021030
1.770000	0.039740
1.780000	0.092070
1.790000	0.208220
1.800000	0.474860
1.810000	1.014410
1.820000	2.041460
1.830000	3.878900
1.840000	6.887620
1.850000	11.293540
1.860000	17.173890
1.870000	24.233110
1.880000	31.757340
1.890000	38.512350
1.900000	43.444490
1.910000	45.744580
1.920000	45.009260
1.930000	41.630910
1.940000	36.238530
1.950000	29.861600
1.960000	23.429930
1.970000	17.483090
1.980000	12.453870
1.990000	8.540020
2.000000	5.633620
2.010000	3.601650
2.020000	2.221010
2.030000	1.329900
2.040000	0.777080
2.050000	0.441490
2.060000	0.252050
2.070000	0.143110
2.080000	0.094910
2.090000	0.104980
2.100000	0.201790
2.110000	0.480250
2.120000	1.050930
2.130000	2.050520
2.140000	3.646600
2.150000	5.944020
2.160000	8.779760
2.170000	11.956440
2.180000	15.004350
2.190000	17.507110
2.200000	19.060650
2.210000	19.410520
2.220000	18.547430
2.230000	16.822230
2.240000	14.405820
2.250000	11.813980
2.260000	9.237330
2.270000	6.966640
2.280000	5.059460
2.290000	3.549020
2.300000	2.412240
2.310000	1.598070
2.320000	1.068110
2.330000	0.794440
2.340000	0.697440
2.350000	0.814990
2.360000	1.173880
2.370000	1.863870
2.380000	2.973160
2.390000	4.676180
2.400000	6.976200
2.410000	9.959900
2.420000	13.563540
2.430000	17.369520
2.440000	21.111660
2.450000	24.394950
2.460000	26.616790
2.470000	27.694690
2.480000	27.284950
2.490000	25.582520
2.500000	22.864510
2.510000	19.537710
2.520000	15.913210
2.530000	12.443030
2.540000	9.340790
2.550000	6.682520
2.560000	4.692590
2.570000	3.162220
2.580000	2.082620
2.590000	1.394100
2.600000	1.009010
2.610000	0.937630
2.620000	1.111500
2.630000	1.590360
2.640000	2.363550
2.650000	3.404080
2.660000	4.664120
2.670000	6.053140
2.680000	7.280400
2.690000	8.289460
2.700000	8.885870
2.710000	9.017810
2.720000	8.656910
2.730000	7.838060
2.740000	6.736440
2.750000	5.523190
2.760000	4.343790
2.770000	3.281950
2.780000	2.419070
2.790000	1.826390
2.800000	1.565110
2.810000	1.664680
2.820000	2.288450
2.830000	3.578330
2.840000	5.757100
2.850000	9.016890
2.860000	13.335860
2.870000	18.657990
2.880000	24.676230
2.890000	30.675280
2.900000	36.035830
2.910000	40.117330
2.920000	42.199990
2.930000	42.317690
2.940000	40.289770
2.950000	36.599190
2.960000	31.801630
2.970000	26.491090
2.980000	21.227060
2.990000	16.361640
3.000000	12.216530
3.010000	8.827620
3.020000	6.261590
3.030000	4.489670
3.040000	3.310030
3.050000	2.653660
3.060000	2.427990
3.070000	2.496110
3.080000	2.762650
3.090000	3.189250
3.100000	3.572130
3.110000	3.924680
3.120000	4.189440
3.130000	4.294800
3.140000	4.216130
3.150000	3.949700
3.160000	3.580930
3.170000	3.126160
3.180000	2.683040
3.190000	2.336340
3.200000	2.135610
3.210000	2.215270
3.220000	2.661860
3.230000	3.527000
3.240000	4.895650
3.250000	6.839790
3.260000	9.229500
3.270000	11.942310
3.280000	14.730190
3.290000	17.375390
3.300000	19.470220
3.310000	20.774500
3.320000	21.270050
3.330000	20.779910
3.340000	19.434780
3.350000	17.411680
3.360000	15.044700
3.370000	12.554950
3.380000	10.234800
3.390000	8.199120
3.400000	6.721400
3.410000	5.827900
3.420000	5.459360
3.430000	5.684300
3.440000	6.369910
3.450000	7.378830
3.460000	8.592600
3.470000	9.833980
3.480000	10.836440
3.490000	11.584300
3.500000	11.772070
3.510000	11.586350
3.520000	10.878660
3.530000	9.859050
3.540000	8.674900
3.550000	7.384940
3.560000	6.233410
3.570000	5.292820
3.580000	4.708870
3.590000	4.493710
3.600000	4.665860
3.610000	5.210990
3.620000	6.041050
3.630000	7.050560
3.640000	8.057160
3.650000	8.944780
3.660000	9.561620
3.670000	9.869920
3.680000	9.782400
3.690000	9.286550
3.700000	8.544780
3.710000	7.556520
3.720000	6.554850
3.730000	5.660910
3.740000	4.893970
3.750000	4.415470
3.760000	4.200970
3.770000	4.298350
3.780000	4.605800
3.790000	5.114130
3.800000	5.681820
3.810000	6.323690
3.820000	6.770440
3.830000	6.989240
3.840000	6.975910
3.850000	6.766940
3.860000	6.435420
3.870000	6.023050
3.880000	5.690180
3.890000	5.565050
3.900000	5.770770
3.910000	6.357600
3.920000	7.488560
3.930000	9.012410
3.940000	10.876930
3.950000	12.942340
3.960000	15.104400
3.970000	16.874040
3.980000	18.228920
3.990000	18.897710
4.000000	18.889890
4.010000	18.244990
4.020000	16.943530
4.030000	15.087270
4.040000	12.982920
4.050000	10.803110
4.060000	8.704700
4.070000	6.759590
4.080000	5.138500
4.090000	3.779710
4.100000	2.697630
4.110000	1.867660
4.120000	1.267170
4.130000	0.852220
4.140000	0.571200
4.150000	0.420130
4.160000	0.362510
4.170000	0.407130
4.180000	0.548960
4.190000	0.793390
4.200000	1.198000
4.210000	1.709900
4.220000	2.381300
4.230000	3.178190
4.240000	4.061810
4.250000	5.013670
4.260000	5.882430
4.270000	6.669770
4.280000	7.210490
4.290000	7.512640
4.300000	7.512220
4.310000	7.191490
4.320000	6.743770
4.330000	6.058390
4.340000	5.330590
4.350000	4.586720
4.360000	3.884720
4.370000	3.269130
4.380000	2.745360
4.390000	2.375240
4.400000	2.077650
4.410000	1.907400
4.420000	1.795060
4.430000	1.705980
4.440000	1.607490
4.450000	1.513660
4.460000	1.424200
4.470000	1.358620
4.480000	1.319570
4.490000	1.291870
4.500000	1.280920
4.510000	1.377470
4.520000	1.471380
4.530000	1.572180
4.540000	1.713420
4.550000	1.822990
4.560000	1.925140
4.570000	1.953960
4.580000	1.927680
4.590000	1.869930
4.600000	1.772440
4.610000	1.623190
4.620000	1.459850
4.630000	1.329170
4.640000	1.205140
4.650000	1.115640
4.660000	1.047320
4.670000	1.007610
4.680000	0.974240
4.690000	1.003690
4.700000	1.027880
4.710000	1.028070
4.720000	1.024890
4.730000	1.054760
4.740000	1.075700
4.750000	1.113790
4.760000	1.134990
4.770000	1.182540
4.780000	1.277490
4.790000	1.397570
4.800000	1.549240
4.810000	1.687840
4.820000	1.792930
4.830000	1.864620
4.840000	1.912840
4.850000	1.910600
4.860000	1.856380
4.870000	1.743630
4.880000	1.657200
4.890000	1.514620
4.900000	1.393850
4.910000	1.315310
4.920000	1.246560
4.930000	1.220220
4.940000	1.169970
4.950000	1.149620
4.960000	1.094580
4.970000	1.033510
4.980000	0.981940
4.990000	0.893270
5.000000	0.804640
5.010000	0.685400
5.020000	0.580370
5.030000	0.483840
5.040000	0.384970
5.050000	0.299400
5.060000	0.224580
5.070000	0.154930
5.080000	0.107780
5.090000	0.074950
5.100000	0.048290
5.110000	0.029270
5.120000	0.017250
5.130000	0.011210
5.140000	0.006440
5.150000	0.004150
5.160000	0.002070
5.170000	0.001360
5.180000	0.000550
5.190000	0.000350
5.200000	0.000130
5.210000	0.000060
5.220000	0.000060
5.230000	0.000090
5.240000	0.000160
5.250000	0.000000
5.260000	0.000000
5.270000	0.000000
5.280000	0.000000
5.290000	0.000000
5.300000	0.000000
5.310000	0.000000
5.320000	0.000000
5.330000	0.000000
5.340000	0.000000
5.350000	0.000000
5.360000	0.000000
5.370000	0.000000
5.380000	0.000000
5.390000	0.000000
5.400000	0.000000
5.410000	0.000000
5.420000	0.000000
5.430000	0.000000
5.440000	0.000000
5.450000	0.000000
5.460000	0.000000
5.470000	0.000000
5.480000	0.000000
5.490000	0.000000
5.500000	0.000000
5.510000	0.000000
5.520000	0.000000
5.530000	0.000000
5.540000	0.000000
5.550000	0.000000
5.560000	0.000000
5.570000	0.000000
5.580000	0.000000
5.590000	0.000000
5.600000	0.000000
5.610000	0.000000
5.620000	0.000000
5.630000	0.000000
5.640000	0.000000
5.650000	0.000000
5.660000	0.000000
5.670000	0.000000
5.680000	0.000000
5.690000	0.000000
5.700000	0.000000
5.710000	0.000000
5.720000	0.000000
5.730000	0.000000
5.740000	0.000000
5.750000	0.000000
5.760000	0.000000
5.770000	0.000000
5.780000	0.000000
5.790000	0.000000
5.800000	0.000000
5.810000	0.000000
5.820000	0.000000
5.830000	0.000000
5.840000	0.000000
5.850000	0.000000
5.860000	0.000000
5.870000	0.000000
5.880000	0.000000
5.890000	0.000000
5.900000	0.000000
5.910000	0.000000
5.920000	0.000000
5.930000	0.000000
5.940000	0.000000
5.950000	0.000000
5.960000	0.000000
5.970000	0.000000
5.980000	0.000000
5.990000	0.000000
6.000000	0.000000
6.010000	0.000000
6.020000	0.000000
6.030000	0.000000
6.040000	0.000000
6.050000	0.000000
6.060000	0.000000
6.070000	0.000000
6.080000	0.000000
6.090000	0.000000
6.100000	0.000000
6.110000	0.000000
6.120000	0.000000
6.130000	0.000000
6.140000	0.000000
6.150000	0.000000
6.160000	0.000000
6.170000	0.000000
6.180000	0.000000
6.190000	0.000000
6.200000	0.000000
6.210000	0.000000
6.220000	0.000000
6.230000	0.000000
6.240000	0.000000
6.250000	0.000000
6.260000	0.000000
6.270000	0.000000
6.280000	0.000000
6.290000	0.000000
6.300000	0.000000
6.310000	0.000000
6.320000	0.000000
6.330000	0.000000
6.340000	0.000000
6.350000	0.000000
6.360000	0.000000
6.370000	0.000000
6.380000	0.000000
6.390000	0.000000
6.400000	0.000000
6.410000	0.000000
6.420000	0.000000
6.430000	0.000000
6.440000	0.000000
6.450000	0.000000
6.460000	0.000000
6.470000	0.000000
6.480000	0.000000
6.490000	0.000000
6.500000	0.000000
6.510000	0.000000
6.520000	0.000000
6.530000	0.000000
6.540000	0.000000
6.550000	0.000000
6.560000	0.000000
6.570000	0.000000
6.580000	0.000000
6.590000	0.000000
6.600000	0.000000
6.610000	0.000000
6.620000	0.000000
6.630000	0.000000
6.640000	0.000000
6.650000	0.000000
6.660000	0.000000
6.670000	0.000000
6.680000	0.000000
6.690000	0.000000
6.700000	0.000000
6.710000	0.000000
6.720000	0.000000
6.730000	0.000000
6.740000	0.000000
6.750000	0.000000
6.760000	0.000000
6.770000	0.000000
6.780000	0.000000
6.790000	0.000000
6.800000	0.000000
6.810000	0.000000
6.820000	0.000000
6.830000	0.000000
6.840000	0.000000
6.850000	0.000000
6.860000	0.000000
6.870000	0.000000
6.880000	0.000000
6.890000	0.000000
6.900000	0.000000
6.910000	0.000000
6.920000	0.000000
6.930000	0.000000
6.940000	0.000000
6.950000	0.000000
6.960000	0.000000
6.970000	0.000000
6.980000	0.000000
6.990000	0.000000
