0.000000	0.000000
0.010000	0.000000
0.020000	0.000000
0.030000	0.000000
0.040000	0.000000
0.050000	0.000000
0.060000	0.000000
0.070000	0.000000
0.080000	0.000000
0.090000	0.000000
0.100000	0.000000
0.110000	0.000000
0.120000	0.000000
0.130000	0.000000
0.140000	0.000000
0.150000	0.000000
0.160000	0.000000
0.170000	0.000000
0.180000	0.000000
0.190000	0.000000
0.200000	0.000000
0.210000	0.000000
0.220000	0.000000
0.230000	0.000000
0.240000	0.000000
0.250000	0.000000
0.260000	0.000000
0.270000	0.000000
0.280000	0.000000
0.290000	0.000000
0.300000	0.000000
0.310000	0.000000
0.320000	0.000000
0.330000	0.000000
0.340000	0.000000
0.350000	0.000000
0.360000	0.000000
0.370000	0.000000
0.380000	0.000000
0.390000	0.000000
0.400000	0.000000
0.410000	0.000000
0.420000	0.000000
0.430000	0.000000
0.440000	0.000000
0.450000	0.000000
0.460000	0.000000
0.470000	0.000000
0.480000	0.000000
0.490000	0.000000
0.500000	0.000000
0.510000	0.000000
0.520000	0.000000
0.530000	0.000000
0.540000	0.000000
0.550000	0.000000
0.560000	0.000000
0.570000	0.000000
0.580000	0.000000
0.590000	0.000000
0.600000	0.000000
0.610000	0.000000
0.620000	0.000000
0.630000	0.000000
0.640000	0.000000
0.650000	0.000000
0.660000	0.000000
0.670000	0.000000
0.680000	0.000000
0.690000	0.000000
0.700000	0.000000
0.710000	0.000000
0.720000	0.000000
0.730000	0.000000
0.740000	0.000000
0.750000	0.000000
0.760000	0.000000
0.770000	0.000000
0.780000	0.000000
0.790000	0.000000
0.800000	0.000000
0.810000	0.000000
0.820000	0.000000
0.830000	0.000000
0.840000	0.000000
0.850000	0.000000
0.860000	0.000000
0.870000	0.000000
0.880000	0.000000
0.890000	0.000000
0.900000	0.000000
0.910000	0.000000
0.920000	0.000000
0.930000	0.000000
0.940000	0.000000
0.950000	0.000000
0.960000	0.000000
0.970000	0.000000
0.980000	0.000000
0.990000	0.000000
1.000000	0.000000
1.010000	0.000000
1.020000	0.001040
1.030000	0.024220
1.040000	0.287100
1.050000	1.923580
1.060000	7.956140
1.070000	21.903800
1.080000	42.129750
1.090000	59.232440
1.100000	63.742380
1.110000	54.643140
1.120000	38.612020
1.130000	23.322910
1.140000	12.273150
1.150000	5.818830
1.160000	2.537430
1.170000	1.018050
1.180000	0.377450
1.190000	0.132570
1.200000	0.043120
1.210000	0.015170
1.220000	0.004020
1.230000	0.001220
1.240000	0.000330
1.250000	0.000140
1.260000	0.000000
1.270000	0.000000
1.280000	0.000000
1.290000	0.000000
1.300000	0.000000
1.310000	0.000000
1.320000	0.000000
1.330000	0.000000
1.340000	0.000000
1.350000	0.000000
1.360000	0.000000
1.370000	0.000000
1.380000	0.000000
1.390000	0.000070
1.400000	0.000700
1.410000	0.001980
1.420000	0.004270
1.430000	0.010450
1.440000	0.021240
1.450000	0.041470
1.460000	0.085080
1.470000	0.181610
1.480000	0.418120
1.490000	0.952710
1.500000	2.048760
1.510000	4.042220
1.520000	7.067760
1.530000	10.896650
1.540000	14.749820
1.550000	17.409900
1.560000	17.839450
1.570000	16.049300
1.580000	12.786670
1.590000	9.040500
1.600000	5.734590
1.610000	3.313050
1.620000	1.738920
1.630000	0.849020
1.640000	0.400490
1.650000	0.176080
1.660000	0.080460
1.670000	0.033190
1.680000	0.015320
1.690000	0.006500
1.700000	0.002870
1.710000	0.000680
1.720000	0.000100
1.730000	0.000000
1.740000	0.000000
1.750000	0.000000
1.760000	0.000000
1.770000	0.000180
1.780000	0.000520
1.790000	0.001450
1.800000	0.006270
1.810000	0.027470
1.820000	0.132330
1.830000	0.517030
1.840000	1.759360
1.850000	4.984200
1.860000	11.896440
1.870000	23.749590
1.880000	39.710410
1.890000	56.277260
1.900000	67.445570
1.910000	69.148650
1.920000	61.142350
1.930000	47.375000
1.940000	32.383940
1.950000	19.582250
1.960000	10.685790
1.970000	5.289300
1.980000	2.367830
1.990000	0.974780
2.000000	0.360690
2.010000	0.122730
2.020000	0.040250
2.030000	0.013860
2.040000	0.003120
2.050000	0.000770
2.060000	0.000450
2.070000	0.000160
2.080000	0.000040
2.090000	0.000220
2.100000	0.001740
2.110000	0.012690
2.120000	0.082930
2.130000	0.360400
2.140000	1.196900
2.150000	3.296140
2.160000	7.317280
2.170000	13.504530
2.180000	20.579720
2.190000	26.569950
2.200000	29.338950
2.210000	28.064070
2.220000	23.637060
2.230000	17.663100
2.240000	11.793500
2.250000	7.063420
2.260000	3.933900
2.270000	1.996640
2.280000	0.922550
2.290000	0.410540
2.300000	0.160410
2.310000	0.064200
2.320000	0.021680
2.330000	0.007770
2.340000	0.011840
2.350000	0.030670
2.360000	0.085450
2.370000	0.246740
2.380000	0.642050
2.390000	1.629550
2.400000	3.692870
2.410000	7.457520
2.420000	13.489400
2.430000	21.570470
2.440000	30.226860
2.450000	37.756940
2.460000	41.680360
2.470000	40.873440
2.480000	35.962170
2.490000	28.363510
2.500000	20.154260
2.510000	12.924830
2.520000	7.571710
2.530000	4.062430
2.540000	2.007490
2.550000	0.919300
2.560000	0.386370
2.570000	0.162700
2.580000	0.058100
2.590000	0.023720
2.600000	0.015070
2.610000	0.037890
2.620000	0.135200
2.630000	0.432930
2.640000	1.144480
2.650000	2.570960
2.660000	4.877180
2.670000	7.945510
2.680000	10.991430
2.690000	13.282070
2.700000	13.978500
2.710000	12.805880
2.720000	10.339980
2.730000	7.416650
2.740000	4.775450
2.750000	2.755410
2.760000	1.407870
2.770000	0.649850
2.780000	0.276900
2.790000	0.110220
2.800000	0.049800
2.810000	0.050750
2.820000	0.156360
2.830000	0.526910
2.840000	1.590740
2.850000	4.087590
2.860000	9.029020
2.870000	17.510440
2.880000	29.472120
2.890000	43.454190
2.900000	55.961380
2.910000	63.597620
2.920000	64.274490
2.930000	57.940500
2.940000	46.732590
2.950000	34.135270
2.960000	22.601310
2.970000	13.795620
2.980000	7.719200
2.990000	3.991430
3.000000	1.916540
3.010000	0.880700
3.020000	0.409940
3.030000	0.258190
3.040000	0.302090
3.050000	0.559860
3.060000	1.057970
3.070000	1.831950
3.080000	2.911400
3.090000	4.140150
3.100000	5.299300
3.110000	6.157300
3.120000	6.449600
3.130000	6.068980
3.140000	5.204210
3.150000	4.022070
3.160000	2.841780
3.170000	1.838710
3.180000	1.097550
3.190000	0.611300
3.200000	0.352270
3.210000	0.286820
3.220000	0.480280
3.230000	1.085260
3.240000	2.444110
3.250000	4.979670
3.260000	9.047980
3.270000	14.658920
3.280000	21.120300
3.290000	27.081590
3.300000	31.056650
3.310000	32.201280
3.320000	30.006690
3.330000	25.460850
3.340000	19.442480
3.350000	13.553810
3.360000	8.726970
3.370000	5.187430
3.380000	2.863310
3.390000	1.525220
3.400000	0.960440
3.410000	1.015380
3.420000	1.710550
3.430000	3.119600
3.440000	5.379470
3.450000	8.411290
3.460000	11.924600
3.470000	15.170370
3.480000	17.350770
3.490000	17.868560
3.500000	16.715080
3.510000	14.227630
3.520000	11.045810
3.530000	7.882760
3.540000	5.177530
3.550000	3.185030
3.560000	1.898810
3.570000	1.151180
3.580000	0.912650
3.590000	1.225980
3.600000	2.150830
3.610000	3.880200
3.620000	6.372710
3.630000	9.287840
3.640000	12.119360
3.650000	14.230220
3.660000	15.068150
3.670000	14.493950
3.680000	12.550090
3.690000	10.012540
3.700000	7.259220
3.710000	4.862340
3.720000	3.030690
3.730000	1.800520
3.740000	1.140850
3.750000	1.064080
3.760000	1.519830
3.770000	2.536430
3.780000	4.084210
3.790000	6.060230
3.800000	8.043140
3.810000	9.712840
3.820000	10.511100
3.830000	10.251490
3.840000	9.127840
3.850000	7.407120
3.860000	5.528090
3.870000	3.771840
3.880000	2.483360
3.890000	1.777660
3.900000	1.827950
3.910000	2.750240
3.920000	4.824290
3.930000	8.238600
3.940000	12.892760
3.950000	18.245260
3.960000	23.459940
3.970000	27.455090
3.980000	28.987390
3.990000	27.991490
4.000000	24.608250
4.010000	19.858760
4.020000	14.739930
4.030000	10.164100
4.040000	6.480380
4.050000	3.803490
4.060000	2.113410
4.070000	1.103960
4.080000	0.526900
4.090000	0.242280
4.100000	0.108460
4.110000	0.042500
4.120000	0.015710
4.130000	0.005940
4.140000	0.003100
4.150000	0.004990
4.160000	0.011820
4.170000	0.038490
4.180000	0.106920
4.190000	0.266660
4.200000	0.599930
4.210000	1.246800
4.220000	2.270900
4.230000	3.751470
4.240000	5.646110
4.250000	7.739880
4.260000	9.651250
4.270000	10.997330
4.280000	11.353600
4.290000	10.817410
4.300000	9.450890
4.310000	7.566510
4.320000	5.606800
4.330000	3.798390
4.340000	2.455340
4.350000	1.560900
4.360000	1.099620
4.370000	0.978790
4.380000	1.114240
4.390000	1.425090
4.400000	1.740250
4.410000	1.987630
4.420000	2.113050
4.430000	2.061810
4.440000	1.839300
4.450000	1.503500
4.460000	1.172210
4.470000	0.877410
4.480000	0.684230
4.490000	0.653220
4.500000	0.781520
4.510000	1.078500
4.520000	1.497930
4.530000	2.013910
4.540000	2.411750
4.550000	2.762330
4.560000	2.857270
4.570000	2.678200
4.580000	2.332300
4.590000	1.878990
4.600000	1.392970
4.610000	1.002440
4.620000	0.723500
4.630000	0.565820
4.640000	0.549220
4.650000	0.655460
4.660000	0.836670
4.670000	1.041720
4.680000	1.202420
4.690000	1.314200
4.700000	1.337730
4.710000	1.274780
4.720000	1.107000
4.730000	0.913410
4.740000	0.758070
4.750000	0.708120
4.760000	0.762740
4.770000	0.950190
4.780000	1.302370
4.790000	1.725420
4.800000	2.171330
4.810000	2.543740
4.820000	2.744210
4.830000	2.701980
4.840000	2.504410
4.850000	2.117380
4.860000	1.684190
4.870000	1.264440
4.880000	0.955900
4.890000	0.786520
4.900000	0.773610
4.910000	0.854130
4.920000	1.047810
4.930000	1.236240
4.940000	1.369450
4.950000	1.395270
4.960000	1.308380
4.970000	1.146360
4.980000	0.923660
4.990000	0.698160
5.000000	0.467270
5.010000	0.308720
5.020000	0.180550
5.030000	0.107110
5.040000	0.053000
5.050000	0.026910
5.060000	0.009850
5.070000	0.004050
5.080000	0.001970
5.090000	0.001070
5.100000	0.000620
5.110000	0.000150
5.120000	0.000110
5.130000	0.000000
5.140000	0.000000
5.150000	0.000000
5.160000	0.000000
5.170000	0.000000
5.180000	0.000000
5.190000	0.000000
5.200000	0.000000
5.210000	0.000000
5.220000	0.000000
5.230000	0.000000
5.240000	0.000000
5.250000	0.000000
5.260000	0.000000
5.270000	0.000000
5.280000	0.000000
5.290000	0.000000
5.300000	0.000000
5.310000	0.000000
5.320000	0.000000
5.330000	0.000000
5.340000	0.000000
5.350000	0.000000
5.360000	0.000000
5.370000	0.000000
5.380000	0.000000
5.390000	0.000000
5.400000	0.000000
5.410000	0.000000
5.420000	0.000000
5.430000	0.000000
5.440000	0.000000
5.450000	0.000000
5.460000	0.000000
5.470000	0.000000
5.480000	0.000000
5.490000	0.000000
5.500000	0.000000
5.510000	0.000000
5.520000	0.000000
5.530000	0.000000
5.540000	0.000000
5.550000	0.000000
5.560000	0.000000
5.570000	0.000000
5.580000	0.000000
5.590000	0.000000
5.600000	0.000000
5.610000	0.000000
5.620000	0.000000
5.630000	0.000000
5.640000	0.000000
5.650000	0.000000
5.660000	0.000000
5.670000	0.000000
5.680000	0.000000
5.690000	0.000000
5.700000	0.000000
5.710000	0.000000
5.720000	0.000000
5.730000	0.000000
5.740000	0.000000
5.750000	0.000000
5.760000	0.000000
5.770000	0.000000
5.780000	0.000000
5.790000	0.000000
5.800000	0.000000
5.810000	0.000000
5.820000	0.000000
5.830000	0.000000
5.840000	0.000000
5.850000	0.000000
5.860000	0.000000
5.870000	0.000000
5.880000	0.000000
5.890000	0.000000
5.900000	0.000000
5.910000	0.000000
5.920000	0.000000
5.930000	0.000000
5.940000	0.000000
5.950000	0.000000
5.960000	0.000000
5.970000	0.000000
5.980000	0.000000
5.990000	0.000000
6.000000	0.000000
6.010000	0.000000
6.020000	0.000000
6.030000	0.000000
6.040000	0.000000
6.050000	0.000000
6.060000	0.000000
6.070000	0.000000
6.080000	0.000000
6.090000	0.000000
6.100000	0.000000
6.110000	0.000000
6.120000	0.000000
6.130000	0.000000
6.140000	0.000000
6.150000	0.000000
6.160000	0.000000
6.170000	0.000000
6.180000	0.000000
6.190000	0.000000
6.200000	0.000000
6.210000	0.000000
6.220000	0.000000
6.230000	0.000000
6.240000	0.000000
6.250000	0.000000
6.260000	0.000000
6.270000	0.000000
6.280000	0.000000
6.290000	0.000000
6.300000	0.000000
6.310000	0.000000
6.320000	0.000000
6.330000	0.000000
6.340000	0.000000
6.350000	0.000000
6.360000	0.000000
6.370000	0.000000
6.380000	0.000000
6.390000	0.000000
6.400000	0.000000
6.410000	0.000000
6.420000	0.000000
6.430000	0.000000
6.440000	0.000000
6.450000	0.000000
6.460000	0.000000
6.470000	0.000000
6.480000	0.000000
6.490000	0.000000
6.500000	0.000000
6.510000	0.000000
6.520000	0.000000
6.530000	0.000000
6.540000	0.000000
6.550000	0.000000
6.560000	0.000000
6.570000	0.000000
6.580000	0.000000
6.590000	0.000000
6.600000	0.000000
6.610000	0.000000
6.620000	0.000000
6.630000	0.000000
6.640000	0.000000
6.650000	0.000000
6.660000	0.000000
6.670000	0.000000
6.680000	0.000000
6.690000	0.000000
6.700000	0.000000
6.710000	0.000000
6.720000	0.000000
6.730000	0.000000
6.740000	0.000000
6.750000	0.000000
6.760000	0.000000
6.770000	0.000000
6.780000	0.000000
6.790000	0.000000
6.800000	0.000000
6.810000	0.000000
6.820000	0.000000
6.830000	0.000000
6.840000	0.000000
6.850000	0.000000
6.860000	0.000000
6.870000	0.000000
6.880000	0.000000
6.890000	0.000000
6.900000	0.000000
6.910000	0.000000
6.920000	0.000000
6.930000	0.000000
6.940000	0.000000
6.950000	0.000000
6.960000	0.000000
6.970000	0.000000
6.980000	0.000000
6.990000	0.000000
