0.000000	0.000000
0.010000	0.000000
0.020000	0.000000
0.030000	0.000000
0.040000	0.000000
0.050000	0.000000
0.060000	0.000000
0.070000	0.000000
0.080000	0.000000
0.090000	0.000000
0.100000	0.000000
0.110000	0.000000
0.120000	0.000000
0.130000	0.000000
0.140000	0.000000
0.150000	0.000000
0.160000	0.000000
0.170000	0.000000
0.180000	0.000000
0.190000	0.000000
0.200000	0.000000
0.210000	0.000000
0.220000	0.000000
0.230000	0.000000
0.240000	0.000000
0.250000	0.000000
0.260000	0.000000
0.270000	0.000000
0.280000	0.000000
0.290000	0.000000
0.300000	0.000000
0.310000	0.000000
0.320000	0.000000
0.330000	0.000000
0.340000	0.000000
0.350000	0.000000
0.360000	0.000000
0.370000	0.000000
0.380000	0.000000
0.390000	0.000000
0.400000	0.000000
0.410000	0.000000
0.420000	0.000000
0.430000	0.000000
0.440000	0.000000
0.450000	0.000000
0.460000	0.000000
0.470000	0.000000
0.480000	0.000000
0.490000	0.000000
0.500000	0.000000
0.510000	0.000000
0.520000	0.000000
0.530000	0.000000
0.540000	0.000000
0.550000	0.000000
0.560000	0.000000
0.570000	0.000000
0.580000	0.000000
0.590000	0.000000
0.600000	0.000000
0.610000	0.000000
0.620000	0.000000
0.630000	0.000000
0.640000	0.000000
0.650000	0.000000
0.660000	0.000000
0.670000	0.000000
0.680000	0.000000
0.690000	0.000000
0.700000	0.000000
0.710000	0.000000
0.720000	0.000000
0.730000	0.000000
0.740000	0.000000
0.750000	0.000000
0.760000	0.000000
0.770000	0.000000
0.780000	0.000000
0.790000	0.000000
0.800000	0.000000
0.810000	0.000000
0.820000	0.000000
0.830000	0.000000
0.840000	0.000000
0.850000	0.000000
0.860000	0.000000
0.870000	0.000000
0.880000	0.000000
0.890000	0.000000
0.900000	0.000000
0.910000	0.000000
0.920000	0.000000
0.930000	0.000000
0.940000	0.000000
0.950000	0.000000
0.960000	0.000000
0.970000	0.000000
0.980000	0.000080
0.990000	0.001510
1.000000	0.013010
1.010000	0.096900
1.020000	0.436490
1.030000	1.544400
1.040000	4.217320
1.050000	9.112060
1.060000	16.317730
1.070000	24.793950
1.080000	32.659150
1.090000	38.109340
1.100000	39.898200
1.110000	38.099980
1.120000	33.441040
1.130000	27.561750
1.140000	21.408780
1.150000	15.788460
1.160000	11.160380
1.170000	7.598600
1.180000	5.037390
1.190000	3.258490
1.200000	2.089220
1.210000	1.321450
1.220000	0.815810
1.230000	0.494650
1.240000	0.293300
1.250000	0.173930
1.260000	0.103580
1.270000	0.062740
1.280000	0.038300
1.290000	0.023450
1.300000	0.015040
1.310000	0.011910
1.320000	0.008670
1.330000	0.009220
1.340000	0.010080
1.350000	0.012610
1.360000	0.016860
1.370000	0.022800
1.380000	0.030880
1.390000	0.043490
1.400000	0.063710
1.410000	0.092620
1.420000	0.134170
1.430000	0.204000
1.440000	0.316610
1.450000	0.494590
1.460000	0.764030
1.470000	1.186030
1.480000	1.806030
1.490000	2.650350
1.500000	3.769030
1.510000	5.081660
1.520000	6.554160
1.530000	8.002600
1.540000	9.359110
1.550000	10.422050
1.560000	10.953300
1.570000	10.930410
1.580000	10.379700
1.590000	9.384320
1.600000	8.063480
1.610000	6.693150
1.620000	5.261950
1.630000	4.024290
1.640000	2.944890
1.650000	2.081510
1.660000	1.430310
1.670000	0.964750
1.680000	0.636620
1.690000	0.409380
1.700000	0.268620
1.710000	0.174160
1.720000	0.117770
1.730000	0.078800
1.740000	0.057490
1.750000	0.047940
1.760000	0.055600
1.770000	0.096740
1.780000	0.184910
1.790000	0.358610
1.800000	0.709600
1.810000	1.408650
1.820000	2.615990
1.830000	4.572210
1.840000	7.610580
1.850000	11.834590
1.860000	17.282940
1.870000	23.618330
1.880000	30.118210
1.890000	36.036100
1.900000	40.374690
1.910000	42.626610
1.920000	42.391200
1.930000	39.824290
1.940000	35.544030
1.950000	30.165710
1.960000	24.467500
1.970000	19.064880
1.980000	14.275280
1.990000	10.313800
2.000000	7.170530
2.010000	4.850770
2.020000	3.208860
2.030000	2.042010
2.040000	1.283160
2.050000	0.791680
2.060000	0.474620
2.070000	0.297320
2.080000	0.211320
2.090000	0.220630
2.100000	0.352630
2.110000	0.675890
2.120000	1.330690
2.130000	2.422020
2.140000	4.009120
2.150000	6.161250
2.160000	8.747210
2.170000	11.438380
2.180000	14.055500
2.190000	16.301500
2.200000	17.634380
2.210000	18.062580
2.220000	17.505790
2.230000	16.166000
2.240000	14.276130
2.250000	12.077210
2.260000	9.778500
2.270000	7.664460
2.280000	5.824460
2.290000	4.285360
2.300000	3.090790
2.310000	2.205990
2.320000	1.608500
2.330000	1.237740
2.340000	1.112240
2.350000	1.228350
2.360000	1.619050
2.370000	2.316580
2.380000	3.463070
2.390000	5.119970
2.400000	7.331380
2.410000	10.025190
2.420000	13.134350
2.430000	16.454880
2.440000	19.687990
2.450000	22.508110
2.460000	24.505190
2.470000	25.655720
2.480000	25.629740
2.490000	24.400220
2.500000	22.296700
2.510000	19.604770
2.520000	16.583290
2.530000	13.496430
2.540000	10.562760
2.550000	7.968550
2.560000	5.820950
2.570000	4.194520
2.580000	2.978100
2.590000	2.119660
2.600000	1.609670
2.610000	1.382010
2.620000	1.464540
2.630000	1.844520
2.640000	2.509520
2.650000	3.430530
2.660000	4.551410
2.670000	5.689220
2.680000	6.813510
2.690000	7.714070
2.700000	8.293210
2.710000	8.505020
2.720000	8.256360
2.730000	7.621850
2.740000	6.776030
2.750000	5.730100
2.760000	4.677730
2.770000	3.719640
2.780000	2.908430
2.790000	2.346590
2.800000	2.091650
2.810000	2.259970
2.820000	2.946350
2.830000	4.298800
2.840000	6.434630
2.850000	9.527830
2.860000	13.444360
2.870000	18.211350
2.880000	23.434690
2.890000	28.747350
2.900000	33.476160
2.910000	37.074700
2.920000	39.174050
2.930000	39.672750
2.940000	38.282570
2.950000	35.601210
2.960000	31.712750
2.970000	27.204100
2.980000	22.617550
2.990000	18.129370
3.000000	14.063430
3.010000	10.758960
3.020000	8.066820
3.030000	5.996280
3.040000	4.582360
3.050000	3.638950
3.060000	3.142630
3.070000	2.929160
3.080000	2.995160
3.090000	3.206240
3.100000	3.471670
3.110000	3.730690
3.120000	3.906500
3.130000	4.014830
3.140000	3.973230
3.150000	3.837160
3.160000	3.552700
3.170000	3.183500
3.180000	2.898590
3.190000	2.651360
3.200000	2.557500
3.210000	2.688580
3.220000	3.163630
3.230000	4.055240
3.240000	5.331840
3.250000	6.999100
3.260000	9.108300
3.270000	11.386330
3.280000	13.751310
3.290000	15.947840
3.300000	17.857740
3.310000	19.163610
3.320000	19.721230
3.330000	19.576210
3.340000	18.650290
3.350000	17.163390
3.360000	15.281720
3.370000	13.245090
3.380000	11.216870
3.390000	9.404090
3.400000	7.998820
3.410000	6.953560
3.420000	6.455530
3.430000	6.448680
3.440000	6.784260
3.450000	7.534280
3.460000	8.446090
3.470000	9.384260
3.480000	10.159830
3.490000	10.736710
3.500000	11.010720
3.510000	10.903220
3.520000	10.489110
3.530000	9.732610
3.540000	8.761260
3.550000	7.714910
3.560000	6.781790
3.570000	5.931520
3.580000	5.342690
3.590000	5.093060
3.600000	5.147300
3.610000	5.539510
3.620000	6.135960
3.630000	6.889680
3.640000	7.745800
3.650000	8.468820
3.660000	9.062900
3.670000	9.359680
3.680000	9.283430
3.690000	8.948280
3.700000	8.399600
3.710000	7.679830
3.720000	6.851900
3.730000	6.057410
3.740000	5.395770
3.750000	4.944800
3.760000	4.675510
3.770000	4.630190
3.780000	4.796730
3.790000	5.138870
3.800000	5.590840
3.810000	6.064480
3.820000	6.402410
3.830000	6.618090
3.840000	6.703990
3.850000	6.655310
3.860000	6.458350
3.870000	6.269170
3.880000	6.085790
3.890000	6.099040
3.900000	6.302290
3.910000	6.864060
3.920000	7.777210
3.930000	9.081380
3.940000	10.623870
3.950000	12.360830
3.960000	14.027270
3.970000	15.582810
3.980000	16.769480
3.990000	17.493720
4.000000	17.595800
4.010000	17.215690
4.020000	16.271510
4.030000	14.974020
4.040000	13.281980
4.050000	11.489960
4.060000	9.561330
4.070000	7.827720
4.080000	6.194990
4.090000	4.816620
4.100000	3.618770
4.110000	2.675150
4.120000	1.934070
4.130000	1.382220
4.140000	1.008420
4.150000	0.766170
4.160000	0.645100
4.170000	0.642030
4.180000	0.730660
4.190000	0.945390
4.200000	1.294600
4.210000	1.764950
4.220000	2.351750
4.230000	3.061580
4.240000	3.795930
4.250000	4.594750
4.260000	5.339470
4.270000	6.016550
4.280000	6.560170
4.290000	6.899390
4.300000	7.001560
4.310000	6.906070
4.320000	6.593160
4.330000	6.110080
4.340000	5.549730
4.350000	4.901900
4.360000	4.262090
4.370000	3.674910
4.380000	3.133950
4.390000	2.713660
4.400000	2.375310
4.410000	2.110460
4.420000	1.940090
4.430000	1.781000
4.440000	1.662460
4.450000	1.561010
4.460000	1.471380
4.470000	1.431660
4.480000	1.392030
4.490000	1.347470
4.500000	1.381100
4.510000	1.423450
4.520000	1.471910
4.530000	1.557930
4.540000	1.645160
4.550000	1.743120
4.560000	1.815100
4.570000	1.844000
4.580000	1.836710
4.590000	1.809860
4.600000	1.757790
4.610000	1.656230
4.620000	1.546210
4.630000	1.419030
4.640000	1.285980
4.650000	1.207890
4.660000	1.129880
4.670000	1.080130
4.680000	1.032620
4.690000	1.026250
4.700000	1.012750
4.710000	1.012330
4.720000	1.014890
4.730000	1.035420
4.740000	1.060180
4.750000	1.106440
4.760000	1.143470
4.770000	1.199610
4.780000	1.302450
4.790000	1.384500
4.800000	1.486550
4.810000	1.597350
4.820000	1.692750
4.830000	1.751710
4.840000	1.812160
4.850000	1.822910
4.860000	1.809660
4.870000	1.739040
4.880000	1.652090
4.890000	1.568340
4.900000	1.482520
4.910000	1.398630
4.920000	1.313960
4.930000	1.259740
4.940000	1.193010
4.950000	1.150600
4.960000	1.109800
4.970000	1.056570
4.980000	0.999040
4.990000	0.928870
5.000000	0.830670
5.010000	0.735490
5.020000	0.642400
5.030000	0.544390
5.040000	0.432350
5.050000	0.354540
5.060000	0.277600
5.070000	0.213320
5.080000	0.160300
5.090000	0.118870
5.100000	0.083230
5.110000	0.058960
5.120000	0.038170
5.130000	0.026100
5.140000	0.019110
5.150000	0.012110
5.160000	0.007480
5.170000	0.004920
5.180000	0.001780
5.190000	0.001270
5.200000	0.001450
5.210000	0.000680
5.220000	0.000340
5.230000	0.000130
5.240000	0.000000
5.250000	0.000000
5.260000	0.000000
5.270000	0.000000
5.280000	0.000000
5.290000	0.000000
5.300000	0.000000
5.310000	0.000000
5.320000	0.000000
5.330000	0.000000
5.340000	0.000000
5.350000	0.000000
5.360000	0.000000
5.370000	0.000000
5.380000	0.000000
5.390000	0.000000
5.400000	0.000000
5.410000	0.000000
5.420000	0.000000
5.430000	0.000000
5.440000	0.000000
5.450000	0.000000
5.460000	0.000000
5.470000	0.000000
5.480000	0.000000
5.490000	0.000000
5.500000	0.000000
5.510000	0.000000
5.520000	0.000000
5.530000	0.000000
5.540000	0.000000
5.550000	0.000000
5.560000	0.000000
5.570000	0.000000
5.580000	0.000000
5.590000	0.000000
5.600000	0.000000
5.610000	0.000000
5.620000	0.000000
5.630000	0.000000
5.640000	0.000000
5.650000	0.000000
5.660000	0.000000
5.670000	0.000000
5.680000	0.000000
5.690000	0.000000
5.700000	0.000000
5.710000	0.000000
5.720000	0.000000
5.730000	0.000000
5.740000	0.000000
5.750000	0.000000
5.760000	0.000000
5.770000	0.000000
5.780000	0.000000
5.790000	0.000000
5.800000	0.000000
5.810000	0.000000
5.820000	0.000000
5.830000	0.000000
5.840000	0.000000
5.850000	0.000000
5.860000	0.000000
5.870000	0.000000
5.880000	0.000000
5.890000	0.000000
5.900000	0.000000
5.910000	0.000000
5.920000	0.000000
5.930000	0.000000
5.940000	0.000000
5.950000	0.000000
5.960000	0.000000
5.970000	0.000000
5.980000	0.000000
5.990000	0.000000
6.000000	0.000000
6.010000	0.000000
6.020000	0.000000
6.030000	0.000000
6.040000	0.000000
6.050000	0.000000
6.060000	0.000000
6.070000	0.000000
6.080000	0.000000
6.090000	0.000000
6.100000	0.000000
6.110000	0.000000
6.120000	0.000000
6.130000	0.000000
6.140000	0.000000
6.150000	0.000000
6.160000	0.000000
6.170000	0.000000
6.180000	0.000000
6.190000	0.000000
6.200000	0.000000
6.210000	0.000000
6.220000	0.000000
6.230000	0.000000
6.240000	0.000000
6.250000	0.000000
6.260000	0.000000
6.270000	0.000000
6.280000	0.000000
6.290000	0.000000
6.300000	0.000000
6.310000	0.000000
6.320000	0.000000
6.330000	0.000000
6.340000	0.000000
6.350000	0.000000
6.360000	0.000000
6.370000	0.000000
6.380000	0.000000
6.390000	0.000000
6.400000	0.000000
6.410000	0.000000
6.420000	0.000000
6.430000	0.000000
6.440000	0.000000
6.450000	0.000000
6.460000	0.000000
6.470000	0.000000
6.480000	0.000000
6.490000	0.000000
6.500000	0.000000
6.510000	0.000000
6.520000	0.000000
6.530000	0.000000
6.540000	0.000000
6.550000	0.000000
6.560000	0.000000
6.570000	0.000000
6.580000	0.000000
6.590000	0.000000
6.600000	0.000000
6.610000	0.000000
6.620000	0.000000
6.630000	0.000000
6.640000	0.000000
6.650000	0.000000
6.660000	0.000000
6.670000	0.000000
6.680000	0.000000
6.690000	0.000000
6.700000	0.000000
6.710000	0.000000
6.720000	0.000000
6.730000	0.000000
6.740000	0.000000
6.750000	0.000000
6.760000	0.000000
6.770000	0.000000
6.780000	0.000000
6.790000	0.000000
6.800000	0.000000
6.810000	0.000000
6.820000	0.000000
6.830000	0.000000
6.840000	0.000000
6.850000	0.000000
6.860000	0.000000
6.870000	0.000000
6.880000	0.000000
6.890000	0.000000
6.900000	0.000000
6.910000	0.000000
6.920000	0.000000
6.930000	0.000000
6.940000	0.000000
6.950000	0.000000
6.960000	0.000000
6.970000	0.000000
6.980000	0.000000
6.990000	0.000000
