0.000000	0.000000
0.010000	0.000000
0.020000	0.000000
0.030000	0.000000
0.040000	0.000000
0.050000	0.000000
0.060000	0.000000
0.070000	0.000000
0.080000	0.000000
0.090000	0.000000
0.100000	0.000000
0.110000	0.000000
0.120000	0.000000
0.130000	0.000000
0.140000	0.000000
0.150000	0.000000
0.160000	0.000000
0.170000	0.000000
0.180000	0.000000
0.190000	0.000000
0.200000	0.000000
0.210000	0.000000
0.220000	0.000000
0.230000	0.000000
0.240000	0.000000
0.250000	0.000000
0.260000	0.000000
0.270000	0.000000
0.280000	0.000000
0.290000	0.000000
0.300000	0.000000
0.310000	0.000000
0.320000	0.000000
0.330000	0.000000
0.340000	0.000000
0.350000	0.000000
0.360000	0.000000
0.370000	0.000000
0.380000	0.000000
0.390000	0.000000
0.400000	0.000000
0.410000	0.000000
0.420000	0.000000
0.430000	0.000000
0.440000	0.000000
0.450000	0.000000
0.460000	0.000000
0.470000	0.000000
0.480000	0.000000
0.490000	0.000000
0.500000	0.000000
0.510000	0.000000
0.520000	0.000000
0.530000	0.000000
0.540000	0.000000
0.550000	0.000000
0.560000	0.000000
0.570000	0.000000
0.580000	0.000000
0.590000	0.000000
0.600000	0.000000
0.610000	0.000000
0.620000	0.000000
0.630000	0.000000
0.640000	0.000000
0.650000	0.000000
0.660000	0.000000
0.670000	0.000000
0.680000	0.000000
0.690000	0.000000
0.700000	0.000000
0.710000	0.000000
0.720000	0.000000
0.730000	0.000000
0.740000	0.000000
0.750000	0.000000
0.760000	0.000000
0.770000	0.000000
0.780000	0.000000
0.790000	0.000000
0.800000	0.000000
0.810000	0.000000
0.820000	0.000000
0.830000	0.000000
0.840000	0.000000
0.850000	0.000000
0.860000	0.000000
0.870000	0.000000
0.880000	0.000000
0.890000	0.000000
0.900000	0.000000
0.910000	0.000000
0.920000	0.000000
0.930000	0.000000
0.940000	0.000000
0.950000	0.000000
0.960000	0.000000
0.970000	0.000000
0.980000	0.000000
0.990000	0.000000
1.000000	0.000000
1.010000	0.000000
1.020000	0.000000
1.030000	0.000000
1.040000	0.000000
1.050000	0.005780
1.060000	0.378500
1.070000	6.314750
1.080000	36.743560
1.090000	88.256710
1.100000	102.650090
1.110000	66.331650
1.120000	26.604420
1.130000	7.145090
1.140000	1.357240
1.150000	0.188650
1.160000	0.021520
1.170000	0.002040
1.180000	0.000000
1.190000	0.000000
1.200000	0.000000
1.210000	0.000000
1.220000	0.000000
1.230000	0.000000
1.240000	0.000000
1.250000	0.000000
1.260000	0.000000
1.270000	0.000000
1.280000	0.000000
1.290000	0.000000
1.300000	0.000000
1.310000	0.000000
1.320000	0.000000
1.330000	0.000000
1.340000	0.000000
1.350000	0.000000
1.360000	0.000000
1.370000	0.000000
1.380000	0.000000
1.390000	0.000000
1.400000	0.000000
1.410000	0.000000
1.420000	0.000000
1.430000	0.000000
1.440000	0.000000
1.450000	0.000080
1.460000	0.000330
1.470000	0.000740
1.480000	0.004690
1.490000	0.021270
1.500000	0.126060
1.510000	0.667850
1.520000	3.068450
1.530000	9.902900
1.540000	21.187100
1.550000	29.787800
1.560000	28.299390
1.570000	18.959250
1.580000	9.304180
1.590000	3.453120
1.600000	0.960140
1.610000	0.209910
1.620000	0.039520
1.630000	0.006450
1.640000	0.000770
1.650000	0.000000
1.660000	0.000000
1.670000	0.000000
1.680000	0.000000
1.690000	0.000000
1.700000	0.000000
1.710000	0.000000
1.720000	0.000000
1.730000	0.000000
1.740000	0.000000
1.750000	0.000000
1.760000	0.000000
1.770000	0.000000
1.780000	0.000000
1.790000	0.000000
1.800000	0.000000
1.810000	0.000000
1.820000	0.000000
1.830000	0.000050
1.840000	0.004480
1.850000	0.107880
1.860000	1.205540
1.870000	8.415840
1.880000	33.375170
1.890000	78.503930
1.900000	113.823950
1.910000	107.269360
1.920000	69.216430
1.930000	31.296180
1.940000	10.034450
1.950000	2.311430
1.960000	0.385620
1.970000	0.045320
1.980000	0.004050
1.990000	0.000320
2.000000	0.000000
2.010000	0.000000
2.020000	0.000000
2.030000	0.000000
2.040000	0.000000
2.050000	0.000000
2.060000	0.000000
2.070000	0.000000
2.080000	0.000000
2.090000	0.000000
2.100000	0.000000
2.110000	0.000000
2.120000	0.000000
2.130000	0.000140
2.140000	0.009680
2.150000	0.168640
2.160000	1.553120
2.170000	7.916360
2.180000	23.300020
2.190000	41.955110
2.200000	48.934620
2.210000	39.116020
2.220000	22.176970
2.230000	9.191860
2.240000	2.849950
2.250000	0.672090
2.260000	0.132030
2.270000	0.020270
2.280000	0.002650
2.290000	0.000310
2.300000	0.000160
2.310000	0.000000
2.320000	0.000000
2.330000	0.000000
2.340000	0.000000
2.350000	0.000000
2.360000	0.000000
2.370000	0.000060
2.380000	0.000770
2.390000	0.006110
2.400000	0.077140
2.410000	0.723800
2.420000	4.136870
2.430000	15.573670
2.440000	38.181650
2.450000	63.426920
2.460000	72.947990
2.470000	59.659900
2.480000	35.513990
2.490000	15.441580
2.500000	4.907420
2.510000	1.159990
2.520000	0.209860
2.530000	0.027970
2.540000	0.003860
2.550000	0.000380
2.560000	0.000070
2.570000	0.000000
2.580000	0.000000
2.590000	0.000000
2.600000	0.000000
2.610000	0.000000
2.620000	0.000360
2.630000	0.003070
2.640000	0.051350
2.650000	0.409840
2.660000	2.172850
2.670000	7.424580
2.680000	16.071590
2.690000	22.872440
2.700000	22.043150
2.710000	14.766270
2.720000	7.065140
2.730000	2.402220
2.740000	0.588230
2.750000	0.115920
2.760000	0.011650
2.770000	0.001340
2.780000	0.000000
2.790000	0.000000
2.800000	0.000000
2.810000	0.000000
2.820000	0.000000
2.830000	0.000160
2.840000	0.004220
2.850000	0.076700
2.860000	0.755840
2.870000	4.773620
2.880000	19.223720
2.890000	50.773510
2.900000	90.289910
2.910000	110.955750
2.920000	96.797000
2.930000	61.797040
2.940000	29.473430
2.950000	10.927040
2.960000	3.215510
2.970000	0.761270
2.980000	0.148880
2.990000	0.021940
3.000000	0.003600
3.010000	0.000690
3.020000	0.000170
3.030000	0.000000
3.040000	0.000860
3.050000	0.007130
3.060000	0.071080
3.070000	0.452430
3.080000	1.730590
3.090000	4.684730
3.100000	8.649490
3.110000	11.310660
3.120000	10.811760
3.130000	7.553470
3.140000	3.857620
3.150000	1.408660
3.160000	0.381880
3.170000	0.068470
3.180000	0.010200
3.190000	0.000970
3.200000	0.000000
3.210000	0.000180
3.220000	0.000080
3.230000	0.003440
3.240000	0.053660
3.250000	0.443780
3.260000	2.520900
3.270000	9.604500
3.280000	24.697480
3.290000	44.156760
3.300000	56.461660
3.310000	51.908380
3.320000	35.072680
3.330000	17.671730
3.340000	6.788640
3.350000	2.012260
3.360000	0.482910
3.370000	0.099550
3.380000	0.018450
3.390000	0.002260
3.400000	0.000930
3.410000	0.004320
3.420000	0.041640
3.430000	0.320770
3.440000	1.707420
3.450000	6.042490
3.460000	14.744160
3.470000	25.248340
3.480000	31.402390
3.490000	28.627250
3.500000	19.458880
3.510000	10.254730
3.520000	4.222680
3.530000	1.413790
3.540000	0.394890
3.550000	0.092580
3.560000	0.019710
3.570000	0.002970
3.580000	0.003870
3.590000	0.033700
3.600000	0.242330
3.610000	1.237280
3.620000	4.297330
3.630000	10.671480
3.640000	18.963700
3.650000	24.817250
3.660000	24.350980
3.670000	18.164520
3.680000	10.500270
3.690000	4.614770
3.700000	1.583740
3.710000	0.419210
3.720000	0.084580
3.730000	0.014730
3.740000	0.002450
3.750000	0.011970
3.760000	0.106240
3.770000	0.598400
3.780000	2.317230
3.790000	6.325150
3.800000	12.294900
3.810000	17.418590
3.820000	18.267470
3.830000	13.960990
3.840000	7.975390
3.850000	3.353080
3.860000	1.054950
3.870000	0.258390
3.880000	0.048940
3.890000	0.006140
3.900000	0.008110
3.910000	0.064500
3.920000	0.494820
3.930000	2.526870
3.940000	8.926770
3.950000	22.019250
3.960000	39.139450
3.970000	50.573820
3.980000	48.842340
3.990000	35.412260
4.000000	19.715010
4.010000	8.439880
4.020000	2.851730
4.030000	0.781210
4.040000	0.169280
4.050000	0.029110
4.060000	0.006020
4.070000	0.000310
4.080000	0.000000
4.090000	0.000000
4.100000	0.000000
4.110000	0.000000
4.120000	0.000000
4.130000	0.000000
4.140000	0.000000
4.150000	0.000000
4.160000	0.000000
4.170000	0.000000
4.180000	0.000050
4.190000	0.000670
4.200000	0.007150
4.210000	0.066270
4.220000	0.383360
4.230000	1.621170
4.240000	4.889520
4.250000	10.768970
4.260000	17.243420
4.270000	20.632410
4.280000	18.370480
4.290000	12.319080
4.300000	6.304730
4.310000	2.463470
4.320000	0.727730
4.330000	0.168590
4.340000	0.029500
4.350000	0.012900
4.360000	0.052490
4.370000	0.233620
4.380000	0.740120
4.390000	1.696810
4.400000	2.888870
4.410000	3.668280
4.420000	3.566070
4.430000	2.638070
4.440000	1.505110
4.450000	0.660330
4.460000	0.250280
4.470000	0.072460
4.480000	0.018310
4.490000	0.026760
4.500000	0.131950
4.510000	0.499910
4.520000	1.383010
4.530000	2.870330
4.540000	4.460120
4.550000	5.098760
4.560000	4.429460
4.570000	2.896020
4.580000	1.432660
4.590000	0.560180
4.600000	0.169150
4.610000	0.036430
4.620000	0.011400
4.630000	0.034460
4.640000	0.140330
4.650000	0.443700
4.660000	0.988930
4.670000	1.734190
4.680000	2.317410
4.690000	2.353450
4.700000	1.921250
4.710000	1.193190
4.720000	0.568110
4.730000	0.219310
4.740000	0.064750
4.750000	0.025970
4.760000	0.073320
4.770000	0.313190
4.780000	0.976440
4.790000	2.213550
4.800000	3.814570
4.810000	4.854010
4.820000	4.793410
4.830000	3.630930
4.840000	2.041990
4.850000	0.880570
4.860000	0.304190
4.870000	0.077300
4.880000	0.029390
4.890000	0.077130
4.900000	0.293460
4.910000	0.776540
4.920000	1.553230
4.930000	2.230810
4.940000	2.500170
4.950000	2.152030
4.960000	1.374850
4.970000	0.684990
4.980000	0.253990
4.990000	0.067210
5.000000	0.017720
5.010000	0.003380
5.020000	0.000150
5.030000	0.000000
5.040000	0.000000
5.050000	0.000000
5.060000	0.000000
5.070000	0.000000
5.080000	0.000000
5.090000	0.000000
5.100000	0.000000
5.110000	0.000000
5.120000	0.000000
5.130000	0.000000
5.140000	0.000000
5.150000	0.000000
5.160000	0.000000
5.170000	0.000000
5.180000	0.000000
5.190000	0.000000
5.200000	0.000000
5.210000	0.000000
5.220000	0.000000
5.230000	0.000000
5.240000	0.000000
5.250000	0.000000
5.260000	0.000000
5.270000	0.000000
5.280000	0.000000
5.290000	0.000000
5.300000	0.000000
5.310000	0.000000
5.320000	0.000000
5.330000	0.000000
5.340000	0.000000
5.350000	0.000000
5.360000	0.000000
5.370000	0.000000
5.380000	0.000000
5.390000	0.000000
5.400000	0.000000
5.410000	0.000000
5.420000	0.000000
5.430000	0.000000
5.440000	0.000000
5.450000	0.000000
5.460000	0.000000
5.470000	0.000000
5.480000	0.000000
5.490000	0.000000
5.500000	0.000000
5.510000	0.000000
5.520000	0.000000
5.530000	0.000000
5.540000	0.000000
5.550000	0.000000
5.560000	0.000000
5.570000	0.000000
5.580000	0.000000
5.590000	0.000000
5.600000	0.000000
5.610000	0.000000
5.620000	0.000000
5.630000	0.000000
5.640000	0.000000
5.650000	0.000000
5.660000	0.000000
5.670000	0.000000
5.680000	0.000000
5.690000	0.000000
5.700000	0.000000
5.710000	0.000000
5.720000	0.000000
5.730000	0.000000
5.740000	0.000000
5.750000	0.000000
5.760000	0.000000
5.770000	0.000000
5.780000	0.000000
5.790000	0.000000
5.800000	0.000000
5.810000	0.000000
5.820000	0.000000
5.830000	0.000000
5.840000	0.000000
5.850000	0.000000
5.860000	0.000000
5.870000	0.000000
5.880000	0.000000
5.890000	0.000000
5.900000	0.000000
5.910000	0.000000
5.920000	0.000000
5.930000	0.000000
5.940000	0.000000
5.950000	0.000000
5.960000	0.000000
5.970000	0.000000
5.980000	0.000000
5.990000	0.000000
6.000000	0.000000
6.010000	0.000000
6.020000	0.000000
6.030000	0.000000
6.040000	0.000000
6.050000	0.000000
6.060000	0.000000
6.070000	0.000000
6.080000	0.000000
6.090000	0.000000
6.100000	0.000000
6.110000	0.000000
6.120000	0.000000
6.130000	0.000000
6.140000	0.000000
6.150000	0.000000
6.160000	0.000000
6.170000	0.000000
6.180000	0.000000
6.190000	0.000000
6.200000	0.000000
6.210000	0.000000
6.220000	0.000000
6.230000	0.000000
6.240000	0.000000
6.250000	0.000000
6.260000	0.000000
6.270000	0.000000
6.280000	0.000000
6.290000	0.000000
6.300000	0.000000
6.310000	0.000000
6.320000	0.000000
6.330000	0.000000
6.340000	0.000000
6.350000	0.000000
6.360000	0.000000
6.370000	0.000000
6.380000	0.000000
6.390000	0.000000
6.400000	0.000000
6.410000	0.000000
6.420000	0.000000
6.430000	0.000000
6.440000	0.000000
6.450000	0.000000
6.460000	0.000000
6.470000	0.000000
6.480000	0.000000
6.490000	0.000000
6.500000	0.000000
6.510000	0.000000
6.520000	0.000000
6.530000	0.000000
6.540000	0.000000
6.550000	0.000000
6.560000	0.000000
6.570000	0.000000
6.580000	0.000000
6.590000	0.000000
6.600000	0.000000
6.610000	0.000000
6.620000	0.000000
6.630000	0.000000
6.640000	0.000000
6.650000	0.000000
6.660000	0.000000
6.670000	0.000000
6.680000	0.000000
6.690000	0.000000
6.700000	0.000000
6.710000	0.000000
6.720000	0.000000
6.730000	0.000000
6.740000	0.000000
6.750000	0.000000
6.760000	0.000000
6.770000	0.000000
6.780000	0.000000
6.790000	0.000000
6.800000	0.000000
6.810000	0.000000
6.820000	0.000000
6.830000	0.000000
6.840000	0.000000
6.850000	0.000000
6.860000	0.000000
6.870000	0.000000
6.880000	0.000000
6.890000	0.000000
6.900000	0.000000
6.910000	0.000000
6.920000	0.000000
6.930000	0.000000
6.940000	0.000000
6.950000	0.000000
6.960000	0.000000
6.970000	0.000000
6.980000	0.000000
6.990000	0.000000
