0.000000	0.000000
0.010000	0.000000
0.020000	0.000000
0.030000	0.000000
0.040000	0.000000
0.050000	0.000000
0.060000	0.000000
0.070000	0.000000
0.080000	0.000000
0.090000	0.000000
0.100000	0.000000
0.110000	0.000000
0.120000	0.000000
0.130000	0.000000
0.140000	0.000000
0.150000	0.000000
0.160000	0.000000
0.170000	0.000000
0.180000	0.000000
0.190000	0.000000
0.200000	0.000000
0.210000	0.000000
0.220000	0.000000
0.230000	0.000000
0.240000	0.000000
0.250000	0.000000
0.260000	0.000000
0.270000	0.000000
0.280000	0.000000
0.290000	0.000000
0.300000	0.000000
0.310000	0.000000
0.320000	0.000000
0.330000	0.000000
0.340000	0.000000
0.350000	0.000000
0.360000	0.000000
0.370000	0.000000
0.380000	0.000000
0.390000	0.000000
0.400000	0.000000
0.410000	0.000000
0.420000	0.000000
0.430000	0.000000
0.440000	0.000000
0.450000	0.000000
0.460000	0.000000
0.470000	0.000000
0.480000	0.000000
0.490000	0.000000
0.500000	0.000000
0.510000	0.000000
0.520000	0.000000
0.530000	0.000000
0.540000	0.000000
0.550000	0.000000
0.560000	0.000000
0.570000	0.000000
0.580000	0.000000
0.590000	0.000000
0.600000	0.000000
0.610000	0.000000
0.620000	0.000000
0.630000	0.000000
0.640000	0.000000
0.650000	0.000000
0.660000	0.000000
0.670000	0.000000
0.680000	0.000000
0.690000	0.000000
0.700000	0.000000
0.710000	0.000000
0.720000	0.000000
0.730000	0.000000
0.740000	0.000000
0.750000	0.000000
0.760000	0.000000
0.770000	0.000000
0.780000	0.000000
0.790000	0.000000
0.800000	0.000000
0.810000	0.000000
0.820000	0.000000
0.830000	0.000000
0.840000	0.000000
0.850000	0.000000
0.860000	0.000000
0.870000	0.000000
0.880000	0.000000
0.890000	0.000000
0.900000	0.000000
0.910000	0.000000
0.920000	0.000000
0.930000	0.000000
0.940000	0.000000
0.950000	0.000000
0.960000	0.000000
0.970000	0.000000
0.980000	0.000000
0.990000	0.000000
1.000000	0.000000
1.010000	0.000000
1.020000	0.000000
1.030000	0.000840
1.040000	0.028180
1.050000	0.491440
1.060000	3.872210
1.070000	16.859880
1.080000	43.037930
1.090000	69.617680
1.100000	76.356410
1.110000	60.580470
1.120000	36.692030
1.130000	17.748790
1.140000	7.171080
1.150000	2.504320
1.160000	0.769750
1.170000	0.206780
1.180000	0.048420
1.190000	0.010670
1.200000	0.002180
1.210000	0.000630
1.220000	0.000310
1.230000	0.000000
1.240000	0.000000
1.250000	0.000000
1.260000	0.000000
1.270000	0.000000
1.280000	0.000000
1.290000	0.000000
1.300000	0.000000
1.310000	0.000000
1.320000	0.000000
1.330000	0.000000
1.340000	0.000000
1.350000	0.000000
1.360000	0.000000
1.370000	0.000000
1.380000	0.000000
1.390000	0.000000
1.400000	0.000110
1.410000	0.000440
1.420000	0.000390
1.430000	0.001990
1.440000	0.003370
1.450000	0.008140
1.460000	0.021040
1.470000	0.059440
1.480000	0.150170
1.490000	0.396550
1.500000	1.076380
1.510000	2.776990
1.520000	6.147620
1.530000	11.424300
1.540000	17.200860
1.550000	21.183970
1.560000	21.313340
1.570000	17.778280
1.580000	12.504880
1.590000	7.393160
1.600000	3.781130
1.610000	1.681720
1.620000	0.679080
1.630000	0.262580
1.640000	0.095830
1.650000	0.037870
1.660000	0.013450
1.670000	0.003950
1.680000	0.001680
1.690000	0.000800
1.700000	0.000280
1.710000	0.000130
1.720000	0.000080
1.730000	0.000000
1.740000	0.000000
1.750000	0.000000
1.760000	0.000000
1.770000	0.000000
1.780000	0.000000
1.790000	0.000110
1.800000	0.000180
1.810000	0.000820
1.820000	0.008900
1.830000	0.078960
1.840000	0.460050
1.850000	2.080050
1.860000	7.310120
1.870000	19.704140
1.880000	40.583670
1.890000	65.157150
1.900000	81.918800
1.910000	82.311340
1.920000	66.933350
1.930000	44.889290
1.940000	25.189750
1.950000	12.024500
1.960000	4.928340
1.970000	1.725110
1.980000	0.521350
1.990000	0.133210
2.000000	0.031850
2.010000	0.006580
2.020000	0.001880
2.030000	0.000350
2.040000	0.000150
2.050000	0.000000
2.060000	0.000000
2.070000	0.000000
2.080000	0.000000
2.090000	0.000000
2.100000	0.000000
2.110000	0.000750
2.120000	0.006870
2.130000	0.066630
2.140000	0.408950
2.150000	1.741910
2.160000	5.426160
2.170000	12.620240
2.180000	22.499750
2.190000	31.588850
2.200000	35.490370
2.210000	32.443570
2.220000	24.561270
2.230000	15.736760
2.240000	8.658060
2.250000	4.117950
2.260000	1.701460
2.270000	0.635030
2.280000	0.210200
2.290000	0.062310
2.300000	0.016870
2.310000	0.004690
2.320000	0.001050
2.330000	0.000520
2.340000	0.001160
2.350000	0.002240
2.360000	0.011010
2.370000	0.040020
2.380000	0.154570
2.390000	0.559560
2.400000	1.793570
2.410000	4.884480
2.420000	11.232440
2.430000	21.599860
2.440000	34.275630
2.450000	45.647300
2.460000	50.950000
2.470000	47.689210
2.480000	38.200620
2.490000	26.108080
2.500000	15.402210
2.510000	7.849690
2.520000	3.476660
2.530000	1.373630
2.540000	0.501630
2.550000	0.168530
2.560000	0.055530
2.570000	0.015590
2.580000	0.004300
2.590000	0.001440
2.600000	0.000900
2.610000	0.004340
2.620000	0.029130
2.630000	0.151060
2.640000	0.561500
2.650000	1.797710
2.660000	4.295010
2.670000	8.336210
2.680000	12.891040
2.690000	16.214440
2.700000	16.690940
2.710000	14.073920
2.720000	10.002410
2.730000	5.955270
2.740000	3.000870
2.750000	1.301580
2.760000	0.476830
2.770000	0.157880
2.780000	0.043440
2.790000	0.011970
2.800000	0.003510
2.810000	0.003040
2.820000	0.012250
2.830000	0.096470
2.840000	0.476810
2.850000	1.814710
2.860000	5.585870
2.870000	14.009590
2.880000	28.727220
2.890000	48.145400
2.900000	67.157090
2.910000	77.763990
2.920000	75.702370
2.930000	62.522180
2.940000	44.414320
2.950000	27.233290
2.960000	14.649390
2.970000	6.972260
2.980000	2.976560
2.990000	1.142970
3.000000	0.412200
3.010000	0.130400
3.020000	0.047910
3.030000	0.041260
3.040000	0.094870
3.050000	0.288060
3.060000	0.712530
3.070000	1.540740
3.080000	2.866200
3.090000	4.575410
3.100000	6.378010
3.110000	7.581270
3.120000	7.687390
3.130000	6.757460
3.140000	5.160540
3.150000	3.471180
3.160000	2.028610
3.170000	1.051010
3.180000	0.478240
3.190000	0.189740
3.200000	0.072620
3.210000	0.048770
3.220000	0.111290
3.230000	0.396470
3.240000	1.237680
3.250000	3.343380
3.260000	7.555550
3.270000	14.522020
3.280000	23.530070
3.290000	32.460930
3.300000	38.190870
3.310000	38.364160
3.320000	33.223150
3.330000	24.985890
3.340000	16.335750
3.350000	9.433760
3.360000	4.793620
3.370000	2.176870
3.380000	0.868390
3.390000	0.335670
3.400000	0.188160
3.410000	0.316070
3.420000	0.852010
3.430000	2.116130
3.440000	4.603720
3.450000	8.560040
3.460000	13.579030
3.470000	18.321860
3.480000	21.232600
3.490000	21.259100
3.500000	18.472240
3.510000	14.025790
3.520000	9.443420
3.530000	5.578530
3.540000	2.978850
3.550000	1.461250
3.560000	0.671320
3.570000	0.324710
3.580000	0.257060
3.590000	0.530390
3.600000	1.378690
3.610000	3.180870
3.620000	6.193670
3.630000	10.223630
3.640000	14.418730
3.650000	17.419230
3.660000	18.143890
3.670000	16.416360
3.680000	12.781390
3.690000	8.790270
3.700000	5.290430
3.710000	2.837350
3.720000	1.361510
3.730000	0.599130
3.740000	0.317060
3.750000	0.392030
3.760000	0.862940
3.770000	1.962550
3.780000	3.905120
3.790000	6.655520
3.800000	9.564240
3.810000	11.927060
3.820000	12.751570
3.830000	11.835440
3.840000	9.480780
3.850000	6.652300
3.860000	4.097020
3.870000	2.194230
3.880000	1.072820
3.890000	0.592880
3.900000	0.662890
3.910000	1.452570
3.920000	3.422140
3.930000	7.205140
3.940000	13.119070
3.950000	20.635540
3.960000	28.281760
3.970000	33.631300
3.980000	34.841780
3.990000	31.390990
4.000000	24.940090
4.010000	17.570670
4.020000	11.088650
4.030000	6.254050
4.040000	3.157700
4.050000	1.448800
4.060000	0.602490
4.070000	0.228870
4.080000	0.075600
4.090000	0.025200
4.100000	0.006770
4.110000	0.001540
4.120000	0.000500
4.130000	0.000040
4.140000	0.000000
4.150000	0.000210
4.160000	0.001530
4.170000	0.007460
4.180000	0.031030
4.190000	0.102310
4.200000	0.302520
4.210000	0.767270
4.220000	1.778560
4.230000	3.480410
4.240000	6.023400
4.250000	9.060920
4.260000	11.896650
4.270000	13.582880
4.280000	13.520370
4.290000	11.986010
4.300000	9.287890
4.310000	6.388230
4.320000	3.876570
4.330000	2.152410
4.340000	1.101060
4.350000	0.579460
4.360000	0.461830
4.370000	0.635450
4.380000	1.029820
4.390000	1.520210
4.400000	2.055880
4.410000	2.434600
4.420000	2.499420
4.430000	2.285040
4.440000	1.847240
4.450000	1.373510
4.460000	0.895400
4.470000	0.566700
4.480000	0.368450
4.490000	0.349850
4.500000	0.558080
4.510000	0.973830
4.520000	1.596750
4.530000	2.328320
4.540000	2.974410
4.550000	3.356930
4.560000	3.341890
4.570000	2.906330
4.580000	2.258940
4.590000	1.566230
4.600000	0.958780
4.610000	0.560270
4.620000	0.350280
4.630000	0.298600
4.640000	0.412520
4.650000	0.606540
4.660000	0.903770
4.670000	1.227480
4.680000	1.496640
4.690000	1.605340
4.700000	1.544870
4.710000	1.323150
4.720000	1.009130
4.730000	0.718880
4.740000	0.509890
4.750000	0.446270
4.760000	0.537560
4.770000	0.803120
4.780000	1.286030
4.790000	1.945910
4.800000	2.650380
4.810000	3.126180
4.820000	3.287840
4.830000	3.057370
4.840000	2.569400
4.850000	1.915310
4.860000	1.279770
4.870000	0.813000
4.880000	0.538720
4.890000	0.470450
4.900000	0.582430
4.910000	0.842130
4.920000	1.175190
4.930000	1.458060
4.940000	1.648820
4.950000	1.613110
4.960000	1.435890
4.970000	1.106890
4.980000	0.770630
4.990000	0.484810
5.000000	0.268210
5.010000	0.137440
5.020000	0.065120
5.030000	0.029420
5.040000	0.011890
5.050000	0.002650
5.060000	0.000970
5.070000	0.000270
5.080000	0.000330
5.090000	0.000030
5.100000	0.000000
5.110000	0.000000
5.120000	0.000000
5.130000	0.000000
5.140000	0.000000
5.150000	0.000000
5.160000	0.000000
5.170000	0.000000
5.180000	0.000000
5.190000	0.000000
5.200000	0.000000
5.210000	0.000000
5.220000	0.000000
5.230000	0.000000
5.240000	0.000000
5.250000	0.000000
5.260000	0.000000
5.270000	0.000000
5.280000	0.000000
5.290000	0.000000
5.300000	0.000000
5.310000	0.000000
5.320000	0.000000
5.330000	0.000000
5.340000	0.000000
5.350000	0.000000
5.360000	0.000000
5.370000	0.000000
5.380000	0.000000
5.390000	0.000000
5.400000	0.000000
5.410000	0.000000
5.420000	0.000000
5.430000	0.000000
5.440000	0.000000
5.450000	0.000000
5.460000	0.000000
5.470000	0.000000
5.480000	0.000000
5.490000	0.000000
5.500000	0.000000
5.510000	0.000000
5.520000	0.000000
5.530000	0.000000
5.540000	0.000000
5.550000	0.000000
5.560000	0.000000
5.570000	0.000000
5.580000	0.000000
5.590000	0.000000
5.600000	0.000000
5.610000	0.000000
5.620000	0.000000
5.630000	0.000000
5.640000	0.000000
5.650000	0.000000
5.660000	0.000000
5.670000	0.000000
5.680000	0.000000
5.690000	0.000000
5.700000	0.000000
5.710000	0.000000
5.720000	0.000000
5.730000	0.000000
5.740000	0.000000
5.750000	0.000000
5.760000	0.000000
5.770000	0.000000
5.780000	0.000000
5.790000	0.000000
5.800000	0.000000
5.810000	0.000000
5.820000	0.000000
5.830000	0.000000
5.840000	0.000000
5.850000	0.000000
5.860000	0.000000
5.870000	0.000000
5.880000	0.000000
5.890000	0.000000
5.900000	0.000000
5.910000	0.000000
5.920000	0.000000
5.930000	0.000000
5.940000	0.000000
5.950000	0.000000
5.960000	0.000000
5.970000	0.000000
5.980000	0.000000
5.990000	0.000000
6.000000	0.000000
6.010000	0.000000
6.020000	0.000000
6.030000	0.000000
6.040000	0.000000
6.050000	0.000000
6.060000	0.000000
6.070000	0.000000
6.080000	0.000000
6.090000	0.000000
6.100000	0.000000
6.110000	0.000000
6.120000	0.000000
6.130000	0.000000
6.140000	0.000000
6.150000	0.000000
6.160000	0.000000
6.170000	0.000000
6.180000	0.000000
6.190000	0.000000
6.200000	0.000000
6.210000	0.000000
6.220000	0.000000
6.230000	0.000000
6.240000	0.000000
6.250000	0.000000
6.260000	0.000000
6.270000	0.000000
6.280000	0.000000
6.290000	0.000000
6.300000	0.000000
6.310000	0.000000
6.320000	0.000000
6.330000	0.000000
6.340000	0.000000
6.350000	0.000000
6.360000	0.000000
6.370000	0.000000
6.380000	0.000000
6.390000	0.000000
6.400000	0.000000
6.410000	0.000000
6.420000	0.000000
6.430000	0.000000
6.440000	0.000000
6.450000	0.000000
6.460000	0.000000
6.470000	0.000000
6.480000	0.000000
6.490000	0.000000
6.500000	0.000000
6.510000	0.000000
6.520000	0.000000
6.530000	0.000000
6.540000	0.000000
6.550000	0.000000
6.560000	0.000000
6.570000	0.000000
6.580000	0.000000
6.590000	0.000000
6.600000	0.000000
6.610000	0.000000
6.620000	0.000000
6.630000	0.000000
6.640000	0.000000
6.650000	0.000000
6.660000	0.000000
6.670000	0.000000
6.680000	0.000000
6.690000	0.000000
6.700000	0.000000
6.710000	0.000000
6.720000	0.000000
6.730000	0.000000
6.740000	0.000000
6.750000	0.000000
6.760000	0.000000
6.770000	0.000000
6.780000	0.000000
6.790000	0.000000
6.800000	0.000000
6.810000	0.000000
6.820000	0.000000
6.830000	0.000000
6.840000	0.000000
6.850000	0.000000
6.860000	0.000000
6.870000	0.000000
6.880000	0.000000
6.890000	0.000000
6.900000	0.000000
6.910000	0.000000
6.920000	0.000000
6.930000	0.000000
6.940000	0.000000
6.950000	0.000000
6.960000	0.000000
6.970000	0.000000
6.980000	0.000000
6.990000	0.000000
