0.000000	0.000000
0.010000	0.000000
0.020000	0.000000
0.030000	0.000000
0.040000	0.000000
0.050000	0.000000
0.060000	0.000000
0.070000	0.000000
0.080000	0.000000
0.090000	0.000000
0.100000	0.000000
0.110000	0.000000
0.120000	0.000000
0.130000	0.000000
0.140000	0.000000
0.150000	0.000000
0.160000	0.000000
0.170000	0.000000
0.180000	0.000000
0.190000	0.000000
0.200000	0.000000
0.210000	0.000000
0.220000	0.000000
0.230000	0.000000
0.240000	0.000000
0.250000	0.000000
0.260000	0.000000
0.270000	0.000000
0.280000	0.000000
0.290000	0.000000
0.300000	0.000000
0.310000	0.000000
0.320000	0.000000
0.330000	0.000000
0.340000	0.000000
0.350000	0.000000
0.360000	0.000000
0.370000	0.000000
0.380000	0.000000
0.390000	0.000000
0.400000	0.000000
0.410000	0.000000
0.420000	0.000000
0.430000	0.000000
0.440000	0.000000
0.450000	0.000000
0.460000	0.000000
0.470000	0.000000
0.480000	0.000000
0.490000	0.000000
0.500000	0.000000
0.510000	0.000000
0.520000	0.000000
0.530000	0.000000
0.540000	0.000000
0.550000	0.000000
0.560000	0.000000
0.570000	0.000000
0.580000	0.000000
0.590000	0.000000
0.600000	0.000000
0.610000	0.000000
0.620000	0.000000
0.630000	0.000000
0.640000	0.000000
0.650000	0.000000
0.660000	0.000000
0.670000	0.000000
0.680000	0.000000
0.690000	0.000000
0.700000	0.000000
0.710000	0.000000
0.720000	0.000000
0.730000	0.000000
0.740000	0.000000
0.750000	0.000000
0.760000	0.000000
0.770000	0.000000
0.780000	0.000000
0.790000	0.000000
0.800000	0.000000
0.810000	0.000000
0.820000	0.000000
0.830000	0.000000
0.840000	0.000000
0.850000	0.000000
0.860000	0.000000
0.870000	0.000000
0.880000	0.000000
0.890000	0.000000
0.900000	0.000000
0.910000	0.000000
0.920000	0.000000
0.930000	0.000000
0.940000	0.000000
0.950000	0.000000
0.960000	0.000000
0.970000	0.000070
0.980000	0.000890
0.990000	0.008040
1.000000	0.053670
1.010000	0.248780
1.020000	0.896280
1.030000	2.489830
1.040000	5.606610
1.050000	10.531340
1.060000	16.985370
1.070000	23.879560
1.080000	29.990690
1.090000	34.074310
1.100000	35.490440
1.110000	34.338890
1.120000	31.238320
1.130000	26.755470
1.140000	21.932820
1.150000	17.166370
1.160000	12.974260
1.170000	9.557640
1.180000	6.827090
1.190000	4.818900
1.200000	3.328530
1.210000	2.253690
1.220000	1.527700
1.230000	1.038850
1.240000	0.694500
1.250000	0.454910
1.260000	0.301410
1.270000	0.195770
1.280000	0.126400
1.290000	0.083850
1.300000	0.057540
1.310000	0.040350
1.320000	0.030230
1.330000	0.024070
1.340000	0.021680
1.350000	0.024410
1.360000	0.029300
1.370000	0.037620
1.380000	0.054440
1.390000	0.078420
1.400000	0.108020
1.410000	0.157340
1.420000	0.226290
1.430000	0.336560
1.440000	0.496350
1.450000	0.716760
1.460000	1.050110
1.470000	1.500130
1.480000	2.085680
1.490000	2.848880
1.500000	3.782250
1.510000	4.903560
1.520000	6.097410
1.530000	7.279730
1.540000	8.293690
1.550000	9.074110
1.560000	9.611100
1.570000	9.732580
1.580000	9.419040
1.590000	8.844770
1.600000	7.941980
1.610000	6.903150
1.620000	5.816050
1.630000	4.734740
1.640000	3.719130
1.650000	2.827460
1.660000	2.102010
1.670000	1.539900
1.680000	1.080570
1.690000	0.780930
1.700000	0.537840
1.710000	0.374050
1.720000	0.267080
1.730000	0.184610
1.740000	0.146000
1.750000	0.134090
1.760000	0.156740
1.770000	0.241350
1.780000	0.410380
1.790000	0.713400
1.800000	1.268650
1.810000	2.166290
1.820000	3.580030
1.830000	5.702310
1.840000	8.654040
1.850000	12.487230
1.860000	17.011140
1.870000	22.075720
1.880000	27.195020
1.890000	31.837480
1.900000	35.446870
1.910000	37.442170
1.920000	37.826640
1.930000	36.518860
1.940000	33.789650
1.950000	30.127430
1.960000	25.776940
1.970000	21.336010
1.980000	17.054550
1.990000	13.238820
2.000000	10.040450
2.010000	7.386350
2.020000	5.304370
2.030000	3.711620
2.040000	2.549460
2.050000	1.735470
2.060000	1.180460
2.070000	0.809580
2.080000	0.605530
2.090000	0.573290
2.100000	0.722430
2.110000	1.124730
2.120000	1.845810
2.130000	2.913340
2.140000	4.379240
2.150000	6.213550
2.160000	8.371270
2.170000	10.548950
2.180000	12.633180
2.190000	14.363670
2.200000	15.517310
2.210000	16.032060
2.220000	15.851220
2.230000	15.055370
2.240000	13.828100
2.250000	12.180680
2.260000	10.394330
2.270000	8.633550
2.280000	6.983190
2.290000	5.528460
2.300000	4.299100
2.310000	3.350090
2.320000	2.663540
2.330000	2.229800
2.340000	2.022420
2.350000	2.098040
2.360000	2.472270
2.370000	3.205300
2.380000	4.261650
2.390000	5.739570
2.400000	7.625060
2.410000	9.819690
2.420000	12.287280
2.430000	14.815620
2.440000	17.329910
2.450000	19.582850
2.460000	21.261180
2.470000	22.346810
2.480000	22.684420
2.490000	22.167890
2.500000	21.092610
2.510000	19.324240
2.520000	17.207000
2.530000	14.789790
2.540000	12.339310
2.550000	10.106630
2.560000	8.015700
2.570000	6.203680
2.580000	4.752910
2.590000	3.659310
2.600000	2.879870
2.610000	2.446530
2.620000	2.318660
2.630000	2.493290
2.640000	2.917870
2.650000	3.552880
2.660000	4.365970
2.670000	5.213650
2.680000	6.037030
2.690000	6.733520
2.700000	7.224890
2.710000	7.505200
2.720000	7.473440
2.730000	7.156730
2.740000	6.601760
2.750000	5.923870
2.760000	5.151580
2.770000	4.397160
2.780000	3.764400
2.790000	3.354940
2.800000	3.199180
2.810000	3.469380
2.820000	4.180990
2.830000	5.516460
2.840000	7.457060
2.850000	10.116500
2.860000	13.401490
2.870000	17.187450
2.880000	21.261100
2.890000	25.370570
2.900000	29.053390
2.910000	32.160030
2.920000	34.247620
2.930000	35.021580
2.940000	34.738940
2.950000	33.272880
2.960000	30.999800
2.970000	27.911010
2.980000	24.399760
2.990000	20.776840
3.000000	17.239430
3.010000	14.024080
3.020000	11.250670
3.030000	8.958810
3.040000	7.103210
3.050000	5.724830
3.060000	4.765280
3.070000	4.110210
3.080000	3.744800
3.090000	3.583690
3.100000	3.561010
3.110000	3.572280
3.120000	3.649690
3.130000	3.685300
3.140000	3.663280
3.150000	3.601630
3.160000	3.464070
3.170000	3.344440
3.180000	3.218760
3.190000	3.172780
3.200000	3.218340
3.210000	3.450520
3.220000	3.938520
3.230000	4.693300
3.240000	5.740070
3.250000	7.095660
3.260000	8.684370
3.270000	10.390570
3.280000	12.229530
3.290000	13.964070
3.300000	15.431780
3.310000	16.605810
3.320000	17.324180
3.330000	17.478840
3.340000	17.177450
3.350000	16.404980
3.360000	15.238020
3.370000	13.908230
3.380000	12.530590
3.390000	11.173950
3.400000	9.912020
3.410000	8.940580
3.420000	8.212460
3.430000	7.840540
3.440000	7.763060
3.450000	7.977970
3.460000	8.338140
3.470000	8.829650
3.480000	9.268580
3.490000	9.661930
3.500000	9.868470
3.510000	9.876090
3.520000	9.718050
3.530000	9.347710
3.540000	8.814850
3.550000	8.177100
3.560000	7.498190
3.570000	6.915710
3.580000	6.444620
3.590000	6.143970
3.600000	6.043230
3.610000	6.108050
3.620000	6.428010
3.630000	6.861300
3.640000	7.308100
3.650000	7.733470
3.660000	8.173950
3.670000	8.431820
3.680000	8.466960
3.690000	8.375230
3.700000	8.114540
3.710000	7.694990
3.720000	7.161390
3.730000	6.641940
3.740000	6.152910
3.750000	5.728810
3.760000	5.460740
3.770000	5.322540
3.780000	5.273390
3.790000	5.384010
3.800000	5.539870
3.810000	5.784950
3.820000	5.990510
3.830000	6.178850
3.840000	6.276400
3.850000	6.373830
3.860000	6.380590
3.870000	6.381100
3.880000	6.455920
3.890000	6.660660
3.900000	6.921720
3.910000	7.409700
3.920000	8.129900
3.930000	9.084360
3.940000	10.186800
3.950000	11.382340
3.960000	12.562130
3.970000	13.663290
3.980000	14.631210
3.990000	15.314630
4.000000	15.671360
4.010000	15.683670
4.020000	15.191340
4.030000	14.440060
4.040000	13.406430
4.050000	12.153670
4.060000	10.752780
4.070000	9.317240
4.080000	7.876950
4.090000	6.541500
4.100000	5.329930
4.110000	4.256080
4.120000	3.358010
4.130000	2.599730
4.140000	2.013260
4.150000	1.609860
4.160000	1.330900
4.170000	1.197510
4.180000	1.188030
4.190000	1.308290
4.200000	1.532650
4.210000	1.859920
4.220000	2.296300
4.230000	2.789930
4.240000	3.362650
4.250000	3.960210
4.260000	4.566650
4.270000	5.110830
4.280000	5.558560
4.290000	5.926200
4.300000	6.133820
4.310000	6.190780
4.320000	6.104200
4.330000	5.889930
4.340000	5.571120
4.350000	5.153740
4.360000	4.721200
4.370000	4.270680
4.380000	3.776800
4.390000	3.381910
4.400000	2.980640
4.410000	2.637640
4.420000	2.369710
4.430000	2.133050
4.440000	1.950790
4.450000	1.779530
4.460000	1.666120
4.470000	1.583120
4.480000	1.515520
4.490000	1.482140
4.500000	1.451340
4.510000	1.464260
4.520000	1.511410
4.530000	1.559800
4.540000	1.605020
4.550000	1.642510
4.560000	1.675660
4.570000	1.705820
4.580000	1.704690
4.590000	1.701020
4.600000	1.685760
4.610000	1.651350
4.620000	1.577980
4.630000	1.490420
4.640000	1.406780
4.650000	1.338370
4.660000	1.239930
4.670000	1.184370
4.680000	1.124360
4.690000	1.086880
4.700000	1.059220
4.710000	1.057130
4.720000	1.054640
4.730000	1.081640
4.740000	1.093700
4.750000	1.134900
4.760000	1.167730
4.770000	1.212870
4.780000	1.241960
4.790000	1.311260
4.800000	1.411890
4.810000	1.480900
4.820000	1.536440
4.830000	1.595220
4.840000	1.637630
4.850000	1.663190
4.860000	1.684710
4.870000	1.698340
4.880000	1.650440
4.890000	1.604710
4.900000	1.551610
4.910000	1.482480
4.920000	1.404510
4.930000	1.342860
4.940000	1.299130
4.950000	1.234260
4.960000	1.161960
4.970000	1.106780
4.980000	1.032770
4.990000	0.960320
5.000000	0.880350
5.010000	0.796450
5.020000	0.731000
5.030000	0.642680
5.040000	0.553730
5.050000	0.471490
5.060000	0.395670
5.070000	0.326510
5.080000	0.272360
5.090000	0.220610
5.100000	0.167480
5.110000	0.123800
5.120000	0.090050
5.130000	0.067000
5.140000	0.050810
5.150000	0.036300
5.160000	0.025010
5.170000	0.017780
5.180000	0.011880
5.190000	0.007740
5.200000	0.005910
5.210000	0.003540
5.220000	0.002280
5.230000	0.002380
5.240000	0.001330
5.250000	0.000960
5.260000	0.000490
5.270000	0.000410
5.280000	0.000330
5.290000	0.000000
5.300000	0.000000
5.310000	0.000000
5.320000	0.000000
5.330000	0.000000
5.340000	0.000000
5.350000	0.000000
5.360000	0.000000
5.370000	0.000000
5.380000	0.000000
5.390000	0.000000
5.400000	0.000000
5.410000	0.000000
5.420000	0.000000
5.430000	0.000000
5.440000	0.000000
5.450000	0.000000
5.460000	0.000000
5.470000	0.000000
5.480000	0.000000
5.490000	0.000000
5.500000	0.000000
5.510000	0.000000
5.520000	0.000000
5.530000	0.000000
5.540000	0.000000
5.550000	0.000000
5.560000	0.000000
5.570000	0.000000
5.580000	0.000000
5.590000	0.000000
5.600000	0.000000
5.610000	0.000000
5.620000	0.000000
5.630000	0.000000
5.640000	0.000000
5.650000	0.000000
5.660000	0.000000
5.670000	0.000000
5.680000	0.000000
5.690000	0.000000
5.700000	0.000000
5.710000	0.000000
5.720000	0.000000
5.730000	0.000000
5.740000	0.000000
5.750000	0.000000
5.760000	0.000000
5.770000	0.000000
5.780000	0.000000
5.790000	0.000000
5.800000	0.000000
5.810000	0.000000
5.820000	0.000000
5.830000	0.000000
5.840000	0.000000
5.850000	0.000000
5.860000	0.000000
5.870000	0.000000
5.880000	0.000000
5.890000	0.000000
5.900000	0.000000
5.910000	0.000000
5.920000	0.000000
5.930000	0.000000
5.940000	0.000000
5.950000	0.000000
5.960000	0.000000
5.970000	0.000000
5.980000	0.000000
5.990000	0.000000
6.000000	0.000000
6.010000	0.000000
6.020000	0.000000
6.030000	0.000000
6.040000	0.000000
6.050000	0.000000
6.060000	0.000000
6.070000	0.000000
6.080000	0.000000
6.090000	0.000000
6.100000	0.000000
6.110000	0.000000
6.120000	0.000000
6.130000	0.000000
6.140000	0.000000
6.150000	0.000000
6.160000	0.000000
6.170000	0.000000
6.180000	0.000000
6.190000	0.000000
6.200000	0.000000
6.210000	0.000000
6.220000	0.000000
6.230000	0.000000
6.240000	0.000000
6.250000	0.000000
6.260000	0.000000
6.270000	0.000000
6.280000	0.000000
6.290000	0.000000
6.300000	0.000000
6.310000	0.000000
6.320000	0.000000
6.330000	0.000000
6.340000	0.000000
6.350000	0.000000
6.360000	0.000000
6.370000	0.000000
6.380000	0.000000
6.390000	0.000000
6.400000	0.000000
6.410000	0.000000
6.420000	0.000000
6.430000	0.000000
6.440000	0.000000
6.450000	0.000000
6.460000	0.000000
6.470000	0.000000
6.480000	0.000000
6.490000	0.000000
6.500000	0.000000
6.510000	0.000000
6.520000	0.000000
6.530000	0.000000
6.540000	0.000000
6.550000	0.000000
6.560000	0.000000
6.570000	0.000000
6.580000	0.000000
6.590000	0.000000
6.600000	0.000000
6.610000	0.000000
6.620000	0.000000
6.630000	0.000000
6.640000	0.000000
6.650000	0.000000
6.660000	0.000000
6.670000	0.000000
6.680000	0.000000
6.690000	0.000000
6.700000	0.000000
6.710000	0.000000
6.720000	0.000000
6.730000	0.000000
6.740000	0.000000
6.750000	0.000000
6.760000	0.000000
6.770000	0.000000
6.780000	0.000000
6.790000	0.000000
6.800000	0.000000
6.810000	0.000000
6.820000	0.000000
6.830000	0.000000
6.840000	0.000000
6.850000	0.000000
6.860000	0.000000
6.870000	0.000000
6.880000	0.000000
6.890000	0.000000
6.900000	0.000000
6.910000	0.000000
6.920000	0.000000
6.930000	0.000000
6.940000	0.000000
6.950000	0.000000
6.960000	0.000000
6.970000	0.000000
6.980000	0.000000
6.990000	0.000000
