0.000000	0.000000
0.010000	0.000000
0.020000	0.000000
0.030000	0.000000
0.040000	0.000000
0.050000	0.000000
0.060000	0.000000
0.070000	0.000000
0.080000	0.000000
0.090000	0.000000
0.100000	0.000000
0.110000	0.000000
0.120000	0.000000
0.130000	0.000000
0.140000	0.000000
0.150000	0.000000
0.160000	0.000000
0.170000	0.000000
0.180000	0.000000
0.190000	0.000000
0.200000	0.000000
0.210000	0.000000
0.220000	0.000000
0.230000	0.000000
0.240000	0.000000
0.250000	0.000000
0.260000	0.000000
0.270000	0.000000
0.280000	0.000000
0.290000	0.000000
0.300000	0.000000
0.310000	0.000000
0.320000	0.000000
0.330000	0.000000
0.340000	0.000000
0.350000	0.000000
0.360000	0.000000
0.370000	0.000000
0.380000	0.000000
0.390000	0.000000
0.400000	0.000000
0.410000	0.000000
0.420000	0.000000
0.430000	0.000000
0.440000	0.000000
0.450000	0.000000
0.460000	0.000000
0.470000	0.000000
0.480000	0.000000
0.490000	0.000000
0.500000	0.000000
0.510000	0.000000
0.520000	0.000000
0.530000	0.000000
0.540000	0.000000
0.550000	0.000000
0.560000	0.000000
0.570000	0.000000
0.580000	0.000000
0.590000	0.000000
0.600000	0.000000
0.610000	0.000000
0.620000	0.000000
0.630000	0.000000
0.640000	0.000000
0.650000	0.000000
0.660000	0.000000
0.670000	0.000000
0.680000	0.000000
0.690000	0.000000
0.700000	0.000000
0.710000	0.000000
0.720000	0.000000
0.730000	0.000000
0.740000	0.000000
0.750000	0.000000
0.760000	0.000000
0.770000	0.000000
0.780000	0.000000
0.790000	0.000000
0.800000	0.000000
0.810000	0.000000
0.820000	0.000000
0.830000	0.000000
0.840000	0.000000
0.850000	0.000000
0.860000	0.000000
0.870000	0.000000
0.880000	0.000000
0.890000	0.000000
0.900000	0.000000
0.910000	0.000000
0.920000	0.000000
0.930000	0.000000
0.940000	0.000000
0.950000	0.000000
0.960000	0.000120
0.970000	0.000940
0.980000	0.007860
0.990000	0.042330
1.000000	0.185830
1.010000	0.629240
1.020000	1.699070
1.030000	3.776900
1.040000	7.132280
1.050000	11.737260
1.060000	17.011680
1.070000	22.362200
1.080000	26.793160
1.090000	29.756420
1.100000	30.803210
1.110000	30.155860
1.120000	28.174650
1.130000	25.084660
1.140000	21.564500
1.150000	17.971200
1.160000	14.554470
1.170000	11.478500
1.180000	8.901930
1.190000	6.834830
1.200000	5.159920
1.210000	3.829230
1.220000	2.832520
1.230000	2.069480
1.240000	1.524790
1.250000	1.116510
1.260000	0.803020
1.270000	0.587030
1.280000	0.433330
1.290000	0.318460
1.300000	0.232670
1.310000	0.174260
1.320000	0.135090
1.330000	0.112420
1.340000	0.097320
1.350000	0.086600
1.360000	0.097020
1.370000	0.112520
1.380000	0.129230
1.390000	0.166650
1.400000	0.224900
1.410000	0.294070
1.420000	0.385410
1.430000	0.526710
1.440000	0.716780
1.450000	0.988150
1.460000	1.349250
1.470000	1.786760
1.480000	2.320770
1.490000	2.977160
1.500000	3.754350
1.510000	4.583860
1.520000	5.429190
1.530000	6.270180
1.540000	6.993820
1.550000	7.661000
1.560000	8.132670
1.570000	8.327970
1.580000	8.236700
1.590000	7.951400
1.600000	7.490240
1.610000	6.803830
1.620000	6.063910
1.630000	5.250150
1.640000	4.417090
1.650000	3.642180
1.660000	2.950100
1.670000	2.346820
1.680000	1.832090
1.690000	1.427600
1.700000	1.099830
1.710000	0.838860
1.720000	0.636260
1.730000	0.495970
1.740000	0.422120
1.750000	0.419260
1.760000	0.471590
1.770000	0.614870
1.780000	0.895910
1.790000	1.381750
1.800000	2.128100
1.810000	3.201510
1.820000	4.745110
1.830000	6.823390
1.840000	9.423460
1.850000	12.549000
1.860000	16.132560
1.870000	20.037410
1.880000	23.792370
1.890000	27.182950
1.900000	29.882080
1.910000	31.706060
1.920000	32.486440
1.930000	32.135520
1.940000	30.772520
1.950000	28.626050
1.960000	25.839290
1.970000	22.626450
1.980000	19.451490
1.990000	16.214780
2.000000	13.261030
2.010000	10.607220
2.020000	8.343880
2.030000	6.470190
2.040000	4.932610
2.050000	3.730060
2.060000	2.822950
2.070000	2.154620
2.080000	1.731800
2.090000	1.558040
2.100000	1.623520
2.110000	1.984090
2.120000	2.626260
2.130000	3.564240
2.140000	4.779790
2.150000	6.263890
2.160000	7.860930
2.170000	9.449540
2.180000	10.905380
2.190000	12.235370
2.200000	13.178210
2.210000	13.674000
2.220000	13.708780
2.230000	13.416380
2.240000	12.734560
2.250000	11.742980
2.260000	10.587600
2.270000	9.323290
2.280000	8.078490
2.290000	6.892370
2.300000	5.848390
2.310000	4.952510
2.320000	4.258430
2.330000	3.801790
2.340000	3.541140
2.350000	3.571240
2.360000	3.845060
2.370000	4.373320
2.380000	5.266630
2.390000	6.367420
2.400000	7.763800
2.410000	9.394500
2.420000	11.141870
2.430000	12.965870
2.440000	14.727520
2.450000	16.360210
2.460000	17.715250
2.470000	18.766300
2.480000	19.239300
2.490000	19.289180
2.500000	18.936250
2.510000	18.063560
2.520000	16.818910
2.530000	15.263790
2.540000	13.620170
2.550000	11.862850
2.560000	10.139010
2.570000	8.618550
2.580000	7.169650
2.590000	5.996890
2.600000	5.021660
2.610000	4.356020
2.620000	3.934170
2.630000	3.780640
2.640000	3.835340
2.650000	4.069230
2.660000	4.475660
2.670000	4.963610
2.680000	5.461890
2.690000	5.939360
2.700000	6.278650
2.710000	6.532850
2.720000	6.608610
2.730000	6.475840
2.740000	6.215210
2.750000	5.867680
2.760000	5.473590
2.770000	5.075120
2.780000	4.703890
2.790000	4.563860
2.800000	4.662110
2.810000	5.007170
2.820000	5.728140
2.830000	6.908300
2.840000	8.541780
2.850000	10.576370
2.860000	13.018000
2.870000	15.840340
2.880000	18.728460
2.890000	21.635090
2.900000	24.433300
2.910000	26.836540
2.920000	28.611190
2.930000	29.690790
2.940000	30.048750
2.950000	29.686880
2.960000	28.568320
2.970000	26.924410
2.980000	24.814570
2.990000	22.384330
3.000000	19.790980
3.010000	17.307220
3.020000	14.868130
3.030000	12.597160
3.040000	10.628620
3.050000	8.959250
3.060000	7.584020
3.070000	6.483250
3.080000	5.646750
3.090000	5.025200
3.100000	4.568620
3.110000	4.223120
3.120000	4.007770
3.130000	3.851780
3.140000	3.714040
3.150000	3.635880
3.160000	3.590920
3.170000	3.590320
3.180000	3.624070
3.190000	3.685400
3.200000	3.872710
3.210000	4.181070
3.220000	4.648920
3.230000	5.282930
3.240000	6.100430
3.250000	7.055400
3.260000	8.217890
3.270000	9.360670
3.280000	10.632840
3.290000	11.843170
3.300000	12.902360
3.310000	13.819570
3.320000	14.590250
3.330000	14.965310
3.340000	15.015640
3.350000	14.859940
3.360000	14.522280
3.370000	13.897930
3.380000	13.093240
3.390000	12.343000
3.400000	11.497060
3.410000	10.690690
3.420000	10.076180
3.430000	9.554900
3.440000	9.185330
3.450000	9.003430
3.460000	8.889740
3.470000	8.908140
3.480000	8.977390
3.490000	9.050140
3.500000	9.118260
3.510000	9.075060
3.520000	9.014030
3.530000	8.887080
3.540000	8.599490
3.550000	8.229500
3.560000	7.868200
3.570000	7.580890
3.580000	7.276500
3.590000	7.058020
3.600000	6.956220
3.610000	6.934870
3.620000	6.977360
3.630000	7.095700
3.640000	7.275350
3.650000	7.480800
3.660000	7.652470
3.670000	7.744180
3.680000	7.785290
3.690000	7.792340
3.700000	7.677610
3.710000	7.438510
3.720000	7.190900
3.730000	6.919310
3.740000	6.624590
3.750000	6.340200
3.760000	6.140980
3.770000	5.957430
3.780000	5.865440
3.790000	5.817590
3.800000	5.827470
3.810000	5.884620
3.820000	5.948190
3.830000	6.054460
3.840000	6.175630
3.850000	6.299280
3.860000	6.380160
3.870000	6.533390
3.880000	6.715650
3.890000	6.964480
3.900000	7.275040
3.910000	7.710100
3.920000	8.246630
3.930000	8.854200
3.940000	9.669340
3.950000	10.382990
3.960000	11.102950
3.970000	11.881840
3.980000	12.516010
3.990000	13.021170
4.000000	13.405890
4.010000	13.592380
4.020000	13.524080
4.030000	13.246510
4.040000	12.675630
4.050000	11.981780
4.060000	11.179450
4.070000	10.231570
4.080000	9.266830
4.090000	8.246120
4.100000	7.274120
4.110000	6.290040
4.120000	5.346870
4.130000	4.543620
4.140000	3.827850
4.150000	3.267920
4.160000	2.827810
4.170000	2.474800
4.180000	2.263590
4.190000	2.149690
4.200000	2.141580
4.210000	2.257800
4.220000	2.474410
4.230000	2.759700
4.240000	3.083170
4.250000	3.459440
4.260000	3.834310
4.270000	4.202790
4.280000	4.561870
4.290000	4.852820
4.300000	5.065290
4.310000	5.231950
4.320000	5.309870
4.330000	5.297930
4.340000	5.216440
4.350000	5.055120
4.360000	4.836340
4.370000	4.575590
4.380000	4.267760
4.390000	3.969810
4.400000	3.650870
4.410000	3.342880
4.420000	3.030800
4.430000	2.746080
4.440000	2.492280
4.450000	2.323680
4.460000	2.123580
4.470000	1.966210
4.480000	1.836650
4.490000	1.743350
4.500000	1.654290
4.510000	1.611460
4.520000	1.592120
4.530000	1.593590
4.540000	1.598480
4.550000	1.603310
4.560000	1.623940
4.570000	1.633820
4.580000	1.645590
4.590000	1.624750
4.600000	1.616170
4.610000	1.570060
4.620000	1.554190
4.630000	1.508600
4.640000	1.457580
4.650000	1.413570
4.660000	1.353430
4.670000	1.301320
4.680000	1.254250
4.690000	1.223150
4.700000	1.164180
4.710000	1.147800
4.720000	1.116230
4.730000	1.111990
4.740000	1.114850
4.750000	1.133380
4.760000	1.175090
4.770000	1.181020
4.780000	1.234180
4.790000	1.271910
4.800000	1.309160
4.810000	1.362700
4.820000	1.410230
4.830000	1.484590
4.840000	1.504390
4.850000	1.532750
4.860000	1.546870
4.870000	1.563880
4.880000	1.546740
4.890000	1.534440
4.900000	1.532030
4.910000	1.500650
4.920000	1.471270
4.930000	1.416060
4.940000	1.376070
4.950000	1.318340
4.960000	1.249060
4.970000	1.205950
4.980000	1.113110
4.990000	1.055910
5.000000	0.994730
5.010000	0.924900
5.020000	0.851590
5.030000	0.770800
5.040000	0.694070
5.050000	0.619350
5.060000	0.563800
5.070000	0.492370
5.080000	0.427670
5.090000	0.362730
5.100000	0.300550
5.110000	0.254410
5.120000	0.209830
5.130000	0.178260
5.140000	0.143700
5.150000	0.114100
5.160000	0.088810
5.170000	0.069520
5.180000	0.052330
5.190000	0.039570
5.200000	0.031780
5.210000	0.026130
5.220000	0.019360
5.230000	0.012750
5.240000	0.009600
5.250000	0.006220
5.260000	0.004180
5.270000	0.003000
5.280000	0.001460
5.290000	0.001170
5.300000	0.001040
5.310000	0.000600
5.320000	0.000400
5.330000	0.000360
5.340000	0.000040
5.350000	0.000050
5.360000	0.000120
5.370000	0.000020
5.380000	0.000000
5.390000	0.000000
5.400000	0.000000
5.410000	0.000000
5.420000	0.000000
5.430000	0.000000
5.440000	0.000000
5.450000	0.000000
5.460000	0.000000
5.470000	0.000000
5.480000	0.000000
5.490000	0.000000
5.500000	0.000000
5.510000	0.000000
5.520000	0.000000
5.530000	0.000000
5.540000	0.000000
5.550000	0.000000
5.560000	0.000000
5.570000	0.000000
5.580000	0.000000
5.590000	0.000000
5.600000	0.000000
5.610000	0.000000
5.620000	0.000000
5.630000	0.000000
5.640000	0.000000
5.650000	0.000000
5.660000	0.000000
5.670000	0.000000
5.680000	0.000000
5.690000	0.000000
5.700000	0.000000
5.710000	0.000000
5.720000	0.000000
5.730000	0.000000
5.740000	0.000000
5.750000	0.000000
5.760000	0.000000
5.770000	0.000000
5.780000	0.000000
5.790000	0.000000
5.800000	0.000000
5.810000	0.000000
5.820000	0.000000
5.830000	0.000000
5.840000	0.000000
5.850000	0.000000
5.860000	0.000000
5.870000	0.000000
5.880000	0.000000
5.890000	0.000000
5.900000	0.000000
5.910000	0.000000
5.920000	0.000000
5.930000	0.000000
5.940000	0.000000
5.950000	0.000000
5.960000	0.000000
5.970000	0.000000
5.980000	0.000000
5.990000	0.000000
6.000000	0.000000
6.010000	0.000000
6.020000	0.000000
6.030000	0.000000
6.040000	0.000000
6.050000	0.000000
6.060000	0.000000
6.070000	0.000000
6.080000	0.000000
6.090000	0.000000
6.100000	0.000000
6.110000	0.000000
6.120000	0.000000
6.130000	0.000000
6.140000	0.000000
6.150000	0.000000
6.160000	0.000000
6.170000	0.000000
6.180000	0.000000
6.190000	0.000000
6.200000	0.000000
6.210000	0.000000
6.220000	0.000000
6.230000	0.000000
6.240000	0.000000
6.250000	0.000000
6.260000	0.000000
6.270000	0.000000
6.280000	0.000000
6.290000	0.000000
6.300000	0.000000
6.310000	0.000000
6.320000	0.000000
6.330000	0.000000
6.340000	0.000000
6.350000	0.000000
6.360000	0.000000
6.370000	0.000000
6.380000	0.000000
6.390000	0.000000
6.400000	0.000000
6.410000	0.000000
6.420000	0.000000
6.430000	0.000000
6.440000	0.000000
6.450000	0.000000
6.460000	0.000000
6.470000	0.000000
6.480000	0.000000
6.490000	0.000000
6.500000	0.000000
6.510000	0.000000
6.520000	0.000000
6.530000	0.000000
6.540000	0.000000
6.550000	0.000000
6.560000	0.000000
6.570000	0.000000
6.580000	0.000000
6.590000	0.000000
6.600000	0.000000
6.610000	0.000000
6.620000	0.000000
6.630000	0.000000
6.640000	0.000000
6.650000	0.000000
6.660000	0.000000
6.670000	0.000000
6.680000	0.000000
6.690000	0.000000
6.700000	0.000000
6.710000	0.000000
6.720000	0.000000
6.730000	0.000000
6.740000	0.000000
6.750000	0.000000
6.760000	0.000000
6.770000	0.000000
6.780000	0.000000
6.790000	0.000000
6.800000	0.000000
6.810000	0.000000
6.820000	0.000000
6.830000	0.000000
6.840000	0.000000
6.850000	0.000000
6.860000	0.000000
6.870000	0.000000
6.880000	0.000000
6.890000	0.000000
6.900000	0.000000
6.910000	0.000000
6.920000	0.000000
6.930000	0.000000
6.940000	0.000000
6.950000	0.000000
6.960000	0.000000
6.970000	0.000000
6.980000	0.000000
6.990000	0.000000
