0.000000	0.000000
0.010000	0.000000
0.020000	0.000000
0.030000	0.000000
0.040000	0.000000
0.050000	0.000000
0.060000	0.000000
0.070000	0.000000
0.080000	0.000000
0.090000	0.000000
0.100000	0.000000
0.110000	0.000000
0.120000	0.000000
0.130000	0.000000
0.140000	0.000000
0.150000	0.000000
0.160000	0.000000
0.170000	0.000000
0.180000	0.000000
0.190000	0.000000
0.200000	0.000000
0.210000	0.000000
0.220000	0.000000
0.230000	0.000000
0.240000	0.000000
0.250000	0.000000
0.260000	0.000000
0.270000	0.000000
0.280000	0.000000
0.290000	0.000000
0.300000	0.000000
0.310000	0.000000
0.320000	0.000000
0.330000	0.000000
0.340000	0.000000
0.350000	0.000000
0.360000	0.000000
0.370000	0.000000
0.380000	0.000000
0.390000	0.000000
0.400000	0.000000
0.410000	0.000000
0.420000	0.000000
0.430000	0.000000
0.440000	0.000000
0.450000	0.000000
0.460000	0.000000
0.470000	0.000000
0.480000	0.000000
0.490000	0.000000
0.500000	0.000000
0.510000	0.000000
0.520000	0.000000
0.530000	0.000000
0.540000	0.000000
0.550000	0.000000
0.560000	0.000000
0.570000	0.000000
0.580000	0.000000
0.590000	0.000000
0.600000	0.000000
0.610000	0.000000
0.620000	0.000000
0.630000	0.000000
0.640000	0.000000
0.650000	0.000000
0.660000	0.000000
0.670000	0.000000
0.680000	0.000000
0.690000	0.000000
0.700000	0.000000
0.710000	0.000000
0.720000	0.000000
0.730000	0.000000
0.740000	0.000000
0.750000	0.000000
0.760000	0.000000
0.770000	0.000000
0.780000	0.000000
0.790000	0.000000
0.800000	0.000000
0.810000	0.000000
0.820000	0.000000
0.830000	0.000000
0.840000	0.000000
0.850000	0.000000
0.860000	0.000000
0.870000	0.000000
0.880000	0.000000
0.890000	0.000000
0.900000	0.000000
0.910000	0.000000
0.920000	0.000000
0.930000	0.000000
0.940000	0.000000
0.950000	0.000000
0.960000	0.000040
0.970000	0.000330
0.980000	0.004580
0.990000	0.028690
1.000000	0.139700
1.010000	0.502030
1.020000	1.462100
1.030000	3.435800
1.040000	6.741270
1.050000	11.436790
1.060000	17.113840
1.070000	22.795790
1.080000	27.600580
1.090000	30.802470
1.100000	32.134550
1.110000	31.300980
1.120000	29.004330
1.130000	25.551520
1.140000	21.766750
1.150000	17.862850
1.160000	14.231720
1.170000	11.062210
1.180000	8.393690
1.190000	6.265570
1.200000	4.599430
1.210000	3.355870
1.220000	2.446020
1.230000	1.754410
1.240000	1.247580
1.250000	0.890650
1.260000	0.633300
1.270000	0.443700
1.280000	0.313030
1.290000	0.225470
1.300000	0.163050
1.310000	0.120090
1.320000	0.096620
1.330000	0.074670
1.340000	0.062350
1.350000	0.058150
1.360000	0.069600
1.370000	0.079790
1.380000	0.099810
1.390000	0.126180
1.400000	0.172480
1.410000	0.232960
1.420000	0.327320
1.430000	0.456500
1.440000	0.649720
1.450000	0.901020
1.460000	1.238520
1.470000	1.713500
1.480000	2.286540
1.490000	2.979220
1.500000	3.787200
1.510000	4.684320
1.520000	5.633230
1.530000	6.565500
1.540000	7.403710
1.550000	8.072430
1.560000	8.501930
1.570000	8.680690
1.580000	8.604730
1.590000	8.224580
1.600000	7.652790
1.610000	6.898150
1.620000	6.032530
1.630000	5.121640
1.640000	4.259510
1.650000	3.457680
1.660000	2.743000
1.670000	2.140610
1.680000	1.640660
1.690000	1.215960
1.700000	0.894980
1.710000	0.655100
1.720000	0.494980
1.730000	0.379630
1.740000	0.317780
1.750000	0.298910
1.760000	0.345180
1.770000	0.480910
1.780000	0.729180
1.790000	1.136630
1.800000	1.831730
1.810000	2.887810
1.820000	4.438200
1.830000	6.550690
1.840000	9.285100
1.850000	12.632250
1.860000	16.475240
1.870000	20.610430
1.880000	24.757840
1.890000	28.421020
1.900000	31.370700
1.910000	33.253120
1.920000	33.915730
1.930000	33.418740
1.940000	31.721440
1.950000	29.110270
1.960000	25.926380
1.970000	22.426640
1.980000	18.883830
1.990000	15.527810
2.000000	12.375380
2.010000	9.728630
2.020000	7.487770
2.030000	5.660730
2.040000	4.229710
2.050000	3.092480
2.060000	2.268590
2.070000	1.700200
2.080000	1.341500
2.090000	1.214490
2.100000	1.320840
2.110000	1.699850
2.120000	2.374580
2.130000	3.371170
2.140000	4.689850
2.150000	6.229690
2.160000	8.015440
2.170000	9.722740
2.180000	11.403400
2.190000	12.820720
2.200000	13.812500
2.210000	14.271740
2.220000	14.266810
2.230000	13.869710
2.240000	13.037210
2.250000	11.928420
2.260000	10.591900
2.270000	9.209660
2.280000	7.848200
2.290000	6.553220
2.300000	5.415310
2.310000	4.483270
2.320000	3.736890
2.330000	3.270500
2.340000	3.014300
2.350000	3.070500
2.360000	3.370630
2.370000	3.977050
2.380000	4.892980
2.390000	6.152460
2.400000	7.718870
2.410000	9.520660
2.420000	11.587310
2.430000	13.591980
2.440000	15.521460
2.450000	17.287290
2.460000	18.716470
2.470000	19.728470
2.480000	20.243950
2.490000	20.181090
2.500000	19.601760
2.510000	18.556120
2.520000	17.054920
2.530000	15.315600
2.540000	13.471760
2.550000	11.525980
2.560000	9.659780
2.570000	7.919560
2.580000	6.473240
2.590000	5.259760
2.600000	4.365010
2.610000	3.754280
2.620000	3.435430
2.630000	3.349000
2.640000	3.512450
2.650000	3.899380
2.660000	4.408070
2.670000	4.987190
2.680000	5.532280
2.690000	6.054210
2.700000	6.454620
2.710000	6.745980
2.720000	6.764160
2.730000	6.573090
2.740000	6.273860
2.750000	5.880490
2.760000	5.396200
2.770000	4.917820
2.780000	4.494500
2.790000	4.244160
2.800000	4.258480
2.810000	4.573460
2.820000	5.335740
2.830000	6.536960
2.840000	8.295490
2.850000	10.518760
2.860000	13.210310
2.870000	16.167400
2.880000	19.476090
2.890000	22.750290
2.900000	25.721940
2.910000	28.239040
2.920000	30.035790
2.930000	31.060870
2.940000	31.333170
2.950000	30.624360
2.960000	29.299790
2.970000	27.364440
2.980000	24.858170
2.990000	22.043840
3.000000	19.220490
3.010000	16.466040
3.020000	13.888800
3.030000	11.636080
3.040000	9.673920
3.050000	8.063240
3.060000	6.715120
3.070000	5.743060
3.080000	5.018010
3.090000	4.570980
3.100000	4.217990
3.110000	3.988980
3.120000	3.837010
3.130000	3.744850
3.140000	3.688900
3.150000	3.606840
3.160000	3.549750
3.170000	3.508360
3.180000	3.481760
3.190000	3.524960
3.200000	3.685270
3.210000	3.950680
3.220000	4.410890
3.230000	5.107530
3.240000	5.979080
3.250000	7.082830
3.260000	8.354220
3.270000	9.701960
3.280000	11.086820
3.290000	12.414820
3.300000	13.665510
3.310000	14.607260
3.320000	15.280640
3.330000	15.630120
3.340000	15.682640
3.350000	15.384410
3.360000	14.746100
3.370000	14.020210
3.380000	13.044030
3.390000	12.071450
3.400000	11.105380
3.410000	10.248590
3.420000	9.594020
3.430000	9.101730
3.440000	8.778850
3.450000	8.675810
3.460000	8.697640
3.470000	8.813780
3.480000	8.991570
3.490000	9.157520
3.500000	9.274780
3.510000	9.294650
3.520000	9.235380
3.530000	9.017810
3.540000	8.684100
3.550000	8.276880
3.560000	7.846450
3.570000	7.454270
3.580000	7.138190
3.590000	6.899320
3.600000	6.756920
3.610000	6.716190
3.620000	6.794070
3.630000	6.978510
3.640000	7.209200
3.650000	7.441410
3.660000	7.690160
3.670000	7.864400
3.680000	7.907370
3.690000	7.831550
3.700000	7.706070
3.710000	7.495800
3.720000	7.198320
3.730000	6.844120
3.740000	6.482740
3.750000	6.204960
3.760000	5.973580
3.770000	5.810060
3.780000	5.701900
3.790000	5.711560
3.800000	5.754580
3.810000	5.809480
3.820000	5.915320
3.830000	6.039300
3.840000	6.135690
3.850000	6.234190
3.860000	6.352170
3.870000	6.485540
3.880000	6.670470
3.890000	6.896500
3.900000	7.199730
3.910000	7.661650
3.920000	8.250560
3.930000	8.963650
3.940000	9.775790
3.950000	10.659840
3.960000	11.585420
3.970000	12.399180
3.980000	13.089620
3.990000	13.693030
4.000000	14.042010
4.010000	14.164570
4.020000	14.063890
4.030000	13.679510
4.040000	13.008260
4.050000	12.160390
4.060000	11.164700
4.070000	10.078370
4.080000	8.927070
4.090000	7.826390
4.100000	6.715550
4.110000	5.688180
4.120000	4.757100
4.130000	3.975950
4.140000	3.283750
4.150000	2.750740
4.160000	2.331980
4.170000	2.045290
4.180000	1.871660
4.190000	1.856930
4.200000	1.935550
4.210000	2.101560
4.220000	2.375320
4.230000	2.725010
4.240000	3.122070
4.250000	3.563820
4.260000	4.026020
4.270000	4.448750
4.280000	4.845100
4.290000	5.144440
4.300000	5.363510
4.310000	5.515430
4.320000	5.545330
4.330000	5.485420
4.340000	5.359420
4.350000	5.155460
4.360000	4.841980
4.370000	4.508820
4.380000	4.169540
4.390000	3.804000
4.400000	3.458870
4.410000	3.146660
4.420000	2.822340
4.430000	2.576290
4.440000	2.354840
4.450000	2.139540
4.460000	1.970610
4.470000	1.828850
4.480000	1.729430
4.490000	1.662810
4.500000	1.599110
4.510000	1.567940
4.520000	1.553520
4.530000	1.559610
4.540000	1.583800
4.550000	1.617290
4.560000	1.635630
4.570000	1.629100
4.580000	1.629890
4.590000	1.632980
4.600000	1.624610
4.610000	1.610590
4.620000	1.563730
4.630000	1.501660
4.640000	1.475240
4.650000	1.397120
4.660000	1.322630
4.670000	1.281050
4.680000	1.222630
4.690000	1.168950
4.700000	1.141770
4.710000	1.124780
4.720000	1.110550
4.730000	1.107020
4.740000	1.118240
4.750000	1.132570
4.760000	1.164600
4.770000	1.192040
4.780000	1.232340
4.790000	1.293040
4.800000	1.353020
4.810000	1.397500
4.820000	1.451620
4.830000	1.481900
4.840000	1.536280
4.850000	1.584050
4.860000	1.602970
4.870000	1.594630
4.880000	1.583410
4.890000	1.569210
4.900000	1.537520
4.910000	1.504240
4.920000	1.456930
4.930000	1.398260
4.940000	1.361390
4.950000	1.285940
4.960000	1.237970
4.970000	1.169660
4.980000	1.100300
4.990000	1.030070
5.000000	0.954910
5.010000	0.878930
5.020000	0.796580
5.030000	0.723010
5.040000	0.651010
5.050000	0.585940
5.060000	0.509140
5.070000	0.428890
5.080000	0.372700
5.090000	0.314020
5.100000	0.267840
5.110000	0.213210
5.120000	0.175100
5.130000	0.133870
5.140000	0.110640
5.150000	0.084840
5.160000	0.067890
5.170000	0.051080
5.180000	0.040330
5.190000	0.029510
5.200000	0.020810
5.210000	0.015630
5.220000	0.011800
5.230000	0.007260
5.240000	0.005400
5.250000	0.004390
5.260000	0.002420
5.270000	0.001320
5.280000	0.001310
5.290000	0.000910
5.300000	0.000600
5.310000	0.000600
5.320000	0.000310
5.330000	0.000190
5.340000	0.000060
5.350000	0.000120
5.360000	0.000070
5.370000	0.000000
5.380000	0.000000
5.390000	0.000000
5.400000	0.000000
5.410000	0.000000
5.420000	0.000000
5.430000	0.000000
5.440000	0.000000
5.450000	0.000000
5.460000	0.000000
5.470000	0.000000
5.480000	0.000000
5.490000	0.000000
5.500000	0.000000
5.510000	0.000000
5.520000	0.000000
5.530000	0.000000
5.540000	0.000000
5.550000	0.000000
5.560000	0.000000
5.570000	0.000000
5.580000	0.000000
5.590000	0.000000
5.600000	0.000000
5.610000	0.000000
5.620000	0.000000
5.630000	0.000000
5.640000	0.000000
5.650000	0.000000
5.660000	0.000000
5.670000	0.000000
5.680000	0.000000
5.690000	0.000000
5.700000	0.000000
5.710000	0.000000
5.720000	0.000000
5.730000	0.000000
5.740000	0.000000
5.750000	0.000000
5.760000	0.000000
5.770000	0.000000
5.780000	0.000000
5.790000	0.000000
5.800000	0.000000
5.810000	0.000000
5.820000	0.000000
5.830000	0.000000
5.840000	0.000000
5.850000	0.000000
5.860000	0.000000
5.870000	0.000000
5.880000	0.000000
5.890000	0.000000
5.900000	0.000000
5.910000	0.000000
5.920000	0.000000
5.930000	0.000000
5.940000	0.000000
5.950000	0.000000
5.960000	0.000000
5.970000	0.000000
5.980000	0.000000
5.990000	0.000000
6.000000	0.000000
6.010000	0.000000
6.020000	0.000000
6.030000	0.000000
6.040000	0.000000
6.050000	0.000000
6.060000	0.000000
6.070000	0.000000
6.080000	0.000000
6.090000	0.000000
6.100000	0.000000
6.110000	0.000000
6.120000	0.000000
6.130000	0.000000
6.140000	0.000000
6.150000	0.000000
6.160000	0.000000
6.170000	0.000000
6.180000	0.000000
6.190000	0.000000
6.200000	0.000000
6.210000	0.000000
6.220000	0.000000
6.230000	0.000000
6.240000	0.000000
6.250000	0.000000
6.260000	0.000000
6.270000	0.000000
6.280000	0.000000
6.290000	0.000000
6.300000	0.000000
6.310000	0.000000
6.320000	0.000000
6.330000	0.000000
6.340000	0.000000
6.350000	0.000000
6.360000	0.000000
6.370000	0.000000
6.380000	0.000000
6.390000	0.000000
6.400000	0.000000
6.410000	0.000000
6.420000	0.000000
6.430000	0.000000
6.440000	0.000000
6.450000	0.000000
6.460000	0.000000
6.470000	0.000000
6.480000	0.000000
6.490000	0.000000
6.500000	0.000000
6.510000	0.000000
6.520000	0.000000
6.530000	0.000000
6.540000	0.000000
6.550000	0.000000
6.560000	0.000000
6.570000	0.000000
6.580000	0.000000
6.590000	0.000000
6.600000	0.000000
6.610000	0.000000
6.620000	0.000000
6.630000	0.000000
6.640000	0.000000
6.650000	0.000000
6.660000	0.000000
6.670000	0.000000
6.680000	0.000000
6.690000	0.000000
6.700000	0.000000
6.710000	0.000000
6.720000	0.000000
6.730000	0.000000
6.740000	0.000000
6.750000	0.000000
6.760000	0.000000
6.770000	0.000000
6.780000	0.000000
6.790000	0.000000
6.800000	0.000000
6.810000	0.000000
6.820000	0.000000
6.830000	0.000000
6.840000	0.000000
6.850000	0.000000
6.860000	0.000000
6.870000	0.000000
6.880000	0.000000
6.890000	0.000000
6.900000	0.000000
6.910000	0.000000
6.920000	0.000000
6.930000	0.000000
6.940000	0.000000
6.950000	0.000000
6.960000	0.000000
6.970000	0.000000
6.980000	0.000000
6.990000	0.000000
