0.000000	0.000000
0.010000	0.000000
0.020000	0.000000
0.030000	0.000000
0.040000	0.000000
0.050000	0.000000
0.060000	0.000000
0.070000	0.000000
0.080000	0.000000
0.090000	0.000000
0.100000	0.000000
0.110000	0.000000
0.120000	0.000000
0.130000	0.000000
0.140000	0.000000
0.150000	0.000000
0.160000	0.000000
0.170000	0.000000
0.180000	0.000000
0.190000	0.000000
0.200000	0.000000
0.210000	0.000000
0.220000	0.000000
0.230000	0.000000
0.240000	0.000000
0.250000	0.000000
0.260000	0.000000
0.270000	0.000000
0.280000	0.000000
0.290000	0.000000
0.300000	0.000000
0.310000	0.000000
0.320000	0.000000
0.330000	0.000000
0.340000	0.000000
0.350000	0.000000
0.360000	0.000000
0.370000	0.000000
0.380000	0.000000
0.390000	0.000000
0.400000	0.000000
0.410000	0.000000
0.420000	0.000000
0.430000	0.000000
0.440000	0.000000
0.450000	0.000000
0.460000	0.000000
0.470000	0.000000
0.480000	0.000000
0.490000	0.000000
0.500000	0.000000
0.510000	0.000000
0.520000	0.000000
0.530000	0.000000
0.540000	0.000000
0.550000	0.000000
0.560000	0.000000
0.570000	0.000000
0.580000	0.000000
0.590000	0.000000
0.600000	0.000000
0.610000	0.000000
0.620000	0.000000
0.630000	0.000000
0.640000	0.000000
0.650000	0.000000
0.660000	0.000000
0.670000	0.000000
0.680000	0.000000
0.690000	0.000000
0.700000	0.000000
0.710000	0.000000
0.720000	0.000000
0.730000	0.000000
0.740000	0.000000
0.750000	0.000000
0.760000	0.000000
0.770000	0.000000
0.780000	0.000000
0.790000	0.000000
0.800000	0.000000
0.810000	0.000000
0.820000	0.000000
0.830000	0.000000
0.840000	0.000000
0.850000	0.000000
0.860000	0.000000
0.870000	0.000000
0.880000	0.000000
0.890000	0.000000
0.900000	0.000000
0.910000	0.000000
0.920000	0.000000
0.930000	0.000000
0.940000	0.000000
0.950000	0.000000
0.960000	0.000000
0.970000	0.000230
0.980000	0.001760
0.990000	0.013350
1.000000	0.073980
1.010000	0.316700
1.020000	1.044540
1.030000	2.747710
1.040000	5.942060
1.050000	10.834930
1.060000	16.996060
1.070000	23.586120
1.080000	29.377750
1.090000	33.120060
1.100000	34.520490
1.110000	33.481640
1.120000	30.557660
1.130000	26.396980
1.140000	21.798300
1.150000	17.389070
1.160000	13.368150
1.170000	10.008610
1.180000	7.339540
1.190000	5.260940
1.200000	3.694980
1.210000	2.584240
1.220000	1.793440
1.230000	1.239020
1.240000	0.843630
1.250000	0.567940
1.260000	0.376140
1.270000	0.248850
1.280000	0.168500
1.290000	0.120330
1.300000	0.075890
1.310000	0.054350
1.320000	0.043250
1.330000	0.035520
1.340000	0.035520
1.350000	0.038150
1.360000	0.042220
1.370000	0.054560
1.380000	0.071780
1.390000	0.091000
1.400000	0.125560
1.410000	0.172550
1.420000	0.251820
1.430000	0.370930
1.440000	0.540470
1.450000	0.774760
1.460000	1.119850
1.470000	1.566240
1.480000	2.159280
1.490000	2.915520
1.500000	3.804740
1.510000	4.854190
1.520000	5.936350
1.530000	7.027520
1.540000	7.976560
1.550000	8.769030
1.560000	9.264320
1.570000	9.414270
1.580000	9.229370
1.590000	8.661300
1.600000	7.860580
1.610000	6.936520
1.620000	5.901780
1.630000	4.830310
1.640000	3.877000
1.650000	3.028670
1.660000	2.292040
1.670000	1.715280
1.680000	1.251310
1.690000	0.902970
1.700000	0.645090
1.710000	0.448100
1.720000	0.315310
1.730000	0.233500
1.740000	0.191490
1.750000	0.172820
1.760000	0.208920
1.770000	0.297230
1.780000	0.488950
1.790000	0.821070
1.800000	1.430220
1.810000	2.394850
1.820000	3.849870
1.830000	5.976370
1.840000	8.880010
1.850000	12.537520
1.860000	16.847600
1.870000	21.663790
1.880000	26.454930
1.890000	30.727410
1.900000	34.120000
1.910000	36.164210
1.920000	36.716850
1.930000	35.644340
1.940000	33.330450
1.950000	29.933870
1.960000	25.983410
1.970000	21.750540
1.980000	17.652880
1.990000	13.942740
2.000000	10.745960
2.010000	8.026570
2.020000	5.897880
2.030000	4.240100
2.040000	3.015980
2.050000	2.096130
2.060000	1.458830
2.070000	1.023310
2.080000	0.781740
2.090000	0.714920
2.100000	0.861880
2.110000	1.262780
2.120000	1.973850
2.130000	3.023270
2.140000	4.479650
2.150000	6.270060
2.160000	8.304150
2.170000	10.333110
2.180000	12.267410
2.190000	13.902980
2.200000	15.001790
2.210000	15.504480
2.220000	15.397590
2.230000	14.740710
2.240000	13.574360
2.250000	12.073640
2.260000	10.489050
2.270000	8.812840
2.280000	7.251020
2.290000	5.835540
2.300000	4.699750
2.310000	3.727810
2.320000	2.980070
2.330000	2.528940
2.340000	2.324260
2.350000	2.388920
2.360000	2.750650
2.370000	3.472100
2.380000	4.501180
2.390000	5.916680
2.400000	7.647040
2.410000	9.702860
2.420000	11.995970
2.430000	14.377270
2.440000	16.715990
2.450000	18.802050
2.460000	20.485970
2.470000	21.560580
2.480000	21.903840
2.490000	21.632570
2.500000	20.689810
2.510000	19.161340
2.520000	17.118010
2.530000	14.973490
2.540000	12.723560
2.550000	10.524430
2.560000	8.511570
2.570000	6.771530
2.580000	5.277120
2.590000	4.107020
2.600000	3.303690
2.610000	2.789070
2.620000	2.602620
2.630000	2.718120
2.640000	3.063740
2.650000	3.600320
2.660000	4.302480
2.670000	5.122100
2.680000	5.883830
2.690000	6.559730
2.700000	7.077010
2.710000	7.334130
2.720000	7.293660
2.730000	7.030450
2.740000	6.556540
2.750000	5.945170
2.760000	5.240260
2.770000	4.546550
2.780000	3.989550
2.790000	3.588580
2.800000	3.503120
2.810000	3.775240
2.820000	4.516670
2.830000	5.825340
2.840000	7.709030
2.850000	10.215610
2.860000	13.360780
2.870000	16.953010
2.880000	20.715560
2.890000	24.471140
2.900000	27.959320
2.910000	30.901810
2.920000	32.990840
2.930000	33.918950
2.940000	33.768070
2.950000	32.648970
2.960000	30.600370
2.970000	27.813300
2.980000	24.619690
2.990000	21.218070
3.000000	17.878700
3.010000	14.797890
3.020000	12.090480
3.030000	9.745720
3.040000	7.864520
3.050000	6.380140
3.060000	5.282230
3.070000	4.529840
3.080000	4.094210
3.090000	3.822800
3.100000	3.692430
3.110000	3.659390
3.120000	3.687290
3.130000	3.669600
3.140000	3.639200
3.150000	3.574550
3.160000	3.470480
3.170000	3.377520
3.180000	3.274690
3.190000	3.260130
3.200000	3.373470
3.210000	3.639530
3.220000	4.122740
3.230000	4.855340
3.240000	5.846680
3.250000	7.093610
3.260000	8.568360
3.270000	10.172430
3.280000	11.845470
3.290000	13.402500
3.300000	14.825430
3.310000	15.939520
3.320000	16.624030
3.330000	16.956490
3.340000	16.751330
3.350000	16.087680
3.360000	15.208460
3.370000	14.059160
3.380000	12.787100
3.390000	11.499340
3.400000	10.357720
3.410000	9.389750
3.420000	8.615900
3.430000	8.243390
3.440000	8.059170
3.450000	8.171180
3.460000	8.423560
3.470000	8.759810
3.480000	9.127680
3.490000	9.470600
3.500000	9.649070
3.510000	9.628800
3.520000	9.498440
3.530000	9.213460
3.540000	8.765750
3.550000	8.184160
3.560000	7.612300
3.570000	7.059840
3.580000	6.642960
3.590000	6.358410
3.600000	6.253830
3.610000	6.307930
3.620000	6.559740
3.630000	6.894580
3.640000	7.336470
3.650000	7.704800
3.660000	8.055820
3.670000	8.275790
3.680000	8.340840
3.690000	8.201550
3.700000	7.991730
3.710000	7.655790
3.720000	7.201120
3.730000	6.747110
3.740000	6.279360
3.750000	5.898420
3.760000	5.653120
3.770000	5.457270
3.780000	5.387870
3.790000	5.449050
3.800000	5.562910
3.810000	5.719010
3.820000	5.945440
3.830000	6.139120
3.840000	6.227690
3.850000	6.336520
3.860000	6.391460
3.870000	6.458880
3.880000	6.563950
3.890000	6.721570
3.900000	7.042970
3.910000	7.555470
3.920000	8.204960
3.930000	9.040290
3.940000	10.047390
3.950000	11.099170
3.960000	12.207460
3.970000	13.283140
3.980000	14.132230
3.990000	14.717150
4.000000	15.148550
4.010000	15.177220
4.020000	14.841930
4.030000	14.173460
4.040000	13.325580
4.050000	12.174240
4.060000	10.881470
4.070000	9.565860
4.080000	8.281050
4.090000	6.976160
4.100000	5.766550
4.110000	4.733740
4.120000	3.798140
4.130000	3.070630
4.140000	2.412650
4.150000	1.921540
4.160000	1.610990
4.170000	1.426600
4.180000	1.385320
4.190000	1.460940
4.200000	1.648890
4.210000	1.935190
4.220000	2.323100
4.230000	2.785080
4.240000	3.279670
4.250000	3.793210
4.260000	4.366660
4.270000	4.831820
4.280000	5.267740
4.290000	5.603980
4.300000	5.879900
4.310000	5.978340
4.320000	5.938640
4.330000	5.800540
4.340000	5.511540
4.350000	5.175840
4.360000	4.791800
4.370000	4.376460
4.380000	3.904390
4.390000	3.503120
4.400000	3.147970
4.410000	2.794140
4.420000	2.496190
4.430000	2.290100
4.440000	2.072430
4.450000	1.917370
4.460000	1.763330
4.470000	1.665210
4.480000	1.588380
4.490000	1.522680
4.500000	1.503000
4.510000	1.489460
4.520000	1.498220
4.530000	1.531200
4.540000	1.576600
4.550000	1.614230
4.560000	1.663230
4.570000	1.692850
4.580000	1.717010
4.590000	1.695080
4.600000	1.653540
4.610000	1.612650
4.620000	1.566190
4.630000	1.507050
4.640000	1.420410
4.650000	1.359900
4.660000	1.286920
4.670000	1.221910
4.680000	1.156910
4.690000	1.110130
4.700000	1.092710
4.710000	1.081920
4.720000	1.076040
4.730000	1.066940
4.740000	1.095250
4.750000	1.108600
4.760000	1.137720
4.770000	1.201490
4.780000	1.255510
4.790000	1.320120
4.800000	1.399240
4.810000	1.460140
4.820000	1.519050
4.830000	1.559350
4.840000	1.601580
4.850000	1.636730
4.860000	1.651300
4.870000	1.640900
4.880000	1.617580
4.890000	1.601820
4.900000	1.535610
4.910000	1.497110
4.920000	1.415840
4.930000	1.372640
4.940000	1.309910
4.950000	1.242110
4.960000	1.175650
4.970000	1.118820
4.980000	1.050140
4.990000	0.969340
5.000000	0.897720
5.010000	0.833520
5.020000	0.756240
5.030000	0.667170
5.040000	0.591650
5.050000	0.518070
5.060000	0.439250
5.070000	0.366350
5.080000	0.304470
5.090000	0.247300
5.100000	0.194820
5.110000	0.156840
5.120000	0.121170
5.130000	0.092520
5.140000	0.065800
5.150000	0.048760
5.160000	0.035680
5.170000	0.025240
5.180000	0.018310
5.190000	0.012250
5.200000	0.009250
5.210000	0.005470
5.220000	0.003680
5.230000	0.001810
5.240000	0.000990
5.250000	0.000830
5.260000	0.000750
5.270000	0.000260
5.280000	0.000270
5.290000	0.000110
5.300000	0.000050
5.310000	0.000080
5.320000	0.000120
5.330000	0.000000
5.340000	0.000000
5.350000	0.000000
5.360000	0.000000
5.370000	0.000000
5.380000	0.000000
5.390000	0.000000
5.400000	0.000000
5.410000	0.000000
5.420000	0.000000
5.430000	0.000000
5.440000	0.000000
5.450000	0.000000
5.460000	0.000000
5.470000	0.000000
5.480000	0.000000
5.490000	0.000000
5.500000	0.000000
5.510000	0.000000
5.520000	0.000000
5.530000	0.000000
5.540000	0.000000
5.550000	0.000000
5.560000	0.000000
5.570000	0.000000
5.580000	0.000000
5.590000	0.000000
5.600000	0.000000
5.610000	0.000000
5.620000	0.000000
5.630000	0.000000
5.640000	0.000000
5.650000	0.000000
5.660000	0.000000
5.670000	0.000000
5.680000	0.000000
5.690000	0.000000
5.700000	0.000000
5.710000	0.000000
5.720000	0.000000
5.730000	0.000000
5.740000	0.000000
5.750000	0.000000
5.760000	0.000000
5.770000	0.000000
5.780000	0.000000
5.790000	0.000000
5.800000	0.000000
5.810000	0.000000
5.820000	0.000000
5.830000	0.000000
5.840000	0.000000
5.850000	0.000000
5.860000	0.000000
5.870000	0.000000
5.880000	0.000000
5.890000	0.000000
5.900000	0.000000
5.910000	0.000000
5.920000	0.000000
5.930000	0.000000
5.940000	0.000000
5.950000	0.000000
5.960000	0.000000
5.970000	0.000000
5.980000	0.000000
5.990000	0.000000
6.000000	0.000000
6.010000	0.000000
6.020000	0.000000
6.030000	0.000000
6.040000	0.000000
6.050000	0.000000
6.060000	0.000000
6.070000	0.000000
6.080000	0.000000
6.090000	0.000000
6.100000	0.000000
6.110000	0.000000
6.120000	0.000000
6.130000	0.000000
6.140000	0.000000
6.150000	0.000000
6.160000	0.000000
6.170000	0.000000
6.180000	0.000000
6.190000	0.000000
6.200000	0.000000
6.210000	0.000000
6.220000	0.000000
6.230000	0.000000
6.240000	0.000000
6.250000	0.000000
6.260000	0.000000
6.270000	0.000000
6.280000	0.000000
6.290000	0.000000
6.300000	0.000000
6.310000	0.000000
6.320000	0.000000
6.330000	0.000000
6.340000	0.000000
6.350000	0.000000
6.360000	0.000000
6.370000	0.000000
6.380000	0.000000
6.390000	0.000000
6.400000	0.000000
6.410000	0.000000
6.420000	0.000000
6.430000	0.000000
6.440000	0.000000
6.450000	0.000000
6.460000	0.000000
6.470000	0.000000
6.480000	0.000000
6.490000	0.000000
6.500000	0.000000
6.510000	0.000000
6.520000	0.000000
6.530000	0.000000
6.540000	0.000000
6.550000	0.000000
6.560000	0.000000
6.570000	0.000000
6.580000	0.000000
6.590000	0.000000
6.600000	0.000000
6.610000	0.000000
6.620000	0.000000
6.630000	0.000000
6.640000	0.000000
6.650000	0.000000
6.660000	0.000000
6.670000	0.000000
6.680000	0.000000
6.690000	0.000000
6.700000	0.000000
6.710000	0.000000
6.720000	0.000000
6.730000	0.000000
6.740000	0.000000
6.750000	0.000000
6.760000	0.000000
6.770000	0.000000
6.780000	0.000000
6.790000	0.000000
6.800000	0.000000
6.810000	0.000000
6.820000	0.000000
6.830000	0.000000
6.840000	0.000000
6.850000	0.000000
6.860000	0.000000
6.870000	0.000000
6.880000	0.000000
6.890000	0.000000
6.900000	0.000000
6.910000	0.000000
6.920000	0.000000
6.930000	0.000000
6.940000	0.000000
6.950000	0.000000
6.960000	0.000000
6.970000	0.000000
6.980000	0.000000
6.990000	0.000000
