0.000000	0.000000
0.010000	0.000000
0.020000	0.000000
0.030000	0.000000
0.040000	0.000000
0.050000	0.000000
0.060000	0.000000
0.070000	0.000000
0.080000	0.000000
0.090000	0.000000
0.100000	0.000000
0.110000	0.000000
0.120000	0.000000
0.130000	0.000000
0.140000	0.000000
0.150000	0.000000
0.160000	0.000000
0.170000	0.000000
0.180000	0.000000
0.190000	0.000000
0.200000	0.000000
0.210000	0.000000
0.220000	0.000000
0.230000	0.000000
0.240000	0.000000
0.250000	0.000000
0.260000	0.000000
0.270000	0.000000
0.280000	0.000000
0.290000	0.000000
0.300000	0.000000
0.310000	0.000000
0.320000	0.000000
0.330000	0.000000
0.340000	0.000000
0.350000	0.000000
0.360000	0.000000
0.370000	0.000000
0.380000	0.000000
0.390000	0.000000
0.400000	0.000000
0.410000	0.000000
0.420000	0.000000
0.430000	0.000000
0.440000	0.000000
0.450000	0.000000
0.460000	0.000000
0.470000	0.000000
0.480000	0.000000
0.490000	0.000000
0.500000	0.000000
0.510000	0.000000
0.520000	0.000000
0.530000	0.000000
0.540000	0.000000
0.550000	0.000000
0.560000	0.000000
0.570000	0.000000
0.580000	0.000000
0.590000	0.000000
0.600000	0.000000
0.610000	0.000000
0.620000	0.000000
0.630000	0.000000
0.640000	0.000000
0.650000	0.000000
0.660000	0.000000
0.670000	0.000000
0.680000	0.000000
0.690000	0.000000
0.700000	0.000000
0.710000	0.000000
0.720000	0.000000
0.730000	0.000000
0.740000	0.000000
0.750000	0.000000
0.760000	0.000000
0.770000	0.000000
0.780000	0.000000
0.790000	0.000000
0.800000	0.000000
0.810000	0.000000
0.820000	0.000000
0.830000	0.000000
0.840000	0.000000
0.850000	0.000000
0.860000	0.000000
0.870000	0.000000
0.880000	0.000000
0.890000	0.000000
0.900000	0.000000
0.910000	0.000000
0.920000	0.000000
0.930000	0.000000
0.940000	0.000000
0.950000	0.000060
0.960000	0.000350
0.970000	0.002240
0.980000	0.014290
0.990000	0.072330
1.000000	0.278740
1.010000	0.850450
1.020000	2.103440
1.030000	4.284060
1.040000	7.647060
1.050000	11.994450
1.060000	16.888800
1.070000	21.652110
1.080000	25.523130
1.090000	28.111930
1.100000	29.116140
1.110000	28.596510
1.120000	26.831400
1.130000	24.255920
1.140000	21.245800
1.150000	18.056510
1.160000	14.900060
1.170000	12.114940
1.180000	9.638580
1.190000	7.561960
1.200000	5.858590
1.210000	4.513180
1.220000	3.427440
1.230000	2.615560
1.240000	2.006430
1.250000	1.494470
1.260000	1.128990
1.270000	0.849490
1.280000	0.643360
1.290000	0.505830
1.300000	0.375700
1.310000	0.288310
1.320000	0.230070
1.330000	0.190070
1.340000	0.165690
1.350000	0.150730
1.360000	0.153030
1.370000	0.162620
1.380000	0.183170
1.390000	0.223310
1.400000	0.287580
1.410000	0.366300
1.420000	0.478060
1.430000	0.635660
1.440000	0.835530
1.450000	1.108280
1.460000	1.436350
1.470000	1.875470
1.480000	2.371570
1.490000	2.991130
1.500000	3.649620
1.510000	4.375640
1.520000	5.146510
1.530000	5.898780
1.540000	6.587940
1.550000	7.146140
1.560000	7.523480
1.570000	7.729900
1.580000	7.738660
1.590000	7.542310
1.600000	7.162140
1.610000	6.645800
1.620000	6.018650
1.630000	5.333570
1.640000	4.646500
1.650000	3.938940
1.660000	3.284530
1.670000	2.687580
1.680000	2.188650
1.690000	1.736780
1.700000	1.363730
1.710000	1.073460
1.720000	0.874530
1.730000	0.723930
1.740000	0.639300
1.750000	0.617040
1.760000	0.692200
1.770000	0.872020
1.780000	1.199700
1.790000	1.723200
1.800000	2.510360
1.810000	3.641840
1.820000	5.157420
1.830000	7.169030
1.840000	9.573370
1.850000	12.485940
1.860000	15.673110
1.870000	19.026140
1.880000	22.369370
1.890000	25.391390
1.900000	27.853880
1.910000	29.578750
1.920000	30.367930
1.930000	30.303330
1.940000	29.363950
1.950000	27.680220
1.960000	25.403050
1.970000	22.730780
1.980000	19.917770
1.990000	17.113770
2.000000	14.336920
2.010000	11.853840
2.020000	9.626970
2.030000	7.707440
2.040000	6.072330
2.050000	4.748470
2.060000	3.710970
2.070000	2.932530
2.080000	2.427180
2.090000	2.183080
2.100000	2.185640
2.110000	2.460140
2.120000	3.031010
2.130000	3.856150
2.140000	4.971540
2.150000	6.282780
2.160000	7.677960
2.170000	9.046130
2.180000	10.385450
2.190000	11.493690
2.200000	12.361190
2.210000	12.831010
2.220000	12.959810
2.230000	12.710790
2.240000	12.165300
2.250000	11.395080
2.260000	10.500010
2.270000	9.471900
2.280000	8.387770
2.290000	7.334880
2.300000	6.400940
2.310000	5.581570
2.320000	4.905280
2.330000	4.468380
2.340000	4.199740
2.350000	4.184050
2.360000	4.412980
2.370000	4.910620
2.380000	5.636290
2.390000	6.620320
2.400000	7.838560
2.410000	9.161570
2.420000	10.672320
2.430000	12.281510
2.440000	13.836240
2.450000	15.262520
2.460000	16.493200
2.470000	17.410190
2.480000	17.911150
2.490000	18.060910
2.500000	17.884160
2.510000	17.302710
2.520000	16.322250
2.530000	15.168620
2.540000	13.840120
2.550000	12.334530
2.560000	10.877150
2.570000	9.430510
2.580000	8.121400
2.590000	6.947570
2.600000	5.964280
2.610000	5.222520
2.620000	4.728510
2.630000	4.450730
2.640000	4.348480
2.650000	4.458700
2.660000	4.702270
2.670000	5.026430
2.680000	5.376810
2.690000	5.741220
2.700000	6.032840
2.710000	6.195320
2.720000	6.248820
2.730000	6.195450
2.740000	6.054360
2.750000	5.838240
2.760000	5.598140
2.770000	5.322570
2.780000	5.119520
2.790000	5.027330
2.800000	5.156750
2.810000	5.550950
2.820000	6.288800
2.830000	7.373650
2.840000	8.792550
2.850000	10.643890
2.860000	12.862670
2.870000	15.319810
2.880000	17.877480
2.890000	20.413470
2.900000	22.828260
2.910000	24.852510
2.920000	26.525490
2.930000	27.690080
2.940000	28.216990
2.950000	28.064070
2.960000	27.356360
2.970000	26.135950
2.980000	24.447530
2.990000	22.467730
3.000000	20.311270
3.010000	18.160780
3.020000	15.948890
3.030000	13.876840
3.040000	11.980030
3.050000	10.309260
3.060000	8.838240
3.070000	7.602400
3.080000	6.637370
3.090000	5.868580
3.100000	5.268490
3.110000	4.807320
3.120000	4.446980
3.130000	4.189690
3.140000	4.012910
3.150000	3.860180
3.160000	3.796420
3.170000	3.770260
3.180000	3.796020
3.190000	3.886460
3.200000	4.108850
3.210000	4.403930
3.220000	4.837660
3.230000	5.432890
3.240000	6.181160
3.250000	7.019570
3.260000	7.983630
3.270000	9.054070
3.280000	10.103790
3.290000	11.106980
3.300000	12.087470
3.310000	12.939160
3.320000	13.590050
3.330000	14.017030
3.340000	14.220860
3.350000	14.201740
3.360000	14.037660
3.370000	13.628620
3.380000	13.100520
3.390000	12.480050
3.400000	11.793810
3.410000	11.123470
3.420000	10.573350
3.430000	10.098010
3.440000	9.687810
3.450000	9.441100
3.460000	9.259030
3.470000	9.150460
3.480000	9.077610
3.490000	9.069010
3.500000	8.995840
3.510000	8.960310
3.520000	8.832230
3.530000	8.668560
3.540000	8.526930
3.550000	8.266630
3.560000	8.014530
3.570000	7.751240
3.580000	7.508490
3.590000	7.318380
3.600000	7.165030
3.610000	7.133070
3.620000	7.126080
3.630000	7.186480
3.640000	7.292030
3.650000	7.403450
3.660000	7.551220
3.670000	7.592010
3.680000	7.621570
3.690000	7.629800
3.700000	7.492000
3.710000	7.401930
3.720000	7.234270
3.730000	6.962300
3.740000	6.757940
3.750000	6.563080
3.760000	6.340240
3.770000	6.142990
3.780000	6.031290
3.790000	5.949120
3.800000	5.989370
3.810000	5.954530
3.820000	6.015510
3.830000	6.090080
3.840000	6.191840
3.850000	6.291230
3.860000	6.386200
3.870000	6.606990
3.880000	6.830720
3.890000	7.022700
3.900000	7.348060
3.910000	7.735850
3.920000	8.222170
3.930000	8.731350
3.940000	9.336320
3.950000	9.995640
3.960000	10.659320
3.970000	11.280330
3.980000	11.851240
3.990000	12.346410
4.000000	12.667550
4.010000	12.863870
4.020000	12.835150
4.030000	12.661920
4.040000	12.282760
4.050000	11.776320
4.060000	11.202960
4.070000	10.416740
4.080000	9.612750
4.090000	8.710420
4.100000	7.819450
4.110000	6.934340
4.120000	6.084710
4.130000	5.304420
4.140000	4.612540
4.150000	3.987540
4.160000	3.496120
4.170000	3.101400
4.180000	2.797760
4.190000	2.623280
4.200000	2.545790
4.210000	2.554250
4.220000	2.656510
4.230000	2.836980
4.240000	3.058890
4.250000	3.341870
4.260000	3.627750
4.270000	3.932280
4.280000	4.234280
4.290000	4.492750
4.300000	4.715470
4.310000	4.896100
4.320000	5.016510
4.330000	5.072150
4.340000	5.040250
4.350000	4.934700
4.360000	4.789420
4.370000	4.588260
4.380000	4.372650
4.390000	4.104800
4.400000	3.809940
4.410000	3.536990
4.420000	3.261370
4.430000	2.983630
4.440000	2.761180
4.450000	2.522550
4.460000	2.336950
4.470000	2.168230
4.480000	2.030090
4.490000	1.887050
4.500000	1.801510
4.510000	1.730720
4.520000	1.693690
4.530000	1.673710
4.540000	1.653500
4.550000	1.645450
4.560000	1.621350
4.570000	1.637280
4.580000	1.642260
4.590000	1.629580
4.600000	1.610500
4.610000	1.596280
4.620000	1.546830
4.630000	1.500210
4.640000	1.450160
4.650000	1.408210
4.660000	1.382430
4.670000	1.320950
4.680000	1.274430
4.690000	1.253770
4.700000	1.219680
4.710000	1.191350
4.720000	1.158580
4.730000	1.149470
4.740000	1.165150
4.750000	1.149330
4.760000	1.164710
4.770000	1.189010
4.780000	1.220550
4.790000	1.254490
4.800000	1.280220
4.810000	1.333920
4.820000	1.366840
4.830000	1.386880
4.840000	1.430800
4.850000	1.473360
4.860000	1.496910
4.870000	1.517590
4.880000	1.521770
4.890000	1.528140
4.900000	1.520280
4.910000	1.492690
4.920000	1.469380
4.930000	1.421390
4.940000	1.392410
4.950000	1.335310
4.960000	1.289810
4.970000	1.242850
4.980000	1.174060
4.990000	1.113510
5.000000	1.045330
5.010000	0.978020
5.020000	0.894480
5.030000	0.831880
5.040000	0.760810
5.050000	0.684890
5.060000	0.615910
5.070000	0.549550
5.080000	0.479370
5.090000	0.424450
5.100000	0.370270
5.110000	0.318460
5.120000	0.271040
5.130000	0.228360
5.140000	0.192180
5.150000	0.161270
5.160000	0.130050
5.170000	0.105780
5.180000	0.087190
5.190000	0.069610
5.200000	0.054680
5.210000	0.040140
5.220000	0.032850
5.230000	0.026680
5.240000	0.018620
5.250000	0.014400
5.260000	0.012060
5.270000	0.007880
5.280000	0.005210
5.290000	0.003070
5.300000	0.003170
5.310000	0.002150
5.320000	0.001010
5.330000	0.001060
5.340000	0.000810
5.350000	0.000280
5.360000	0.000410
5.370000	0.000300
5.380000	0.000070
5.390000	0.000000
5.400000	0.000000
5.410000	0.000000
5.420000	0.000000
5.430000	0.000000
5.440000	0.000000
5.450000	0.000000
5.460000	0.000000
5.470000	0.000000
5.480000	0.000000
5.490000	0.000000
5.500000	0.000000
5.510000	0.000000
5.520000	0.000000
5.530000	0.000000
5.540000	0.000000
5.550000	0.000000
5.560000	0.000000
5.570000	0.000000
5.580000	0.000000
5.590000	0.000000
5.600000	0.000000
5.610000	0.000000
5.620000	0.000000
5.630000	0.000000
5.640000	0.000000
5.650000	0.000000
5.660000	0.000000
5.670000	0.000000
5.680000	0.000000
5.690000	0.000000
5.700000	0.000000
5.710000	0.000000
5.720000	0.000000
5.730000	0.000000
5.740000	0.000000
5.750000	0.000000
5.760000	0.000000
5.770000	0.000000
5.780000	0.000000
5.790000	0.000000
5.800000	0.000000
5.810000	0.000000
5.820000	0.000000
5.830000	0.000000
5.840000	0.000000
5.850000	0.000000
5.860000	0.000000
5.870000	0.000000
5.880000	0.000000
5.890000	0.000000
5.900000	0.000000
5.910000	0.000000
5.920000	0.000000
5.930000	0.000000
5.940000	0.000000
5.950000	0.000000
5.960000	0.000000
5.970000	0.000000
5.980000	0.000000
5.990000	0.000000
6.000000	0.000000
6.010000	0.000000
6.020000	0.000000
6.030000	0.000000
6.040000	0.000000
6.050000	0.000000
6.060000	0.000000
6.070000	0.000000
6.080000	0.000000
6.090000	0.000000
6.100000	0.000000
6.110000	0.000000
6.120000	0.000000
6.130000	0.000000
6.140000	0.000000
6.150000	0.000000
6.160000	0.000000
6.170000	0.000000
6.180000	0.000000
6.190000	0.000000
6.200000	0.000000
6.210000	0.000000
6.220000	0.000000
6.230000	0.000000
6.240000	0.000000
6.250000	0.000000
6.260000	0.000000
6.270000	0.000000
6.280000	0.000000
6.290000	0.000000
6.300000	0.000000
6.310000	0.000000
6.320000	0.000000
6.330000	0.000000
6.340000	0.000000
6.350000	0.000000
6.360000	0.000000
6.370000	0.000000
6.380000	0.000000
6.390000	0.000000
6.400000	0.000000
6.410000	0.000000
6.420000	0.000000
6.430000	0.000000
6.440000	0.000000
6.450000	0.000000
6.460000	0.000000
6.470000	0.000000
6.480000	0.000000
6.490000	0.000000
6.500000	0.000000
6.510000	0.000000
6.520000	0.000000
6.530000	0.000000
6.540000	0.000000
6.550000	0.000000
6.560000	0.000000
6.570000	0.000000
6.580000	0.000000
6.590000	0.000000
6.600000	0.000000
6.610000	0.000000
6.620000	0.000000
6.630000	0.000000
6.640000	0.000000
6.650000	0.000000
6.660000	0.000000
6.670000	0.000000
6.680000	0.000000
6.690000	0.000000
6.700000	0.000000
6.710000	0.000000
6.720000	0.000000
6.730000	0.000000
6.740000	0.000000
6.750000	0.000000
6.760000	0.000000
6.770000	0.000000
6.780000	0.000000
6.790000	0.000000
6.800000	0.000000
6.810000	0.000000
6.820000	0.000000
6.830000	0.000000
6.840000	0.000000
6.850000	0.000000
6.860000	0.000000
6.870000	0.000000
6.880000	0.000000
6.890000	0.000000
6.900000	0.000000
6.910000	0.000000
6.920000	0.000000
6.930000	0.000000
6.940000	0.000000
6.950000	0.000000
6.960000	0.000000
6.970000	0.000000
6.980000	0.000000
6.990000	0.000000
