0.000000	0.000000
0.010000	0.000000
0.020000	0.000000
0.030000	0.000000
0.040000	0.000000
0.050000	0.000000
0.060000	0.000000
0.070000	0.000000
0.080000	0.000000
0.090000	0.000000
0.100000	0.000000
0.110000	0.000000
0.120000	0.000000
0.130000	0.000000
0.140000	0.000000
0.150000	0.000000
0.160000	0.000000
0.170000	0.000000
0.180000	0.000000
0.190000	0.000000
0.200000	0.000000
0.210000	0.000000
0.220000	0.000000
0.230000	0.000000
0.240000	0.000000
0.250000	0.000000
0.260000	0.000000
0.270000	0.000000
0.280000	0.000000
0.290000	0.000000
0.300000	0.000000
0.310000	0.000000
0.320000	0.000000
0.330000	0.000000
0.340000	0.000000
0.350000	0.000000
0.360000	0.000000
0.370000	0.000000
0.380000	0.000000
0.390000	0.000000
0.400000	0.000000
0.410000	0.000000
0.420000	0.000000
0.430000	0.000000
0.440000	0.000000
0.450000	0.000000
0.460000	0.000000
0.470000	0.000000
0.480000	0.000000
0.490000	0.000000
0.500000	0.000000
0.510000	0.000000
0.520000	0.000000
0.530000	0.000000
0.540000	0.000000
0.550000	0.000000
0.560000	0.000000
0.570000	0.000000
0.580000	0.000000
0.590000	0.000000
0.600000	0.000000
0.610000	0.000000
0.620000	0.000000
0.630000	0.000000
0.640000	0.000000
0.650000	0.000000
0.660000	0.000000
0.670000	0.000000
0.680000	0.000000
0.690000	0.000000
0.700000	0.000000
0.710000	0.000000
0.720000	0.000000
0.730000	0.000000
0.740000	0.000000
0.750000	0.000000
0.760000	0.000000
0.770000	0.000000
0.780000	0.000000
0.790000	0.000000
0.800000	0.000000
0.810000	0.000000
0.820000	0.000000
0.830000	0.000000
0.840000	0.000000
0.850000	0.000000
0.860000	0.000000
0.870000	0.000000
0.880000	0.000000
0.890000	0.000000
0.900000	0.000000
0.910000	0.000000
0.920000	0.000000
0.930000	0.000000
0.940000	0.000000
0.950000	0.000000
0.960000	0.000000
0.970000	0.000000
0.980000	0.000190
0.990000	0.003270
1.000000	0.030640
1.010000	0.169320
1.020000	0.657040
1.030000	2.008390
1.040000	4.901090
1.050000	9.851880
1.060000	16.671760
1.070000	24.355230
1.080000	31.296530
1.090000	36.116550
1.100000	37.577650
1.110000	36.201480
1.120000	32.446260
1.130000	27.276730
1.140000	21.665970
1.150000	16.504920
1.160000	12.113570
1.170000	8.609550
1.180000	5.931080
1.190000	4.022090
1.200000	2.698430
1.210000	1.763240
1.220000	1.140120
1.230000	0.736780
1.240000	0.465240
1.250000	0.292490
1.260000	0.182760
1.270000	0.116930
1.280000	0.074750
1.290000	0.049370
1.300000	0.033760
1.310000	0.023630
1.320000	0.016940
1.330000	0.015420
1.340000	0.015640
1.350000	0.018060
1.360000	0.021660
1.370000	0.028200
1.380000	0.038810
1.390000	0.054220
1.400000	0.080280
1.410000	0.109670
1.420000	0.166850
1.430000	0.257690
1.440000	0.385150
1.450000	0.578270
1.460000	0.880880
1.470000	1.334880
1.480000	1.952360
1.490000	2.768870
1.500000	3.768850
1.510000	4.972010
1.520000	6.304490
1.530000	7.630560
1.540000	8.853450
1.550000	9.794370
1.560000	10.314630
1.570000	10.455160
1.580000	9.972930
1.590000	9.130640
1.600000	8.036310
1.610000	6.834130
1.620000	5.574860
1.630000	4.353990
1.640000	3.301720
1.650000	2.430680
1.660000	1.748540
1.670000	1.225370
1.680000	0.853780
1.690000	0.568610
1.700000	0.385190
1.710000	0.254660
1.720000	0.174500
1.730000	0.119070
1.740000	0.090730
1.750000	0.078060
1.760000	0.095750
1.770000	0.151740
1.780000	0.269160
1.790000	0.524430
1.800000	0.973550
1.810000	1.777190
1.820000	3.091730
1.830000	5.163590
1.840000	8.120810
1.850000	12.177210
1.860000	17.201190
1.870000	22.871540
1.880000	28.629560
1.890000	33.865750
1.900000	37.740250
1.910000	39.924760
1.920000	40.161090
1.930000	38.289090
1.940000	34.853280
1.950000	30.339040
1.960000	25.261470
1.970000	20.293200
1.980000	15.761030
1.990000	11.805510
2.000000	8.576780
2.010000	6.057900
2.020000	4.166790
2.030000	2.797570
2.040000	1.858000
2.050000	1.216130
2.060000	0.789200
2.070000	0.515590
2.080000	0.378150
2.090000	0.366550
2.100000	0.519340
2.110000	0.902500
2.120000	1.606480
2.130000	2.679490
2.140000	4.217330
2.150000	6.173230
2.160000	8.537390
2.170000	10.977510
2.180000	13.352590
2.190000	15.281020
2.200000	16.563790
2.210000	17.078090
2.220000	16.746730
2.230000	15.639840
2.240000	14.005470
2.250000	12.124120
2.260000	10.160410
2.270000	8.208200
2.280000	6.422070
2.290000	4.895580
2.300000	3.678880
2.310000	2.760640
2.320000	2.105290
2.330000	1.694550
2.340000	1.531070
2.350000	1.627280
2.360000	2.002000
2.370000	2.736890
2.380000	3.826750
2.390000	5.357820
2.400000	7.407270
2.410000	9.844520
2.420000	12.643490
2.430000	15.609810
2.440000	18.506000
2.450000	21.056130
2.460000	23.009920
2.470000	24.122830
2.480000	24.260160
2.490000	23.455090
2.500000	21.874610
2.510000	19.616180
2.520000	16.980630
2.530000	14.205010
2.540000	11.514850
2.550000	9.012960
2.560000	6.895740
2.570000	5.143420
2.580000	3.780270
2.590000	2.779830
2.600000	2.155590
2.610000	1.839850
2.620000	1.836300
2.630000	2.145310
2.640000	2.725940
2.650000	3.500650
2.660000	4.429830
2.670000	5.437990
2.680000	6.399900
2.690000	7.191640
2.700000	7.729220
2.710000	7.953900
2.720000	7.809710
2.730000	7.364060
2.740000	6.718380
2.750000	5.819690
2.760000	4.929190
2.770000	4.099280
2.780000	3.364200
2.790000	2.846710
2.800000	2.686270
2.810000	2.901300
2.820000	3.605110
2.830000	4.941580
2.840000	6.986730
2.850000	9.798500
2.860000	13.455960
2.870000	17.727960
2.880000	22.351980
2.890000	26.999080
2.900000	31.121700
2.910000	34.504470
2.920000	36.570350
2.930000	37.289880
2.940000	36.572800
2.950000	34.495840
2.960000	31.476990
2.970000	27.717740
2.980000	23.644100
2.990000	19.585570
3.000000	15.829230
3.010000	12.394360
3.020000	9.631960
3.030000	7.459280
3.040000	5.749330
3.050000	4.568440
3.060000	3.856480
3.070000	3.450540
3.080000	3.327100
3.090000	3.350390
3.100000	3.476440
3.110000	3.626340
3.120000	3.792150
3.130000	3.868670
3.140000	3.829570
3.150000	3.725420
3.160000	3.551670
3.170000	3.327080
3.180000	3.073920
3.190000	2.915390
3.200000	2.870480
3.210000	3.078290
3.220000	3.522660
3.230000	4.316600
3.240000	5.474890
3.250000	7.025070
3.260000	8.846920
3.270000	10.881440
3.280000	12.913300
3.290000	14.931880
3.300000	16.629920
3.310000	17.875920
3.320000	18.509280
3.330000	18.544100
3.340000	18.039070
3.350000	16.883850
3.360000	15.425780
3.370000	13.693100
3.380000	11.949170
3.390000	10.355740
3.400000	8.901290
3.410000	7.854370
3.420000	7.250640
3.430000	7.023590
3.440000	7.228870
3.450000	7.679000
3.460000	8.322880
3.470000	9.057570
3.480000	9.695500
3.490000	10.207210
3.500000	10.472920
3.510000	10.461260
3.520000	10.171590
3.530000	9.651600
3.540000	8.903860
3.550000	8.051020
3.560000	7.152560
3.570000	6.444830
3.580000	5.899030
3.590000	5.665180
3.600000	5.652870
3.610000	5.837280
3.620000	6.264720
3.630000	6.864780
3.640000	7.474960
3.650000	8.012330
3.660000	8.459430
3.670000	8.715410
3.680000	8.828070
3.690000	8.646670
3.700000	8.217130
3.710000	7.665530
3.720000	7.056360
3.730000	6.391990
3.740000	5.830410
3.750000	5.401420
3.760000	5.101450
3.770000	4.977780
3.780000	5.025890
3.790000	5.260230
3.800000	5.605670
3.810000	5.907470
3.820000	6.148630
3.830000	6.373800
3.840000	6.479830
3.850000	6.460940
3.860000	6.421410
3.870000	6.298670
3.880000	6.239610
3.890000	6.338810
3.900000	6.629930
3.910000	7.168210
3.920000	7.970790
3.930000	9.074250
3.940000	10.365540
3.950000	11.840750
3.960000	13.258650
3.970000	14.595320
3.980000	15.649260
3.990000	16.431120
4.000000	16.674720
4.010000	16.529730
4.020000	15.840040
4.030000	14.772630
4.040000	13.417720
4.050000	11.941310
4.060000	10.267030
4.070000	8.618100
4.080000	7.072260
4.090000	5.646300
4.100000	4.420430
4.110000	3.429660
4.120000	2.597720
4.130000	1.939300
4.140000	1.459540
4.150000	1.132350
4.160000	0.921720
4.170000	0.872340
4.180000	0.915610
4.190000	1.082050
4.200000	1.385380
4.210000	1.805930
4.220000	2.314510
4.230000	2.936630
4.240000	3.603600
4.250000	4.341430
4.260000	4.971310
4.270000	5.531430
4.280000	6.021280
4.290000	6.401430
4.300000	6.606130
4.310000	6.611170
4.320000	6.392250
4.330000	6.045170
4.340000	5.584450
4.350000	5.085760
4.360000	4.532270
4.370000	3.975590
4.380000	3.465260
4.390000	3.010790
4.400000	2.661730
4.410000	2.353670
4.420000	2.098610
4.430000	1.919670
4.440000	1.780400
4.450000	1.660120
4.460000	1.568570
4.470000	1.484830
4.480000	1.421940
4.490000	1.402900
4.500000	1.404720
4.510000	1.431830
4.520000	1.491390
4.530000	1.555190
4.540000	1.617280
4.550000	1.680280
4.560000	1.743000
4.570000	1.787580
4.580000	1.827800
4.590000	1.792720
4.600000	1.728440
4.610000	1.644560
4.620000	1.539240
4.630000	1.452530
4.640000	1.370830
4.650000	1.266770
4.660000	1.182980
4.670000	1.122840
4.680000	1.060130
4.690000	1.047850
4.700000	1.048460
4.710000	1.034410
4.720000	1.050490
4.730000	1.057890
4.740000	1.082260
4.750000	1.101290
4.760000	1.139910
4.770000	1.211110
4.780000	1.269090
4.790000	1.355530
4.800000	1.448260
4.810000	1.530350
4.820000	1.613620
4.830000	1.680880
4.840000	1.732420
4.850000	1.765130
4.860000	1.750060
4.870000	1.712770
4.880000	1.662960
4.890000	1.600430
4.900000	1.511900
4.910000	1.442570
4.920000	1.380320
4.930000	1.299560
4.940000	1.240450
4.950000	1.190260
4.960000	1.145220
4.970000	1.055880
4.980000	0.998960
4.990000	0.923900
5.000000	0.840970
5.010000	0.774730
5.020000	0.677040
5.030000	0.593760
5.040000	0.504550
5.050000	0.424440
5.060000	0.339650
5.070000	0.270520
5.080000	0.208020
5.090000	0.163890
5.100000	0.121290
5.110000	0.090650
5.120000	0.061900
5.130000	0.044490
5.140000	0.030720
5.150000	0.020950
5.160000	0.015820
5.170000	0.012150
5.180000	0.007770
5.190000	0.005300
5.200000	0.002430
5.210000	0.001820
5.220000	0.001570
5.230000	0.000190
5.240000	0.000220
5.250000	0.000000
5.260000	0.000000
5.270000	0.000000
5.280000	0.000000
5.290000	0.000000
5.300000	0.000000
5.310000	0.000000
5.320000	0.000000
5.330000	0.000000
5.340000	0.000000
5.350000	0.000000
5.360000	0.000000
5.370000	0.000000
5.380000	0.000000
5.390000	0.000000
5.400000	0.000000
5.410000	0.000000
5.420000	0.000000
5.430000	0.000000
5.440000	0.000000
5.450000	0.000000
5.460000	0.000000
5.470000	0.000000
5.480000	0.000000
5.490000	0.000000
5.500000	0.000000
5.510000	0.000000
5.520000	0.000000
5.530000	0.000000
5.540000	0.000000
5.550000	0.000000
5.560000	0.000000
5.570000	0.000000
5.580000	0.000000
5.590000	0.000000
5.600000	0.000000
5.610000	0.000000
5.620000	0.000000
5.630000	0.000000
5.640000	0.000000
5.650000	0.000000
5.660000	0.000000
5.670000	0.000000
5.680000	0.000000
5.690000	0.000000
5.700000	0.000000
5.710000	0.000000
5.720000	0.000000
5.730000	0.000000
5.740000	0.000000
5.750000	0.000000
5.760000	0.000000
5.770000	0.000000
5.780000	0.000000
5.790000	0.000000
5.800000	0.000000
5.810000	0.000000
5.820000	0.000000
5.830000	0.000000
5.840000	0.000000
5.850000	0.000000
5.860000	0.000000
5.870000	0.000000
5.880000	0.000000
5.890000	0.000000
5.900000	0.000000
5.910000	0.000000
5.920000	0.000000
5.930000	0.000000
5.940000	0.000000
5.950000	0.000000
5.960000	0.000000
5.970000	0.000000
5.980000	0.000000
5.990000	0.000000
6.000000	0.000000
6.010000	0.000000
6.020000	0.000000
6.030000	0.000000
6.040000	0.000000
6.050000	0.000000
6.060000	0.000000
6.070000	0.000000
6.080000	0.000000
6.090000	0.000000
6.100000	0.000000
6.110000	0.000000
6.120000	0.000000
6.130000	0.000000
6.140000	0.000000
6.150000	0.000000
6.160000	0.000000
6.170000	0.000000
6.180000	0.000000
6.190000	0.000000
6.200000	0.000000
6.210000	0.000000
6.220000	0.000000
6.230000	0.000000
6.240000	0.000000
6.250000	0.000000
6.260000	0.000000
6.270000	0.000000
6.280000	0.000000
6.290000	0.000000
6.300000	0.000000
6.310000	0.000000
6.320000	0.000000
6.330000	0.000000
6.340000	0.000000
6.350000	0.000000
6.360000	0.000000
6.370000	0.000000
6.380000	0.000000
6.390000	0.000000
6.400000	0.000000
6.410000	0.000000
6.420000	0.000000
6.430000	0.000000
6.440000	0.000000
6.450000	0.000000
6.460000	0.000000
6.470000	0.000000
6.480000	0.000000
6.490000	0.000000
6.500000	0.000000
6.510000	0.000000
6.520000	0.000000
6.530000	0.000000
6.540000	0.000000
6.550000	0.000000
6.560000	0.000000
6.570000	0.000000
6.580000	0.000000
6.590000	0.000000
6.600000	0.000000
6.610000	0.000000
6.620000	0.000000
6.630000	0.000000
6.640000	0.000000
6.650000	0.000000
6.660000	0.000000
6.670000	0.000000
6.680000	0.000000
6.690000	0.000000
6.700000	0.000000
6.710000	0.000000
6.720000	0.000000
6.730000	0.000000
6.740000	0.000000
6.750000	0.000000
6.760000	0.000000
6.770000	0.000000
6.780000	0.000000
6.790000	0.000000
6.800000	0.000000
6.810000	0.000000
6.820000	0.000000
6.830000	0.000000
6.840000	0.000000
6.850000	0.000000
6.860000	0.000000
6.870000	0.000000
6.880000	0.000000
6.890000	0.000000
6.900000	0.000000
6.910000	0.000000
6.920000	0.000000
6.930000	0.000000
6.940000	0.000000
6.950000	0.000000
6.960000	0.000000
6.970000	0.000000
6.980000	0.000000
6.990000	0.000000
