0.000000	0.000000
0.010000	0.000000
0.020000	0.000000
0.030000	0.000000
0.040000	0.000000
0.050000	0.000000
0.060000	0.000000
0.070000	0.000000
0.080000	0.000000
0.090000	0.000000
0.100000	0.000000
0.110000	0.000000
0.120000	0.000000
0.130000	0.000000
0.140000	0.000000
0.150000	0.000000
0.160000	0.000000
0.170000	0.000000
0.180000	0.000000
0.190000	0.000000
0.200000	0.000000
0.210000	0.000000
0.220000	0.000000
0.230000	0.000000
0.240000	0.000000
0.250000	0.000000
0.260000	0.000000
0.270000	0.000000
0.280000	0.000000
0.290000	0.000000
0.300000	0.000000
0.310000	0.000000
0.320000	0.000000
0.330000	0.000000
0.340000	0.000000
0.350000	0.000000
0.360000	0.000000
0.370000	0.000000
0.380000	0.000000
0.390000	0.000000
0.400000	0.000000
0.410000	0.000000
0.420000	0.000000
0.430000	0.000000
0.440000	0.000000
0.450000	0.000000
0.460000	0.000000
0.470000	0.000000
0.480000	0.000000
0.490000	0.000000
0.500000	0.000000
0.510000	0.000000
0.520000	0.000000
0.530000	0.000000
0.540000	0.000000
0.550000	0.000000
0.560000	0.000000
0.570000	0.000000
0.580000	0.000000
0.590000	0.000000
0.600000	0.000000
0.610000	0.000000
0.620000	0.000000
0.630000	0.000000
0.640000	0.000000
0.650000	0.000000
0.660000	0.000000
0.670000	0.000000
0.680000	0.000000
0.690000	0.000000
0.700000	0.000000
0.710000	0.000000
0.720000	0.000000
0.730000	0.000000
0.740000	0.000000
0.750000	0.000000
0.760000	0.000000
0.770000	0.000000
0.780000	0.000000
0.790000	0.000000
0.800000	0.000000
0.810000	0.000000
0.820000	0.000000
0.830000	0.000000
0.840000	0.000000
0.850000	0.000000
0.860000	0.000000
0.870000	0.000000
0.880000	0.000000
0.890000	0.000000
0.900000	0.000000
0.910000	0.000000
0.920000	0.000000
0.930000	0.000000
0.940000	0.000000
0.950000	0.000000
0.960000	0.000000
0.970000	0.000000
0.980000	0.000000
0.990000	0.000000
1.000000	0.001470
1.010000	0.016810
1.020000	0.120890
1.030000	0.671650
1.040000	2.460130
1.050000	6.837570
1.060000	14.657010
1.070000	25.292520
1.080000	36.149560
1.090000	43.916680
1.100000	46.138470
1.110000	43.033680
1.120000	36.037840
1.130000	27.670270
1.140000	19.663220
1.150000	13.185200
1.160000	8.372230
1.170000	5.080430
1.180000	2.993940
1.190000	1.689590
1.200000	0.934010
1.210000	0.511320
1.220000	0.271520
1.230000	0.145910
1.240000	0.076440
1.250000	0.037740
1.260000	0.017200
1.270000	0.009380
1.280000	0.004380
1.290000	0.002630
1.300000	0.000820
1.310000	0.000650
1.320000	0.000760
1.330000	0.001130
1.340000	0.001680
1.350000	0.002790
1.360000	0.004910
1.370000	0.008090
1.380000	0.013760
1.390000	0.020140
1.400000	0.028700
1.410000	0.042960
1.420000	0.066120
1.430000	0.112140
1.440000	0.181740
1.450000	0.289970
1.460000	0.491070
1.470000	0.828900
1.480000	1.386020
1.490000	2.245150
1.500000	3.449920
1.510000	5.045170
1.520000	6.996710
1.530000	9.028960
1.540000	10.865770
1.550000	12.201150
1.560000	12.784510
1.570000	12.476620
1.580000	11.398890
1.590000	9.813620
1.600000	7.826140
1.610000	5.976270
1.620000	4.305570
1.630000	2.952570
1.640000	1.953300
1.650000	1.239410
1.660000	0.771800
1.670000	0.478590
1.680000	0.275300
1.690000	0.170810
1.700000	0.100280
1.710000	0.060520
1.720000	0.036410
1.730000	0.021980
1.740000	0.014900
1.750000	0.010990
1.760000	0.012680
1.770000	0.019880
1.780000	0.047010
1.790000	0.112810
1.800000	0.277350
1.810000	0.663450
1.820000	1.530910
1.830000	3.147390
1.840000	5.971800
1.850000	10.506540
1.860000	16.881970
1.870000	24.915870
1.880000	33.586220
1.890000	41.614810
1.900000	47.285040
1.910000	49.683610
1.920000	48.159060
1.930000	43.405090
1.940000	36.521430
1.950000	28.967710
1.960000	21.495420
1.970000	15.164570
1.980000	10.198480
1.990000	6.519820
2.000000	4.009050
2.010000	2.368700
2.020000	1.353320
2.030000	0.756850
2.040000	0.414120
2.050000	0.215410
2.060000	0.106840
2.070000	0.057940
2.080000	0.038030
2.090000	0.048690
2.100000	0.120560
2.110000	0.321090
2.120000	0.805030
2.130000	1.721920
2.140000	3.339420
2.150000	5.721490
2.160000	8.878700
2.170000	12.530910
2.180000	16.090910
2.190000	19.013490
2.200000	20.621250
2.210000	20.740270
2.220000	19.579600
2.230000	17.303480
2.240000	14.338810
2.250000	11.281760
2.260000	8.437290
2.270000	5.993270
2.280000	4.124230
2.290000	2.730730
2.300000	1.757520
2.310000	1.098790
2.320000	0.706480
2.330000	0.508870
2.340000	0.450050
2.350000	0.551880
2.360000	0.882300
2.370000	1.539870
2.380000	2.602970
2.390000	4.302290
2.400000	6.708560
2.410000	9.978720
2.420000	13.927640
2.430000	18.368110
2.440000	22.720340
2.450000	26.449010
2.460000	28.940180
2.470000	29.789330
2.480000	28.892930
2.490000	26.518840
2.500000	22.956150
2.510000	18.848550
2.520000	14.757110
2.530000	10.989660
2.540000	7.825850
2.550000	5.321440
2.560000	3.464810
2.570000	2.200940
2.580000	1.382900
2.590000	0.873460
2.600000	0.616770
2.610000	0.603180
2.620000	0.823950
2.630000	1.334070
2.640000	2.177340
2.650000	3.387080
2.660000	4.871580
2.670000	6.453420
2.680000	7.930610
2.690000	9.148580
2.700000	9.759980
2.710000	9.737560
2.720000	9.089220
2.730000	7.983770
2.740000	6.611670
2.750000	5.220670
2.760000	3.864160
2.770000	2.745330
2.780000	1.853000
2.790000	1.287320
2.800000	1.040580
2.810000	1.142390
2.820000	1.708930
2.830000	2.954030
2.840000	5.124730
2.850000	8.495330
2.860000	13.263870
2.870000	19.259110
2.880000	26.134240
2.890000	33.133540
2.900000	39.281610
2.910000	43.642980
2.920000	45.728350
2.930000	45.138920
2.940000	42.139820
2.950000	37.023910
2.960000	31.116280
2.970000	24.853140
2.980000	18.960390
2.990000	13.882780
3.000000	9.833380
3.010000	6.755130
3.020000	4.557250
3.030000	3.139450
3.040000	2.321940
3.050000	1.969540
3.060000	1.983810
3.070000	2.276140
3.080000	2.708420
3.090000	3.221520
3.100000	3.776390
3.110000	4.212660
3.120000	4.472630
3.130000	4.542470
3.140000	4.387700
3.150000	4.015740
3.160000	3.516050
3.170000	2.951080
3.180000	2.427500
3.190000	2.013330
3.200000	1.808320
3.210000	1.854320
3.220000	2.305980
3.230000	3.245580
3.240000	4.763420
3.250000	6.863210
3.260000	9.563280
3.270000	12.717760
3.280000	15.912950
3.290000	18.867270
3.300000	21.122130
3.310000	22.474710
3.320000	22.627940
3.330000	21.767820
3.340000	19.771090
3.350000	17.187750
3.360000	14.331980
3.370000	11.456140
3.380000	8.949520
3.390000	6.920970
3.400000	5.446090
3.410000	4.695480
3.420000	4.601560
3.430000	5.134230
3.440000	6.176760
3.450000	7.502870
3.460000	9.120060
3.470000	10.581720
3.480000	11.798500
3.490000	12.487330
3.500000	12.625770
3.510000	12.098610
3.520000	11.121870
3.530000	9.776300
3.540000	8.202630
3.550000	6.693080
3.560000	5.410210
3.570000	4.447910
3.580000	3.893300
3.590000	3.793790
3.600000	4.179110
3.610000	5.000950
3.620000	6.106500
3.630000	7.423610
3.640000	8.676780
3.650000	9.762260
3.660000	10.440900
3.670000	10.658570
3.680000	10.329450
3.690000	9.573920
3.700000	8.529720
3.710000	7.311080
3.720000	6.102930
3.730000	5.037790
3.740000	4.223060
3.750000	3.770010
3.760000	3.641950
3.770000	3.893120
3.780000	4.419530
3.790000	5.131500
3.800000	5.952670
3.810000	6.745080
3.820000	7.266010
3.830000	7.479780
3.840000	7.369230
3.850000	6.991610
3.860000	6.450470
3.870000	5.853250
3.880000	5.344430
3.890000	5.085640
3.900000	5.294030
3.910000	6.018010
3.920000	7.352070
3.930000	9.161690
3.940000	11.368170
3.950000	13.859310
3.960000	16.239830
3.970000	18.238970
3.980000	19.675110
3.990000	20.231030
4.000000	19.905090
4.010000	18.721140
4.020000	16.868400
4.030000	14.591580
4.040000	12.155040
4.050000	9.709570
4.060000	7.480530
4.070000	5.590170
4.080000	4.035980
4.090000	2.810240
4.100000	1.915100
4.110000	1.271610
4.120000	0.790960
4.130000	0.504610
4.140000	0.335650
4.150000	0.239340
4.160000	0.237890
4.170000	0.315580
4.180000	0.478960
4.190000	0.761010
4.200000	1.179520
4.210000	1.762510
4.220000	2.547310
4.230000	3.413050
4.240000	4.421410
4.250000	5.473720
4.260000	6.460910
4.270000	7.288060
4.280000	7.846560
4.290000	8.057910
4.300000	7.893110
4.310000	7.475690
4.320000	6.763720
4.330000	5.890710
4.340000	4.972830
4.350000	4.118830
4.360000	3.406780
4.370000	2.781210
4.380000	2.328940
4.390000	2.027670
4.400000	1.857650
4.410000	1.746420
4.420000	1.668790
4.430000	1.599590
4.440000	1.551280
4.450000	1.490110
4.460000	1.388640
4.470000	1.306380
4.480000	1.259970
4.490000	1.237330
4.500000	1.253660
4.510000	1.345170
4.520000	1.486080
4.530000	1.630130
4.540000	1.794340
4.550000	1.923960
4.560000	2.016300
4.570000	2.039120
4.580000	2.007700
4.590000	1.915680
4.600000	1.765660
4.610000	1.592590
4.620000	1.389650
4.630000	1.222010
4.640000	1.109350
4.650000	1.024340
4.660000	0.977240
4.670000	0.953280
4.680000	0.981960
4.690000	1.002480
4.700000	1.025070
4.710000	1.038840
4.720000	1.039850
4.730000	1.023770
4.740000	1.033520
4.750000	1.082750
4.760000	1.147980
4.770000	1.222460
4.780000	1.331040
4.790000	1.458290
4.800000	1.610100
4.810000	1.797540
4.820000	1.898910
4.830000	1.979380
4.840000	1.986610
4.850000	1.954120
4.860000	1.873740
4.870000	1.724980
4.880000	1.581190
4.890000	1.436520
4.900000	1.338720
4.910000	1.255040
4.920000	1.179130
4.930000	1.144410
4.940000	1.130240
4.950000	1.115040
4.960000	1.094790
4.970000	1.048750
4.980000	0.967760
4.990000	0.861030
5.000000	0.762900
5.010000	0.643350
5.020000	0.517800
5.030000	0.411730
5.040000	0.294360
5.050000	0.219540
5.060000	0.156550
5.070000	0.101630
5.080000	0.067340
5.090000	0.043500
5.100000	0.027280
5.110000	0.016840
5.120000	0.010920
5.130000	0.006840
5.140000	0.003070
5.150000	0.001310
5.160000	0.000610
5.170000	0.000230
5.180000	0.000050
5.190000	0.000080
5.200000	0.000100
5.210000	0.000000
5.220000	0.000000
5.230000	0.000000
5.240000	0.000000
5.250000	0.000000
5.260000	0.000000
5.270000	0.000000
5.280000	0.000000
5.290000	0.000000
5.300000	0.000000
5.310000	0.000000
5.320000	0.000000
5.330000	0.000000
5.340000	0.000000
5.350000	0.000000
5.360000	0.000000
5.370000	0.000000
5.380000	0.000000
5.390000	0.000000
5.400000	0.000000
5.410000	0.000000
5.420000	0.000000
5.430000	0.000000
5.440000	0.000000
5.450000	0.000000
5.460000	0.000000
5.470000	0.000000
5.480000	0.000000
5.490000	0.000000
5.500000	0.000000
5.510000	0.000000
5.520000	0.000000
5.530000	0.000000
5.540000	0.000000
5.550000	0.000000
5.560000	0.000000
5.570000	0.000000
5.580000	0.000000
5.590000	0.000000
5.600000	0.000000
5.610000	0.000000
5.620000	0.000000
5.630000	0.000000
5.640000	0.000000
5.650000	0.000000
5.660000	0.000000
5.670000	0.000000
5.680000	0.000000
5.690000	0.000000
5.700000	0.000000
5.710000	0.000000
5.720000	0.000000
5.730000	0.000000
5.740000	0.000000
5.750000	0.000000
5.760000	0.000000
5.770000	0.000000
5.780000	0.000000
5.790000	0.000000
5.800000	0.000000
5.810000	0.000000
5.820000	0.000000
5.830000	0.000000
5.840000	0.000000
5.850000	0.000000
5.860000	0.000000
5.870000	0.000000
5.880000	0.000000
5.890000	0.000000
5.900000	0.000000
5.910000	0.000000
5.920000	0.000000
5.930000	0.000000
5.940000	0.000000
5.950000	0.000000
5.960000	0.000000
5.970000	0.000000
5.980000	0.000000
5.990000	0.000000
6.000000	0.000000
6.010000	0.000000
6.020000	0.000000
6.030000	0.000000
6.040000	0.000000
6.050000	0.000000
6.060000	0.000000
6.070000	0.000000
6.080000	0.000000
6.090000	0.000000
6.100000	0.000000
6.110000	0.000000
6.120000	0.000000
6.130000	0.000000
6.140000	0.000000
6.150000	0.000000
6.160000	0.000000
6.170000	0.000000
6.180000	0.000000
6.190000	0.000000
6.200000	0.000000
6.210000	0.000000
6.220000	0.000000
6.230000	0.000000
6.240000	0.000000
6.250000	0.000000
6.260000	0.000000
6.270000	0.000000
6.280000	0.000000
6.290000	0.000000
6.300000	0.000000
6.310000	0.000000
6.320000	0.000000
6.330000	0.000000
6.340000	0.000000
6.350000	0.000000
6.360000	0.000000
6.370000	0.000000
6.380000	0.000000
6.390000	0.000000
6.400000	0.000000
6.410000	0.000000
6.420000	0.000000
6.430000	0.000000
6.440000	0.000000
6.450000	0.000000
6.460000	0.000000
6.470000	0.000000
6.480000	0.000000
6.490000	0.000000
6.500000	0.000000
6.510000	0.000000
6.520000	0.000000
6.530000	0.000000
6.540000	0.000000
6.550000	0.000000
6.560000	0.000000
6.570000	0.000000
6.580000	0.000000
6.590000	0.000000
6.600000	0.000000
6.610000	0.000000
6.620000	0.000000
6.630000	0.000000
6.640000	0.000000
6.650000	0.000000
6.660000	0.000000
6.670000	0.000000
6.680000	0.000000
6.690000	0.000000
6.700000	0.000000
6.710000	0.000000
6.720000	0.000000
6.730000	0.000000
6.740000	0.000000
6.750000	0.000000
6.760000	0.000000
6.770000	0.000000
6.780000	0.000000
6.790000	0.000000
6.800000	0.000000
6.810000	0.000000
6.820000	0.000000
6.830000	0.000000
6.840000	0.000000
6.850000	0.000000
6.860000	0.000000
6.870000	0.000000
6.880000	0.000000
6.890000	0.000000
6.900000	0.000000
6.910000	0.000000
6.920000	0.000000
6.930000	0.000000
6.940000	0.000000
6.950000	0.000000
6.960000	0.000000
6.970000	0.000000
6.980000	0.000000
6.990000	0.000000
