0.000000	0.000000
0.010000	0.000000
0.020000	0.000000
0.030000	0.000000
0.040000	0.000000
0.050000	0.000000
0.060000	0.000000
0.070000	0.000000
0.080000	0.000000
0.090000	0.000000
0.100000	0.000000
0.110000	0.000000
0.120000	0.000000
0.130000	0.000000
0.140000	0.000000
0.150000	0.000000
0.160000	0.000000
0.170000	0.000000
0.180000	0.000000
0.190000	0.000000
0.200000	0.000000
0.210000	0.000000
0.220000	0.000000
0.230000	0.000000
0.240000	0.000000
0.250000	0.000000
0.260000	0.000000
0.270000	0.000000
0.280000	0.000000
0.290000	0.000000
0.300000	0.000000
0.310000	0.000000
0.320000	0.000000
0.330000	0.000000
0.340000	0.000000
0.350000	0.000000
0.360000	0.000000
0.370000	0.000000
0.380000	0.000000
0.390000	0.000000
0.400000	0.000000
0.410000	0.000000
0.420000	0.000000
0.430000	0.000000
0.440000	0.000000
0.450000	0.000000
0.460000	0.000000
0.470000	0.000000
0.480000	0.000000
0.490000	0.000000
0.500000	0.000000
0.510000	0.000000
0.520000	0.000000
0.530000	0.000000
0.540000	0.000000
0.550000	0.000000
0.560000	0.000000
0.570000	0.000000
0.580000	0.000000
0.590000	0.000000
0.600000	0.000000
0.610000	0.000000
0.620000	0.000000
0.630000	0.000000
0.640000	0.000000
0.650000	0.000000
0.660000	0.000000
0.670000	0.000000
0.680000	0.000000
0.690000	0.000000
0.700000	0.000000
0.710000	0.000000
0.720000	0.000000
0.730000	0.000000
0.740000	0.000000
0.750000	0.000000
0.760000	0.000000
0.770000	0.000000
0.780000	0.000000
0.790000	0.000000
0.800000	0.000000
0.810000	0.000000
0.820000	0.000000
0.830000	0.000000
0.840000	0.000000
0.850000	0.000000
0.860000	0.000000
0.870000	0.000000
0.880000	0.000000
0.890000	0.000000
0.900000	0.000000
0.910000	0.000000
0.920000	0.000000
0.930000	0.000000
0.940000	0.000000
0.950000	0.000000
0.960000	0.000000
0.970000	0.000000
0.980000	0.000000
0.990000	0.000000
1.000000	0.000080
1.010000	0.001500
1.020000	0.025730
1.030000	0.225280
1.040000	1.233010
1.050000	4.561220
1.060000	12.278820
1.070000	24.792470
1.080000	39.040470
1.090000	49.681320
1.100000	52.740310
1.110000	47.827710
1.120000	37.889290
1.130000	26.822010
1.140000	17.237110
1.150000	10.190600
1.160000	5.684360
1.170000	2.973500
1.180000	1.497340
1.190000	0.715270
1.200000	0.327590
1.210000	0.148280
1.220000	0.066160
1.230000	0.025200
1.240000	0.009400
1.250000	0.003760
1.260000	0.001250
1.270000	0.000540
1.280000	0.000420
1.290000	0.000000
1.300000	0.000000
1.310000	0.000000
1.320000	0.000000
1.330000	0.000000
1.340000	0.000000
1.350000	0.000460
1.360000	0.000300
1.370000	0.000700
1.380000	0.001030
1.390000	0.002700
1.400000	0.005470
1.410000	0.009360
1.420000	0.016910
1.430000	0.033530
1.440000	0.065470
1.450000	0.126990
1.460000	0.245990
1.470000	0.479660
1.480000	0.913840
1.490000	1.692170
1.500000	2.943050
1.510000	4.836590
1.520000	7.246050
1.530000	9.928440
1.540000	12.440190
1.550000	14.228070
1.560000	14.768020
1.570000	14.071780
1.580000	12.268200
1.590000	9.823910
1.600000	7.274910
1.610000	5.008170
1.620000	3.229390
1.630000	1.947470
1.640000	1.128210
1.650000	0.610890
1.660000	0.317830
1.670000	0.166000
1.680000	0.083720
1.690000	0.040690
1.700000	0.020090
1.710000	0.012820
1.720000	0.006160
1.730000	0.002920
1.740000	0.001190
1.750000	0.000530
1.760000	0.000470
1.770000	0.001720
1.780000	0.005620
1.790000	0.022450
1.800000	0.073860
1.810000	0.234920
1.820000	0.672270
1.830000	1.741220
1.840000	4.057620
1.850000	8.426920
1.860000	15.474770
1.870000	25.266120
1.880000	36.645810
1.890000	47.347840
1.900000	54.816400
1.910000	57.099540
1.920000	53.903930
1.930000	46.146420
1.940000	36.194360
1.950000	26.128220
1.960000	17.538090
1.970000	10.927210
1.980000	6.334350
1.990000	3.506180
2.000000	1.814730
2.010000	0.905830
2.020000	0.413740
2.030000	0.179210
2.040000	0.073080
2.050000	0.028830
2.060000	0.012150
2.070000	0.004160
2.080000	0.002920
2.090000	0.007770
2.100000	0.034400
2.110000	0.117360
2.120000	0.376910
2.130000	1.041200
2.140000	2.405160
2.150000	4.888240
2.160000	8.557740
2.170000	13.202370
2.180000	18.038410
2.190000	21.914830
2.200000	23.949810
2.210000	23.773640
2.220000	21.456300
2.230000	17.897710
2.240000	13.828690
2.250000	9.931600
2.260000	6.686990
2.270000	4.264850
2.280000	2.573820
2.290000	1.450870
2.300000	0.796200
2.310000	0.419210
2.320000	0.217330
2.330000	0.122230
2.340000	0.104090
2.350000	0.168040
2.360000	0.361920
2.370000	0.760060
2.380000	1.581080
2.390000	3.073930
2.400000	5.546550
2.410000	9.211340
2.420000	14.230900
2.430000	20.001330
2.440000	25.872520
2.450000	30.921890
2.460000	34.072700
2.470000	34.393170
2.480000	32.272990
2.490000	28.124520
2.500000	22.727330
2.510000	17.219890
2.520000	12.121760
2.530000	8.039410
2.540000	4.994010
2.550000	2.932370
2.560000	1.626840
2.570000	0.866450
2.580000	0.445530
2.590000	0.232040
2.600000	0.164640
2.610000	0.231300
2.620000	0.458960
2.630000	0.953450
2.640000	1.854760
2.650000	3.206020
2.660000	5.043960
2.670000	7.121290
2.680000	9.062120
2.690000	10.587180
2.700000	11.212770
2.710000	10.905890
2.720000	9.797600
2.730000	8.125870
2.740000	6.184600
2.750000	4.397200
2.760000	2.892440
2.770000	1.797910
2.780000	1.044940
2.790000	0.601790
2.800000	0.388590
2.810000	0.415650
2.820000	0.752360
2.830000	1.665860
2.840000	3.482460
2.850000	6.798080
2.860000	11.995710
2.870000	19.182950
2.880000	28.044730
2.890000	37.393700
2.900000	45.664980
2.910000	51.381010
2.920000	53.133640
2.930000	50.745110
2.940000	45.169820
2.950000	37.334480
2.960000	28.894060
2.970000	21.053820
2.980000	14.454300
2.990000	9.415600
3.000000	5.805170
3.010000	3.468350
3.020000	2.030800
3.030000	1.249250
3.040000	0.972650
3.050000	1.041460
3.060000	1.397020
3.070000	1.976380
3.080000	2.738330
3.090000	3.599800
3.100000	4.409280
3.110000	5.001610
3.120000	5.306000
3.130000	5.249360
3.140000	4.803770
3.150000	4.179540
3.160000	3.368700
3.170000	2.591810
3.180000	1.913510
3.190000	1.340070
3.200000	1.000000
3.210000	0.974380
3.220000	1.309480
3.230000	2.168980
3.240000	3.790200
3.250000	6.225990
3.260000	9.601390
3.270000	13.685890
3.280000	18.117650
3.290000	22.169120
3.300000	25.036840
3.310000	26.382680
3.320000	25.969650
3.330000	23.812980
3.340000	20.379440
3.350000	16.444550
3.360000	12.500040
3.370000	9.031830
3.380000	6.238510
3.390000	4.232670
3.400000	3.054000
3.410000	2.648290
3.420000	3.004940
3.430000	4.074720
3.440000	5.767350
3.450000	7.857120
3.460000	10.184600
3.470000	12.356740
3.480000	13.923750
3.490000	14.622190
3.500000	14.432250
3.510000	13.313450
3.520000	11.550330
3.530000	9.437830
3.540000	7.309400
3.550000	5.415860
3.560000	3.892850
3.570000	2.876370
3.580000	2.419420
3.590000	2.534170
3.600000	3.261460
3.610000	4.510360
3.620000	6.200640
3.630000	8.118250
3.640000	9.860350
3.650000	11.215200
3.660000	11.998810
3.670000	12.027280
3.680000	11.327680
3.690000	10.064410
3.700000	8.415070
3.710000	6.710430
3.720000	5.063390
3.730000	3.750110
3.740000	2.912010
3.750000	2.512730
3.760000	2.632650
3.770000	3.212430
3.780000	4.190530
3.790000	5.434810
3.800000	6.703100
3.810000	7.751810
3.820000	8.384080
3.830000	8.532600
3.840000	8.107490
3.850000	7.338030
3.860000	6.263200
3.870000	5.161970
3.880000	4.237020
3.890000	3.682980
3.900000	3.759380
3.910000	4.609570
3.920000	6.267410
3.930000	8.805310
3.940000	12.059990
3.950000	15.625720
3.960000	19.034940
3.970000	21.789530
3.980000	23.434590
3.990000	23.627710
4.000000	22.398540
4.010000	19.972860
4.020000	16.793490
4.030000	13.481410
4.040000	10.247700
4.050000	7.378470
4.060000	5.020880
4.070000	3.273500
4.080000	2.072070
4.090000	1.228530
4.100000	0.692530
4.110000	0.378080
4.120000	0.208650
4.130000	0.108370
4.140000	0.061820
4.150000	0.050110
4.160000	0.069720
4.170000	0.137180
4.180000	0.274980
4.190000	0.534760
4.200000	0.953850
4.210000	1.611510
4.220000	2.516440
4.230000	3.635800
4.240000	4.994930
4.250000	6.384540
4.260000	7.707880
4.270000	8.721520
4.280000	9.247600
4.290000	9.237860
4.300000	8.727740
4.310000	7.793520
4.320000	6.587300
4.330000	5.334690
4.340000	4.102630
4.350000	3.101660
4.360000	2.365280
4.370000	1.878500
4.380000	1.634550
4.390000	1.579820
4.400000	1.595130
4.410000	1.664230
4.420000	1.721250
4.430000	1.733230
4.440000	1.665710
4.450000	1.520810
4.460000	1.345130
4.470000	1.186830
4.480000	1.077900
4.490000	1.032870
4.500000	1.075680
4.510000	1.229190
4.520000	1.460450
4.530000	1.723650
4.540000	2.001840
4.550000	2.208330
4.560000	2.309380
4.570000	2.304900
4.580000	2.167740
4.590000	1.948050
4.600000	1.699360
4.610000	1.405220
4.620000	1.150000
4.630000	0.988720
4.640000	0.887290
4.650000	0.837660
4.660000	0.862270
4.670000	0.935440
4.680000	1.011300
4.690000	1.088710
4.700000	1.127890
4.710000	1.128760
4.720000	1.102000
4.730000	1.033170
4.740000	0.981060
4.750000	0.953710
4.760000	0.992780
4.770000	1.134350
4.780000	1.311110
4.790000	1.565220
4.800000	1.821590
4.810000	2.045820
4.820000	2.190650
4.830000	2.240290
4.840000	2.215190
4.850000	2.089020
4.860000	1.861870
4.870000	1.613630
4.880000	1.381480
4.890000	1.222330
4.900000	1.110730
4.910000	1.062610
4.920000	1.057280
4.930000	1.094740
4.940000	1.135640
4.950000	1.186410
4.960000	1.193060
4.970000	1.103200
4.980000	0.996060
4.990000	0.833380
5.000000	0.663560
5.010000	0.514400
5.020000	0.378020
5.030000	0.255940
5.040000	0.168050
5.050000	0.102760
5.060000	0.061970
5.070000	0.035230
5.080000	0.017610
5.090000	0.011380
5.100000	0.006060
5.110000	0.003140
5.120000	0.001200
5.130000	0.000750
5.140000	0.000420
5.150000	0.000050
5.160000	0.000040
5.170000	0.000060
5.180000	0.000060
5.190000	0.000090
5.200000	0.000120
5.210000	0.000000
5.220000	0.000000
5.230000	0.000000
5.240000	0.000000
5.250000	0.000000
5.260000	0.000000
5.270000	0.000000
5.280000	0.000000
5.290000	0.000000
5.300000	0.000000
5.310000	0.000000
5.320000	0.000000
5.330000	0.000000
5.340000	0.000000
5.350000	0.000000
5.360000	0.000000
5.370000	0.000000
5.380000	0.000000
5.390000	0.000000
5.400000	0.000000
5.410000	0.000000
5.420000	0.000000
5.430000	0.000000
5.440000	0.000000
5.450000	0.000000
5.460000	0.000000
5.470000	0.000000
5.480000	0.000000
5.490000	0.000000
5.500000	0.000000
5.510000	0.000000
5.520000	0.000000
5.530000	0.000000
5.540000	0.000000
5.550000	0.000000
5.560000	0.000000
5.570000	0.000000
5.580000	0.000000
5.590000	0.000000
5.600000	0.000000
5.610000	0.000000
5.620000	0.000000
5.630000	0.000000
5.640000	0.000000
5.650000	0.000000
5.660000	0.000000
5.670000	0.000000
5.680000	0.000000
5.690000	0.000000
5.700000	0.000000
5.710000	0.000000
5.720000	0.000000
5.730000	0.000000
5.740000	0.000000
5.750000	0.000000
5.760000	0.000000
5.770000	0.000000
5.780000	0.000000
5.790000	0.000000
5.800000	0.000000
5.810000	0.000000
5.820000	0.000000
5.830000	0.000000
5.840000	0.000000
5.850000	0.000000
5.860000	0.000000
5.870000	0.000000
5.880000	0.000000
5.890000	0.000000
5.900000	0.000000
5.910000	0.000000
5.920000	0.000000
5.930000	0.000000
5.940000	0.000000
5.950000	0.000000
5.960000	0.000000
5.970000	0.000000
5.980000	0.000000
5.990000	0.000000
6.000000	0.000000
6.010000	0.000000
6.020000	0.000000
6.030000	0.000000
6.040000	0.000000
6.050000	0.000000
6.060000	0.000000
6.070000	0.000000
6.080000	0.000000
6.090000	0.000000
6.100000	0.000000
6.110000	0.000000
6.120000	0.000000
6.130000	0.000000
6.140000	0.000000
6.150000	0.000000
6.160000	0.000000
6.170000	0.000000
6.180000	0.000000
6.190000	0.000000
6.200000	0.000000
6.210000	0.000000
6.220000	0.000000
6.230000	0.000000
6.240000	0.000000
6.250000	0.000000
6.260000	0.000000
6.270000	0.000000
6.280000	0.000000
6.290000	0.000000
6.300000	0.000000
6.310000	0.000000
6.320000	0.000000
6.330000	0.000000
6.340000	0.000000
6.350000	0.000000
6.360000	0.000000
6.370000	0.000000
6.380000	0.000000
6.390000	0.000000
6.400000	0.000000
6.410000	0.000000
6.420000	0.000000
6.430000	0.000000
6.440000	0.000000
6.450000	0.000000
6.460000	0.000000
6.470000	0.000000
6.480000	0.000000
6.490000	0.000000
6.500000	0.000000
6.510000	0.000000
6.520000	0.000000
6.530000	0.000000
6.540000	0.000000
6.550000	0.000000
6.560000	0.000000
6.570000	0.000000
6.580000	0.000000
6.590000	0.000000
6.600000	0.000000
6.610000	0.000000
6.620000	0.000000
6.630000	0.000000
6.640000	0.000000
6.650000	0.000000
6.660000	0.000000
6.670000	0.000000
6.680000	0.000000
6.690000	0.000000
6.700000	0.000000
6.710000	0.000000
6.720000	0.000000
6.730000	0.000000
6.740000	0.000000
6.750000	0.000000
6.760000	0.000000
6.770000	0.000000
6.780000	0.000000
6.790000	0.000000
6.800000	0.000000
6.810000	0.000000
6.820000	0.000000
6.830000	0.000000
6.840000	0.000000
6.850000	0.000000
6.860000	0.000000
6.870000	0.000000
6.880000	0.000000
6.890000	0.000000
6.900000	0.000000
6.910000	0.000000
6.920000	0.000000
6.930000	0.000000
6.940000	0.000000
6.950000	0.000000
6.960000	0.000000
6.970000	0.000000
6.980000	0.000000
6.990000	0.000000
