0.000000	0.000000
0.010000	0.000000
0.020000	0.000000
0.030000	0.000000
0.040000	0.000000
0.050000	0.000000
0.060000	0.000000
0.070000	0.000000
0.080000	0.000000
0.090000	0.000000
0.100000	0.000000
0.110000	0.000000
0.120000	0.000000
0.130000	0.000000
0.140000	0.000000
0.150000	0.000000
0.160000	0.000000
0.170000	0.000000
0.180000	0.000000
0.190000	0.000000
0.200000	0.000000
0.210000	0.000000
0.220000	0.000000
0.230000	0.000000
0.240000	0.000000
0.250000	0.000000
0.260000	0.000000
0.270000	0.000000
0.280000	0.000000
0.290000	0.000000
0.300000	0.000000
0.310000	0.000000
0.320000	0.000000
0.330000	0.000000
0.340000	0.000000
0.350000	0.000000
0.360000	0.000000
0.370000	0.000000
0.380000	0.000000
0.390000	0.000000
0.400000	0.000000
0.410000	0.000000
0.420000	0.000000
0.430000	0.000000
0.440000	0.000000
0.450000	0.000000
0.460000	0.000000
0.470000	0.000000
0.480000	0.000000
0.490000	0.000000
0.500000	0.000000
0.510000	0.000000
0.520000	0.000000
0.530000	0.000000
0.540000	0.000000
0.550000	0.000000
0.560000	0.000000
0.570000	0.000000
0.580000	0.000000
0.590000	0.000000
0.600000	0.000000
0.610000	0.000000
0.620000	0.000000
0.630000	0.000000
0.640000	0.000000
0.650000	0.000000
0.660000	0.000000
0.670000	0.000000
0.680000	0.000000
0.690000	0.000000
0.700000	0.000000
0.710000	0.000000
0.720000	0.000000
0.730000	0.000000
0.740000	0.000000
0.750000	0.000000
0.760000	0.000000
0.770000	0.000000
0.780000	0.000000
0.790000	0.000000
0.800000	0.000000
0.810000	0.000000
0.820000	0.000000
0.830000	0.000000
0.840000	0.000000
0.850000	0.000000
0.860000	0.000000
0.870000	0.000000
0.880000	0.000000
0.890000	0.000000
0.900000	0.000000
0.910000	0.000000
0.920000	0.000000
0.930000	0.000000
0.940000	0.000000
0.950000	0.000000
0.960000	0.000540
0.970000	0.004230
0.980000	0.029340
0.990000	0.124590
1.000000	0.412950
1.010000	1.105330
1.020000	2.509760
1.030000	4.840870
1.040000	8.135810
1.050000	12.212450
1.060000	16.654170
1.070000	20.817210
1.080000	24.186100
1.090000	26.444150
1.100000	27.327230
1.110000	26.933910
1.120000	25.543190
1.130000	23.370530
1.140000	20.821880
1.150000	17.967250
1.160000	15.197740
1.170000	12.673210
1.180000	10.300200
1.190000	8.328770
1.200000	6.641490
1.210000	5.267140
1.220000	4.132860
1.230000	3.212680
1.240000	2.507200
1.250000	1.950010
1.260000	1.496240
1.270000	1.166650
1.280000	0.901620
1.290000	0.704030
1.300000	0.557790
1.310000	0.450230
1.320000	0.367760
1.330000	0.305120
1.340000	0.262400
1.350000	0.234390
1.360000	0.225840
1.370000	0.231860
1.380000	0.253100
1.390000	0.302430
1.400000	0.354600
1.410000	0.444590
1.420000	0.570370
1.430000	0.739060
1.440000	0.950250
1.450000	1.203400
1.460000	1.536930
1.470000	1.941470
1.480000	2.416250
1.490000	2.953360
1.500000	3.551530
1.510000	4.194350
1.520000	4.831170
1.530000	5.487610
1.540000	6.132630
1.550000	6.586510
1.560000	6.946550
1.570000	7.161940
1.580000	7.255020
1.590000	7.157850
1.600000	6.882870
1.610000	6.506040
1.620000	6.009000
1.630000	5.427930
1.640000	4.798420
1.650000	4.159980
1.660000	3.561840
1.670000	2.976720
1.680000	2.486080
1.690000	2.045430
1.700000	1.684760
1.710000	1.373260
1.720000	1.143270
1.730000	0.975930
1.740000	0.878360
1.750000	0.858720
1.760000	0.940830
1.770000	1.139310
1.780000	1.513890
1.790000	2.085900
1.800000	2.923040
1.810000	4.065820
1.820000	5.568550
1.830000	7.411100
1.840000	9.649380
1.850000	12.253070
1.860000	15.079670
1.870000	18.073800
1.880000	20.930240
1.890000	23.652360
1.900000	25.885650
1.910000	27.476330
1.920000	28.370400
1.930000	28.467340
1.940000	27.831180
1.950000	26.516730
1.960000	24.794050
1.970000	22.643100
1.980000	20.270360
1.990000	17.711740
2.000000	15.301460
2.010000	12.948160
2.020000	10.807290
2.030000	8.893280
2.040000	7.266400
2.050000	5.873150
2.060000	4.756370
2.070000	3.901180
2.080000	3.311500
2.090000	2.985210
2.100000	2.920210
2.110000	3.103900
2.120000	3.558050
2.130000	4.254380
2.140000	5.197750
2.150000	6.284730
2.160000	7.438840
2.170000	8.669980
2.180000	9.824710
2.190000	10.798990
2.200000	11.465120
2.210000	11.945610
2.220000	12.137470
2.230000	11.987020
2.240000	11.620330
2.250000	11.104450
2.260000	10.362950
2.270000	9.509510
2.280000	8.602500
2.290000	7.704890
2.300000	6.873090
2.310000	6.136360
2.320000	5.582540
2.330000	5.152670
2.340000	4.893140
2.350000	4.848250
2.360000	5.028620
2.370000	5.423860
2.380000	6.015630
2.390000	6.863130
2.400000	7.893970
2.410000	9.069620
2.420000	10.336470
2.430000	11.669630
2.440000	12.924590
2.450000	14.158090
2.460000	15.203290
2.470000	16.015710
2.480000	16.638100
2.490000	16.910650
2.500000	16.825630
2.510000	16.522340
2.520000	15.848570
2.530000	14.962740
2.540000	13.854980
2.550000	12.654930
2.560000	11.431600
2.570000	10.161810
2.580000	8.965670
2.590000	7.867140
2.600000	6.928770
2.610000	6.140800
2.620000	5.570600
2.630000	5.179460
2.640000	4.971080
2.650000	4.935570
2.660000	5.012680
2.670000	5.155200
2.680000	5.406160
2.690000	5.608580
2.700000	5.791820
2.710000	5.953200
2.720000	6.052390
2.730000	6.048280
2.740000	5.984030
2.750000	5.821940
2.760000	5.654280
2.770000	5.497890
2.780000	5.396900
2.790000	5.434490
2.800000	5.662850
2.810000	6.115740
2.820000	6.845980
2.830000	7.839130
2.840000	9.115790
2.850000	10.741520
2.860000	12.619220
2.870000	14.658350
2.880000	16.853050
2.890000	19.144370
2.900000	21.237220
2.910000	23.110520
2.920000	24.606270
2.930000	25.632950
2.940000	26.208580
2.950000	26.258480
2.960000	25.967400
2.970000	25.074070
2.980000	23.829750
2.990000	22.320870
3.000000	20.570140
3.010000	18.786900
3.020000	16.860160
3.030000	14.990280
3.040000	13.234080
3.050000	11.622910
3.060000	10.185120
3.070000	8.856270
3.080000	7.798400
3.090000	6.879690
3.100000	6.138210
3.110000	5.536910
3.120000	5.082360
3.130000	4.701910
3.140000	4.446730
3.150000	4.256890
3.160000	4.113740
3.170000	4.079490
3.180000	4.115680
3.190000	4.203810
3.200000	4.413490
3.210000	4.701100
3.220000	5.112380
3.230000	5.600420
3.240000	6.238430
3.250000	6.973930
3.260000	7.793470
3.270000	8.676000
3.280000	9.567210
3.290000	10.486190
3.300000	11.271630
3.310000	12.032020
3.320000	12.598000
3.330000	13.011970
3.340000	13.291780
3.350000	13.430760
3.360000	13.396770
3.370000	13.243670
3.380000	12.897650
3.390000	12.471410
3.400000	11.968230
3.410000	11.454830
3.420000	10.981010
3.430000	10.530750
3.440000	10.168270
3.450000	9.809220
3.460000	9.597330
3.470000	9.426660
3.480000	9.286210
3.490000	9.150130
3.500000	9.031930
3.510000	8.920320
3.520000	8.766750
3.530000	8.670120
3.540000	8.504350
3.550000	8.322680
3.560000	8.101970
3.570000	7.910530
3.580000	7.740790
3.590000	7.559000
3.600000	7.457290
3.610000	7.385870
3.620000	7.337860
3.630000	7.349990
3.640000	7.386330
3.650000	7.434670
3.660000	7.472910
3.670000	7.497080
3.680000	7.441120
3.690000	7.484930
3.700000	7.397900
3.710000	7.272630
3.720000	7.149880
3.730000	6.978710
3.740000	6.791880
3.750000	6.643010
3.760000	6.508030
3.770000	6.376110
3.780000	6.258730
3.790000	6.172170
3.800000	6.116510
3.810000	6.097800
3.820000	6.098060
3.830000	6.176400
3.840000	6.239090
3.850000	6.343970
3.860000	6.467080
3.870000	6.604010
3.880000	6.804420
3.890000	7.090250
3.900000	7.411520
3.910000	7.743860
3.920000	8.107850
3.930000	8.611380
3.940000	9.121320
3.950000	9.654010
3.960000	10.192240
3.970000	10.702940
3.980000	11.153000
3.990000	11.591800
4.000000	11.866230
4.010000	12.056030
4.020000	12.189110
4.030000	12.061650
4.040000	11.837460
4.050000	11.506990
4.060000	11.030320
4.070000	10.451570
4.080000	9.781810
4.090000	9.053070
4.100000	8.270690
4.110000	7.487570
4.120000	6.754680
4.130000	6.061140
4.140000	5.352630
4.150000	4.769090
4.160000	4.247050
4.170000	3.801090
4.180000	3.464510
4.190000	3.220370
4.200000	3.060590
4.210000	2.978480
4.220000	2.978410
4.230000	3.053540
4.240000	3.207530
4.250000	3.356120
4.260000	3.561760
4.270000	3.800190
4.280000	4.015460
4.290000	4.230720
4.300000	4.395530
4.310000	4.572190
4.320000	4.706400
4.330000	4.768450
4.340000	4.775800
4.350000	4.757760
4.360000	4.693720
4.370000	4.551550
4.380000	4.365920
4.390000	4.145590
4.400000	3.928010
4.410000	3.713590
4.420000	3.475230
4.430000	3.200900
4.440000	2.982340
4.450000	2.760730
4.460000	2.571250
4.470000	2.414420
4.480000	2.247790
4.490000	2.118040
4.500000	2.007450
4.510000	1.902780
4.520000	1.821260
4.530000	1.765700
4.540000	1.720830
4.550000	1.679920
4.560000	1.653500
4.570000	1.634140
4.580000	1.627980
4.590000	1.605130
4.600000	1.607910
4.610000	1.577360
4.620000	1.562450
4.630000	1.512130
4.640000	1.479280
4.650000	1.442980
4.660000	1.400480
4.670000	1.362340
4.680000	1.333710
4.690000	1.304740
4.700000	1.267140
4.710000	1.237280
4.720000	1.206010
4.730000	1.194770
4.740000	1.178550
4.750000	1.171520
4.760000	1.177300
4.770000	1.190970
4.780000	1.213230
4.790000	1.237080
4.800000	1.273880
4.810000	1.304080
4.820000	1.333380
4.830000	1.370700
4.840000	1.402460
4.850000	1.423780
4.860000	1.450300
4.870000	1.471300
4.880000	1.476830
4.890000	1.479530
4.900000	1.483500
4.910000	1.471250
4.920000	1.455130
4.930000	1.424540
4.940000	1.391810
4.950000	1.345090
4.960000	1.318240
4.970000	1.270530
4.980000	1.210380
4.990000	1.168830
5.000000	1.086250
5.010000	1.011320
5.020000	0.948080
5.030000	0.893600
5.040000	0.823180
5.050000	0.755940
5.060000	0.697470
5.070000	0.632960
5.080000	0.558640
5.090000	0.499110
5.100000	0.453250
5.110000	0.396510
5.120000	0.345140
5.130000	0.294780
5.140000	0.252300
5.150000	0.217630
5.160000	0.182130
5.170000	0.153630
5.180000	0.131310
5.190000	0.105820
5.200000	0.083710
5.210000	0.067430
5.220000	0.054410
5.230000	0.044660
5.240000	0.035320
5.250000	0.028650
5.260000	0.020750
5.270000	0.017380
5.280000	0.013620
5.290000	0.010320
5.300000	0.008920
5.310000	0.006350
5.320000	0.004250
5.330000	0.003270
5.340000	0.002820
5.350000	0.001980
5.360000	0.001930
5.370000	0.001460
5.380000	0.001030
5.390000	0.000650
5.400000	0.000360
5.410000	0.000290
5.420000	0.000220
5.430000	0.000140
5.440000	0.000170
5.450000	0.000100
5.460000	0.000000
5.470000	0.000000
5.480000	0.000000
5.490000	0.000000
5.500000	0.000000
5.510000	0.000000
5.520000	0.000000
5.530000	0.000000
5.540000	0.000000
5.550000	0.000000
5.560000	0.000000
5.570000	0.000000
5.580000	0.000000
5.590000	0.000000
5.600000	0.000000
5.610000	0.000000
5.620000	0.000000
5.630000	0.000000
5.640000	0.000000
5.650000	0.000000
5.660000	0.000000
5.670000	0.000000
5.680000	0.000000
5.690000	0.000000
5.700000	0.000000
5.710000	0.000000
5.720000	0.000000
5.730000	0.000000
5.740000	0.000000
5.750000	0.000000
5.760000	0.000000
5.770000	0.000000
5.780000	0.000000
5.790000	0.000000
5.800000	0.000000
5.810000	0.000000
5.820000	0.000000
5.830000	0.000000
5.840000	0.000000
5.850000	0.000000
5.860000	0.000000
5.870000	0.000000
5.880000	0.000000
5.890000	0.000000
5.900000	0.000000
5.910000	0.000000
5.920000	0.000000
5.930000	0.000000
5.940000	0.000000
5.950000	0.000000
5.960000	0.000000
5.970000	0.000000
5.980000	0.000000
5.990000	0.000000
6.000000	0.000000
6.010000	0.000000
6.020000	0.000000
6.030000	0.000000
6.040000	0.000000
6.050000	0.000000
6.060000	0.000000
6.070000	0.000000
6.080000	0.000000
6.090000	0.000000
6.100000	0.000000
6.110000	0.000000
6.120000	0.000000
6.130000	0.000000
6.140000	0.000000
6.150000	0.000000
6.160000	0.000000
6.170000	0.000000
6.180000	0.000000
6.190000	0.000000
6.200000	0.000000
6.210000	0.000000
6.220000	0.000000
6.230000	0.000000
6.240000	0.000000
6.250000	0.000000
6.260000	0.000000
6.270000	0.000000
6.280000	0.000000
6.290000	0.000000
6.300000	0.000000
6.310000	0.000000
6.320000	0.000000
6.330000	0.000000
6.340000	0.000000
6.350000	0.000000
6.360000	0.000000
6.370000	0.000000
6.380000	0.000000
6.390000	0.000000
6.400000	0.000000
6.410000	0.000000
6.420000	0.000000
6.430000	0.000000
6.440000	0.000000
6.450000	0.000000
6.460000	0.000000
6.470000	0.000000
6.480000	0.000000
6.490000	0.000000
6.500000	0.000000
6.510000	0.000000
6.520000	0.000000
6.530000	0.000000
6.540000	0.000000
6.550000	0.000000
6.560000	0.000000
6.570000	0.000000
6.580000	0.000000
6.590000	0.000000
6.600000	0.000000
6.610000	0.000000
6.620000	0.000000
6.630000	0.000000
6.640000	0.000000
6.650000	0.000000
6.660000	0.000000
6.670000	0.000000
6.680000	0.000000
6.690000	0.000000
6.700000	0.000000
6.710000	0.000000
6.720000	0.000000
6.730000	0.000000
6.740000	0.000000
6.750000	0.000000
6.760000	0.000000
6.770000	0.000000
6.780000	0.000000
6.790000	0.000000
6.800000	0.000000
6.810000	0.000000
6.820000	0.000000
6.830000	0.000000
6.840000	0.000000
6.850000	0.000000
6.860000	0.000000
6.870000	0.000000
6.880000	0.000000
6.890000	0.000000
6.900000	0.000000
6.910000	0.000000
6.920000	0.000000
6.930000	0.000000
6.940000	0.000000
6.950000	0.000000
6.960000	0.000000
6.970000	0.000000
6.980000	0.000000
6.990000	0.000000
