0.000000	0.000000
0.010000	0.000000
0.020000	0.000000
0.030000	0.000000
0.040000	0.000000
0.050000	0.000000
0.060000	0.000000
0.070000	0.000000
0.080000	0.000000
0.090000	0.000000
0.100000	0.000000
0.110000	0.000000
0.120000	0.000000
0.130000	0.000000
0.140000	0.000000
0.150000	0.000000
0.160000	0.000000
0.170000	0.000000
0.180000	0.000000
0.190000	0.000000
0.200000	0.000000
0.210000	0.000000
0.220000	0.000000
0.230000	0.000000
0.240000	0.000000
0.250000	0.000000
0.260000	0.000000
0.270000	0.000000
0.280000	0.000000
0.290000	0.000000
0.300000	0.000000
0.310000	0.000000
0.320000	0.000000
0.330000	0.000000
0.340000	0.000000
0.350000	0.000000
0.360000	0.000000
0.370000	0.000000
0.380000	0.000000
0.390000	0.000000
0.400000	0.000000
0.410000	0.000000
0.420000	0.000000
0.430000	0.000000
0.440000	0.000000
0.450000	0.000000
0.460000	0.000000
0.470000	0.000000
0.480000	0.000000
0.490000	0.000000
0.500000	0.000000
0.510000	0.000000
0.520000	0.000000
0.530000	0.000000
0.540000	0.000000
0.550000	0.000000
0.560000	0.000000
0.570000	0.000000
0.580000	0.000000
0.590000	0.000000
0.600000	0.000000
0.610000	0.000000
0.620000	0.000000
0.630000	0.000000
0.640000	0.000000
0.650000	0.000000
0.660000	0.000000
0.670000	0.000000
0.680000	0.000000
0.690000	0.000000
0.700000	0.000000
0.710000	0.000000
0.720000	0.000000
0.730000	0.000000
0.740000	0.000000
0.750000	0.000000
0.760000	0.000000
0.770000	0.000000
0.780000	0.000000
0.790000	0.000000
0.800000	0.000000
0.810000	0.000000
0.820000	0.000000
0.830000	0.000000
0.840000	0.000000
0.850000	0.000000
0.860000	0.000000
0.870000	0.000000
0.880000	0.000000
0.890000	0.000000
0.900000	0.000000
0.910000	0.000000
0.920000	0.000000
0.930000	0.000000
0.940000	0.000000
0.950000	0.000050
0.960000	0.000410
0.970000	0.002740
0.980000	0.020920
0.990000	0.092820
1.000000	0.341760
1.010000	0.988720
1.020000	2.306340
1.030000	4.570480
1.040000	7.926320
1.050000	12.138540
1.060000	16.796650
1.070000	21.202330
1.080000	24.835440
1.090000	27.185390
1.100000	28.175570
1.110000	27.756920
1.120000	26.213900
1.130000	23.794010
1.140000	20.998810
1.150000	18.085930
1.160000	15.137990
1.170000	12.370060
1.180000	10.019720
1.190000	7.962230
1.200000	6.314440
1.210000	4.914430
1.220000	3.801390
1.230000	2.890580
1.240000	2.208010
1.250000	1.702070
1.260000	1.298980
1.270000	0.999840
1.280000	0.765740
1.290000	0.590930
1.300000	0.462530
1.310000	0.367280
1.320000	0.289620
1.330000	0.235570
1.340000	0.200970
1.350000	0.191070
1.360000	0.188040
1.370000	0.194620
1.380000	0.217110
1.390000	0.255100
1.400000	0.318120
1.410000	0.400560
1.420000	0.513970
1.430000	0.679340
1.440000	0.894630
1.450000	1.173400
1.460000	1.505780
1.470000	1.932940
1.480000	2.401120
1.490000	2.949600
1.500000	3.589540
1.510000	4.315330
1.520000	4.978540
1.530000	5.692980
1.540000	6.334650
1.550000	6.837700
1.560000	7.220180
1.570000	7.450700
1.580000	7.475100
1.590000	7.328670
1.600000	7.019170
1.610000	6.584130
1.620000	6.045560
1.630000	5.402470
1.640000	4.718610
1.650000	4.060560
1.660000	3.431970
1.670000	2.854910
1.680000	2.351670
1.690000	1.900120
1.700000	1.525100
1.710000	1.230880
1.720000	1.004160
1.730000	0.846120
1.740000	0.748690
1.750000	0.740020
1.760000	0.809270
1.770000	1.018570
1.780000	1.366400
1.790000	1.921310
1.800000	2.718820
1.810000	3.832320
1.820000	5.358400
1.830000	7.323080
1.840000	9.651350
1.850000	12.389340
1.860000	15.388690
1.870000	18.563510
1.880000	21.647270
1.890000	24.453420
1.900000	26.782820
1.910000	28.387240
1.920000	29.311720
1.930000	29.370950
1.940000	28.624120
1.950000	27.147810
1.960000	25.098010
1.970000	22.686630
1.980000	20.135440
1.990000	17.458830
2.000000	14.876190
2.010000	12.472510
2.020000	10.235360
2.030000	8.294540
2.040000	6.641910
2.050000	5.334500
2.060000	4.252910
2.070000	3.434800
2.080000	2.872880
2.090000	2.564070
2.100000	2.519780
2.110000	2.786210
2.120000	3.338310
2.130000	4.106070
2.140000	5.093360
2.150000	6.258920
2.160000	7.565420
2.170000	8.850290
2.180000	10.060940
2.190000	11.067840
2.200000	11.829280
2.210000	12.316810
2.220000	12.495090
2.230000	12.365420
2.240000	11.925700
2.250000	11.295810
2.260000	10.454760
2.270000	9.459820
2.280000	8.503880
2.290000	7.582130
2.300000	6.673780
2.310000	5.861970
2.320000	5.246810
2.330000	4.785870
2.340000	4.551650
2.350000	4.514540
2.360000	4.714360
2.370000	5.172340
2.380000	5.845860
2.390000	6.743250
2.400000	7.839280
2.410000	9.092130
2.420000	10.526070
2.430000	11.926740
2.440000	13.356320
2.450000	14.674210
2.460000	15.847030
2.470000	16.741010
2.480000	17.273200
2.490000	17.533300
2.500000	17.345990
2.510000	16.867970
2.520000	16.081710
2.530000	15.112780
2.540000	13.907520
2.550000	12.584190
2.560000	11.161800
2.570000	9.790980
2.580000	8.570230
2.590000	7.455620
2.600000	6.495470
2.610000	5.726850
2.620000	5.142180
2.630000	4.794230
2.640000	4.651500
2.650000	4.691620
2.660000	4.842360
2.670000	5.080300
2.680000	5.335720
2.690000	5.610250
2.700000	5.867910
2.710000	6.056150
2.720000	6.122820
2.730000	6.124440
2.740000	5.994580
2.750000	5.815810
2.760000	5.608400
2.770000	5.435250
2.780000	5.278540
2.790000	5.278700
2.800000	5.461510
2.810000	5.893570
2.820000	6.625960
2.830000	7.682430
2.840000	9.056610
2.850000	10.770720
2.860000	12.780060
2.870000	15.039530
2.880000	17.354330
2.890000	19.743000
2.900000	21.906520
2.910000	23.945150
2.920000	25.413650
2.930000	26.460410
2.940000	27.000540
2.950000	27.061480
2.960000	26.619900
2.970000	25.529430
2.980000	24.109970
2.990000	22.456500
3.000000	20.496610
3.010000	18.480530
3.020000	16.442250
3.030000	14.488310
3.040000	12.661310
3.050000	10.990280
3.060000	9.560220
3.070000	8.296970
3.080000	7.254570
3.090000	6.405700
3.100000	5.689140
3.110000	5.177640
3.120000	4.786960
3.130000	4.445390
3.140000	4.231800
3.150000	4.064550
3.160000	3.967200
3.170000	3.944690
3.180000	3.927700
3.190000	4.031650
3.200000	4.286760
3.210000	4.535330
3.220000	4.964070
3.230000	5.518000
3.240000	6.207930
3.250000	7.011950
3.260000	7.881660
3.270000	8.842310
3.280000	9.825790
3.290000	10.826160
3.300000	11.669180
3.310000	12.429920
3.320000	13.096510
3.330000	13.492810
3.340000	13.785330
3.350000	13.858940
3.360000	13.743290
3.370000	13.438790
3.380000	13.004610
3.390000	12.430530
3.400000	11.901770
3.410000	11.352800
3.420000	10.853500
3.430000	10.392880
3.440000	9.924280
3.450000	9.592760
3.460000	9.351770
3.470000	9.227620
3.480000	9.170470
3.490000	9.125520
3.500000	9.015680
3.510000	8.926960
3.520000	8.816170
3.530000	8.677680
3.540000	8.505960
3.550000	8.287840
3.560000	8.080770
3.570000	7.871480
3.580000	7.682830
3.590000	7.496390
3.600000	7.328820
3.610000	7.270490
3.620000	7.288090
3.630000	7.288200
3.640000	7.347410
3.650000	7.396170
3.660000	7.449010
3.670000	7.490180
3.680000	7.546790
3.690000	7.476350
3.700000	7.401940
3.710000	7.256550
3.720000	7.128970
3.730000	6.941790
3.740000	6.779590
3.750000	6.570850
3.760000	6.408060
3.770000	6.288340
3.780000	6.166240
3.790000	6.084580
3.800000	6.052150
3.810000	6.057300
3.820000	6.088500
3.830000	6.136960
3.840000	6.195380
3.850000	6.302520
3.860000	6.441480
3.870000	6.598150
3.880000	6.844240
3.890000	7.047580
3.900000	7.347830
3.910000	7.710840
3.920000	8.154580
3.930000	8.664690
3.940000	9.221700
3.950000	9.807500
3.960000	10.410400
3.970000	11.002850
3.980000	11.512860
3.990000	11.972730
4.000000	12.285960
4.010000	12.489040
4.020000	12.522420
4.030000	12.382620
4.040000	12.073160
4.050000	11.715170
4.060000	11.152000
4.070000	10.431670
4.080000	9.678940
4.090000	8.905950
4.100000	8.038580
4.110000	7.215300
4.120000	6.427800
4.130000	5.695870
4.140000	4.986790
4.150000	4.337320
4.160000	3.848860
4.170000	3.430500
4.180000	3.122620
4.190000	2.906960
4.200000	2.790000
4.210000	2.760510
4.220000	2.822270
4.230000	2.930140
4.240000	3.113730
4.250000	3.336440
4.260000	3.615450
4.270000	3.883670
4.280000	4.109590
4.290000	4.365020
4.300000	4.577880
4.310000	4.738700
4.320000	4.891320
4.330000	4.936400
4.340000	4.901090
4.350000	4.840940
4.360000	4.742530
4.370000	4.570000
4.380000	4.369820
4.390000	4.115790
4.400000	3.889740
4.410000	3.623470
4.420000	3.363200
4.430000	3.121100
4.440000	2.882680
4.450000	2.654070
4.460000	2.453780
4.470000	2.258890
4.480000	2.108960
4.490000	1.996970
4.500000	1.898540
4.510000	1.804610
4.520000	1.751270
4.530000	1.708440
4.540000	1.693330
4.550000	1.673320
4.560000	1.637110
4.570000	1.630380
4.580000	1.628500
4.590000	1.611620
4.600000	1.598950
4.610000	1.562330
4.620000	1.531800
4.630000	1.499450
4.640000	1.459880
4.650000	1.424250
4.660000	1.396040
4.670000	1.362680
4.680000	1.314720
4.690000	1.279180
4.700000	1.237000
4.710000	1.199570
4.720000	1.184620
4.730000	1.187950
4.740000	1.175550
4.750000	1.164410
4.760000	1.169440
4.770000	1.175260
4.780000	1.213540
4.790000	1.254570
4.800000	1.283200
4.810000	1.324860
4.820000	1.360210
4.830000	1.387080
4.840000	1.428470
4.850000	1.462260
4.860000	1.475700
4.870000	1.494930
4.880000	1.498480
4.890000	1.500810
4.900000	1.493570
4.910000	1.470830
4.920000	1.446880
4.930000	1.407530
4.940000	1.383970
4.950000	1.348200
4.960000	1.303410
4.970000	1.249750
4.980000	1.201830
4.990000	1.142520
5.000000	1.066800
5.010000	0.999100
5.020000	0.931520
5.030000	0.867790
5.040000	0.796530
5.050000	0.724940
5.060000	0.657890
5.070000	0.586560
5.080000	0.526030
5.090000	0.459320
5.100000	0.408240
5.110000	0.354480
5.120000	0.309500
5.130000	0.263620
5.140000	0.219980
5.150000	0.186650
5.160000	0.157420
5.170000	0.128050
5.180000	0.100150
5.190000	0.084290
5.200000	0.066060
5.210000	0.052560
5.220000	0.040660
5.230000	0.034400
5.240000	0.026890
5.250000	0.023000
5.260000	0.015540
5.270000	0.011860
5.280000	0.008250
5.290000	0.007190
5.300000	0.005880
5.310000	0.004100
5.320000	0.002750
5.330000	0.002230
5.340000	0.001310
5.350000	0.001010
5.360000	0.000700
5.370000	0.000570
5.380000	0.000470
5.390000	0.000170
5.400000	0.000240
5.410000	0.000350
5.420000	0.000060
5.430000	0.000100
5.440000	0.000130
5.450000	0.000000
5.460000	0.000000
5.470000	0.000000
5.480000	0.000000
5.490000	0.000000
5.500000	0.000000
5.510000	0.000000
5.520000	0.000000
5.530000	0.000000
5.540000	0.000000
5.550000	0.000000
5.560000	0.000000
5.570000	0.000000
5.580000	0.000000
5.590000	0.000000
5.600000	0.000000
5.610000	0.000000
5.620000	0.000000
5.630000	0.000000
5.640000	0.000000
5.650000	0.000000
5.660000	0.000000
5.670000	0.000000
5.680000	0.000000
5.690000	0.000000
5.700000	0.000000
5.710000	0.000000
5.720000	0.000000
5.730000	0.000000
5.740000	0.000000
5.750000	0.000000
5.760000	0.000000
5.770000	0.000000
5.780000	0.000000
5.790000	0.000000
5.800000	0.000000
5.810000	0.000000
5.820000	0.000000
5.830000	0.000000
5.840000	0.000000
5.850000	0.000000
5.860000	0.000000
5.870000	0.000000
5.880000	0.000000
5.890000	0.000000
5.900000	0.000000
5.910000	0.000000
5.920000	0.000000
5.930000	0.000000
5.940000	0.000000
5.950000	0.000000
5.960000	0.000000
5.970000	0.000000
5.980000	0.000000
5.990000	0.000000
6.000000	0.000000
6.010000	0.000000
6.020000	0.000000
6.030000	0.000000
6.040000	0.000000
6.050000	0.000000
6.060000	0.000000
6.070000	0.000000
6.080000	0.000000
6.090000	0.000000
6.100000	0.000000
6.110000	0.000000
6.120000	0.000000
6.130000	0.000000
6.140000	0.000000
6.150000	0.000000
6.160000	0.000000
6.170000	0.000000
6.180000	0.000000
6.190000	0.000000
6.200000	0.000000
6.210000	0.000000
6.220000	0.000000
6.230000	0.000000
6.240000	0.000000
6.250000	0.000000
6.260000	0.000000
6.270000	0.000000
6.280000	0.000000
6.290000	0.000000
6.300000	0.000000
6.310000	0.000000
6.320000	0.000000
6.330000	0.000000
6.340000	0.000000
6.350000	0.000000
6.360000	0.000000
6.370000	0.000000
6.380000	0.000000
6.390000	0.000000
6.400000	0.000000
6.410000	0.000000
6.420000	0.000000
6.430000	0.000000
6.440000	0.000000
6.450000	0.000000
6.460000	0.000000
6.470000	0.000000
6.480000	0.000000
6.490000	0.000000
6.500000	0.000000
6.510000	0.000000
6.520000	0.000000
6.530000	0.000000
6.540000	0.000000
6.550000	0.000000
6.560000	0.000000
6.570000	0.000000
6.580000	0.000000
6.590000	0.000000
6.600000	0.000000
6.610000	0.000000
6.620000	0.000000
6.630000	0.000000
6.640000	0.000000
6.650000	0.000000
6.660000	0.000000
6.670000	0.000000
6.680000	0.000000
6.690000	0.000000
6.700000	0.000000
6.710000	0.000000
6.720000	0.000000
6.730000	0.000000
6.740000	0.000000
6.750000	0.000000
6.760000	0.000000
6.770000	0.000000
6.780000	0.000000
6.790000	0.000000
6.800000	0.000000
6.810000	0.000000
6.820000	0.000000
6.830000	0.000000
6.840000	0.000000
6.850000	0.000000
6.860000	0.000000
6.870000	0.000000
6.880000	0.000000
6.890000	0.000000
6.900000	0.000000
6.910000	0.000000
6.920000	0.000000
6.930000	0.000000
6.940000	0.000000
6.950000	0.000000
6.960000	0.000000
6.970000	0.000000
6.980000	0.000000
6.990000	0.000000
