 0.000000 	 2.105787 
 0.002441 	 0.264986 
 0.004883 	 2.408154 
 0.007324 	 0.223972 
 0.009766 	 0.051530 
 0.012207 	 0.043436 
 0.014648 	 0.019532 
 0.017090 	 0.021018 
 0.019531 	 0.011521 
 0.021973 	 0.013250 
 0.024414 	 0.008156 
 0.026855 	 0.009686 
 0.029297 	 0.006420 
 0.031738 	 0.007706 
 0.034180 	 0.005367 
 0.036621 	 0.006510 
 0.039062 	 0.004688 
 0.041504 	 0.005720 
 0.043945 	 0.004148 
 0.046387 	 0.005246 
 0.048828 	 0.003840 
 0.051270 	 0.004918 
 0.053711 	 0.003490 
 0.056152 	 0.004720 
 0.058594 	 0.003252 
 0.061035 	 0.004528 
 0.063477 	 0.003003 
 0.065918 	 0.004454 
 0.068359 	 0.002704 
 0.070801 	 0.004399 
 0.073242 	 0.002539 
 0.075684 	 0.004449 
 0.078125 	 0.002351 
 0.080566 	 0.004451 
 0.083008 	 0.002221 
 0.085449 	 0.004429 
 0.087891 	 0.001990 
 0.090332 	 0.004557 
 0.092773 	 0.001826 
 0.095215 	 0.004640 
 0.097656 	 0.001615 
 0.100098 	 0.004863 
 0.102539 	 0.001439 
 0.104980 	 0.004999 
 0.107422 	 0.001040 
 0.109863 	 0.005108 
 0.112305 	 0.000958 
 0.114746 	 0.005108 
 0.117188 	 0.000890 
 0.119629 	 0.005400 
 0.122070 	 0.000307 
 0.124512 	 0.005989 
 0.126953 	 0.000106 
 0.129395 	 0.005876 
 0.131836 	 0.000361 
 0.134277 	 0.006770 
 0.136719 	 0.000914 
 0.139160 	 0.006562 
 0.141602 	 0.001086 
 0.144043 	 0.007382 
 0.146484 	 0.001649 
 0.148926 	 0.008028 
 0.151367 	 0.002798 
 0.153809 	 0.008252 
 0.156250 	 0.002754 
 0.158691 	 0.008329 
 0.161133 	 0.003491 
 0.163574 	 0.010012 
 0.166016 	 0.003705 
 0.168457 	 0.009860 
 0.170898 	 0.004466 
 0.173340 	 0.011016 
 0.175781 	 0.005681 
 0.178223 	 0.011923 
 0.180664 	 0.008272 
 0.183105 	 0.012892 
 0.185547 	 0.009855 
 0.187988 	 0.015119 
 0.190430 	 0.014492 
 0.192871 	 0.019569 
 0.195312 	 0.016988 
 0.197754 	 0.023690 
 0.200195 	 0.026648 
 0.202637 	 0.027975 
 0.205078 	 0.029168 
 0.207520 	 0.035120 
 0.209961 	 0.033268 
 0.212402 	 0.055859 
 0.214844 	 0.037080 
 0.217285 	 0.069015 
 0.219727 	 0.074948 
 0.222168 	 0.078589 
 0.224609 	 0.102878 
 0.227051 	 0.099032 
 0.229492 	 0.105865 
 0.231934 	 0.109506 
 0.234375 	 0.074590 
 0.236816 	 0.102190 
 0.239258 	 0.083962 
 0.241699 	 0.071043 
 0.244141 	 0.077249 
 0.246582 	 0.067045 
 0.249023 	 0.066915 
 0.251465 	 0.053488 
 0.253906 	 0.063233 
 0.256348 	 0.052763 
 0.258789 	 0.058627 
 0.261230 	 0.054886 
 0.263672 	 0.056077 
 0.266113 	 0.068162 
 0.268555 	 0.059917 
 0.270996 	 0.067177 
 0.273438 	 0.075896 
 0.275879 	 0.092942 
 0.278320 	 0.067329 
 0.280762 	 0.085259 
 0.283203 	 0.080881 
 0.285645 	 0.082621 
 0.288086 	 0.062507 
 0.290527 	 0.056119 
 0.292969 	 0.046512 
 0.295410 	 0.046445 
 0.297852 	 0.035712 
 0.300293 	 0.037365 
 0.302734 	 0.028463 
 0.305176 	 0.032311 
 0.307617 	 0.025655 
 0.310059 	 0.032633 
 0.312500 	 0.024114 
 0.314941 	 0.031559 
 0.317383 	 0.021314 
 0.319824 	 0.031619 
 0.322266 	 0.023993 
 0.324707 	 0.029938 
 0.327148 	 0.020721 
 0.329590 	 0.031848 
 0.332031 	 0.025532 
 0.334473 	 0.030280 
 0.336914 	 0.026359 
 0.339355 	 0.030458 
 0.341797 	 0.026713 
 0.344238 	 0.035513 
 0.346680 	 0.028184 
 0.349121 	 0.036287 
 0.351562 	 0.029861 
 0.354004 	 0.043050 
 0.356445 	 0.029956 
 0.358887 	 0.045534 
 0.361328 	 0.039985 
 0.363770 	 0.053961 
 0.366211 	 0.043446 
 0.368652 	 0.057881 
 0.371094 	 0.050982 
 0.373535 	 0.059157 
 0.375977 	 0.062294 
 0.378418 	 0.074571 
 0.380859 	 0.067625 
 0.383301 	 0.089750 
 0.385742 	 0.094174 
 0.388184 	 0.101462 
 0.390625 	 0.115826 
 0.393066 	 0.113224 
 0.395508 	 0.117458 
 0.397949 	 0.129162 
 0.400391 	 0.126222 
 0.402832 	 0.137270 
 0.405273 	 0.128514 
 0.407715 	 0.162501 
 0.410156 	 0.130981 
 0.412598 	 0.147181 
 0.415039 	 0.142269 
 0.417480 	 0.121622 
 0.419922 	 0.116336 
 0.422363 	 0.124187 
 0.424805 	 0.110971 
 0.427246 	 0.120922 
 0.429688 	 0.116433 
 0.432129 	 0.130120 
 0.434570 	 0.123466 
 0.437012 	 0.137518 
 0.439453 	 0.123134 
 0.441895 	 0.156351 
 0.444336 	 0.128364 
 0.446777 	 0.157645 
 0.449219 	 0.147841 
 0.451660 	 0.202032 
 0.454102 	 0.185761 
 0.456543 	 0.173821 
 0.458984 	 0.164175 
 0.461426 	 0.191821 
 0.463867 	 0.172793 
 0.466309 	 0.184845 
 0.468750 	 0.167038 
 0.471191 	 0.203952 
 0.473633 	 0.179665 
 0.476074 	 0.190249 
 0.478516 	 0.196252 
 0.480957 	 0.173385 
 0.483398 	 0.175929 
 0.485840 	 0.188207 
 0.488281 	 0.159709 
 0.490723 	 0.168721 
 0.493164 	 0.165437 
 0.495605 	 0.166533 
 0.498047 	 0.159114 
 0.500488 	 0.156160 
 0.502930 	 0.133231 
 0.505371 	 0.168738 
 0.507812 	 0.131461 
 0.510254 	 0.162774 
 0.512695 	 0.128916 
 0.515137 	 0.160329 
 0.517578 	 0.154317 
 0.520020 	 0.170946 
 0.522461 	 0.175823 
 0.524902 	 0.180396 
 0.527344 	 0.172521 
 0.529785 	 0.212743 
 0.532227 	 0.193386 
 0.534668 	 0.190248 
 0.537109 	 0.192317 
 0.539551 	 0.196064 
 0.541992 	 0.244210 
 0.544434 	 0.215143 
 0.546875 	 0.225373 
 0.549316 	 0.226727 
 0.551758 	 0.225104 
 0.554199 	 0.237094 
 0.556641 	 0.228561 
 0.559082 	 0.228484 
 0.561523 	 0.230016 
 0.563965 	 0.236665 
 0.566406 	 0.204482 
 0.568848 	 0.227835 
 0.571289 	 0.191396 
 0.573730 	 0.226095 
 0.576172 	 0.193197 
 0.578613 	 0.210238 
 0.581055 	 0.202215 
 0.583496 	 0.195583 
 0.585938 	 0.186596 
 0.588379 	 0.199791 
 0.590820 	 0.198945 
 0.593262 	 0.193765 
 0.595703 	 0.211604 
 0.598145 	 0.210654 
 0.600586 	 0.216067 
 0.603027 	 0.186395 
 0.605469 	 0.198237 
 0.607910 	 0.217531 
 0.610352 	 0.223138 
 0.612793 	 0.227301 
 0.615234 	 0.222174 
 0.617676 	 0.227528 
 0.620117 	 0.227277 
 0.622559 	 0.215754 
 0.625000 	 0.221383 
 0.627441 	 0.229198 
 0.629883 	 0.258890 
 0.632324 	 0.246944 
 0.634766 	 0.230394 
 0.637207 	 0.235387 
 0.639648 	 0.253793 
 0.642090 	 0.210846 
 0.644531 	 0.245990 
 0.646973 	 0.233301 
 0.649414 	 0.234050 
 0.651855 	 0.245847 
 0.654297 	 0.255940 
 0.656738 	 0.265058 
 0.659180 	 0.251159 
 0.661621 	 0.271559 
 0.664062 	 0.281613 
 0.666504 	 0.261882 
 0.668945 	 0.256303 
 0.671387 	 0.264658 
 0.673828 	 0.259602 
 0.676270 	 0.279448 
 0.678711 	 0.259233 
 0.681152 	 0.271440 
 0.683594 	 0.262360 
 0.686035 	 0.276476 
 0.688477 	 0.264964 
 0.690918 	 0.271498 
 0.693359 	 0.265243 
 0.695801 	 0.248614 
 0.698242 	 0.267202 
 0.700684 	 0.257868 
 0.703125 	 0.229749 
 0.705566 	 0.239835 
 0.708008 	 0.256162 
 0.710449 	 0.244464 
 0.712891 	 0.241886 
 0.715332 	 0.241748 
 0.717773 	 0.248994 
 0.720215 	 0.258384 
 0.722656 	 0.247741 
 0.725098 	 0.247102 
 0.727539 	 0.237908 
 0.729980 	 0.266545 
 0.732422 	 0.266086 
 0.734863 	 0.271605 
 0.737305 	 0.250762 
 0.739746 	 0.281332 
 0.742188 	 0.249510 
 0.744629 	 0.273091 
 0.747070 	 0.240465 
 0.749512 	 0.263923 
 0.751953 	 0.237406 
 0.754395 	 0.228025 
 0.756836 	 0.215489 
 0.759277 	 0.247860 
 0.761719 	 0.231190 
 0.764160 	 0.206488 
 0.766602 	 0.221644 
 0.769043 	 0.226139 
 0.771484 	 0.222990 
 0.773926 	 0.201561 
 0.776367 	 0.195544 
 0.778809 	 0.221140 
 0.781250 	 0.214002 
 0.783691 	 0.208204 
 0.786133 	 0.203081 
 0.788574 	 0.208264 
 0.791016 	 0.198637 
 0.793457 	 0.202194 
 0.795898 	 0.196913 
 0.798340 	 0.196260 
 0.800781 	 0.202636 
 0.803223 	 0.198168 
 0.805664 	 0.200559 
 0.808105 	 0.210636 
 0.810547 	 0.211555 
 0.812988 	 0.203388 
 0.815430 	 0.211800 
 0.817871 	 0.221518 
 0.820312 	 0.225465 
 0.822754 	 0.241368 
 0.825195 	 0.218976 
 0.827637 	 0.241714 
 0.830078 	 0.248224 
 0.832520 	 0.253058 
 0.834961 	 0.239546 
 0.837402 	 0.237568 
 0.839844 	 0.234704 
 0.842285 	 0.271917 
 0.844727 	 0.267723 
 0.847168 	 0.273167 
 0.849609 	 0.275062 
 0.852051 	 0.275947 
 0.854492 	 0.276044 
 0.856934 	 0.293136 
 0.859375 	 0.258181 
 0.861816 	 0.299391 
 0.864258 	 0.259637 
 0.866699 	 0.279320 
 0.869141 	 0.275648 
 0.871582 	 0.281244 
 0.874023 	 0.292020 
 0.876465 	 0.275111 
 0.878906 	 0.265328 
 0.881348 	 0.286582 
 0.883789 	 0.254170 
 0.886230 	 0.293578 
 0.888672 	 0.258422 
 0.891113 	 0.270207 
 0.893555 	 0.259128 
 0.895996 	 0.278461 
 0.898438 	 0.270783 
 0.900879 	 0.267995 
 0.903320 	 0.251241 
 0.905762 	 0.261685 
 0.908203 	 0.247627 
 0.910645 	 0.245970 
 0.913086 	 0.246345 
 0.915527 	 0.238902 
 0.917969 	 0.228924 
 0.920410 	 0.232676 
 0.922852 	 0.230107 
 0.925293 	 0.223948 
 0.927734 	 0.205579 
 0.930176 	 0.217389 
 0.932617 	 0.200345 
 0.935059 	 0.205526 
 0.937500 	 0.193029 
 0.939941 	 0.210836 
 0.942383 	 0.188408 
 0.944824 	 0.198980 
 0.947266 	 0.187263 
 0.949707 	 0.179851 
 0.952148 	 0.194392 
 0.954590 	 0.177300 
 0.957031 	 0.186262 
 0.959473 	 0.172701 
 0.961914 	 0.170339 
 0.964355 	 0.175875 
 0.966797 	 0.170130 
 0.969238 	 0.165023 
 0.971680 	 0.168049 
 0.974121 	 0.167464 
 0.976562 	 0.177679 
 0.979004 	 0.177511 
 0.981445 	 0.185448 
 0.983887 	 0.182456 
 0.986328 	 0.185081 
 0.988770 	 0.171307 
 0.991211 	 0.182206 
 0.993652 	 0.178259 
 0.996094 	 0.189856 
 0.998535 	 0.200693 
 1.000977 	 0.173677 
 1.003418 	 0.194692 
 1.005859 	 0.183735 
 1.008301 	 0.193556 
 1.010742 	 0.185704 
 1.013184 	 0.193606 
 1.015625 	 0.197666 
 1.018066 	 0.195333 
 1.020508 	 0.202092 
 1.022949 	 0.230229 
 1.025391 	 0.208710 
 1.027832 	 0.205576 
 1.030273 	 0.204516 
 1.032715 	 0.217263 
 1.035156 	 0.190983 
 1.037598 	 0.215281 
 1.040039 	 0.198187 
 1.042480 	 0.236487 
 1.044922 	 0.211838 
 1.047363 	 0.224753 
 1.049805 	 0.208822 
 1.052246 	 0.231747 
 1.054688 	 0.219751 
 1.057129 	 0.241862 
 1.059570 	 0.232231 
 1.062012 	 0.234432 
 1.064453 	 0.232728 
 1.066895 	 0.232090 
 1.069336 	 0.245267 
 1.071777 	 0.238197 
 1.074219 	 0.229818 
 1.076660 	 0.208918 
 1.079102 	 0.228676 
 1.081543 	 0.218218 
 1.083984 	 0.232063 
 1.086426 	 0.225481 
 1.088867 	 0.215096 
 1.091309 	 0.220222 
 1.093750 	 0.188671 
 1.096191 	 0.207345 
 1.098633 	 0.216587 
 1.101074 	 0.210088 
 1.103516 	 0.210251 
 1.105957 	 0.203905 
 1.108398 	 0.209577 
 1.110840 	 0.206806 
 1.113281 	 0.214210 
 1.115723 	 0.192414 
 1.118164 	 0.205167 
 1.120605 	 0.236173 
 1.123047 	 0.209438 
 1.125488 	 0.199257 
 1.127930 	 0.213939 
 1.130371 	 0.214878 
 1.132812 	 0.201636 
 1.135254 	 0.192258 
 1.137695 	 0.187733 
 1.140137 	 0.197525 
 1.142578 	 0.180065 
 1.145020 	 0.193220 
 1.147461 	 0.195127 
 1.149902 	 0.191127 
 1.152344 	 0.196361 
 1.154785 	 0.191364 
 1.157227 	 0.191506 
 1.159668 	 0.190687 
 1.162109 	 0.187048 
 1.164551 	 0.182815 
 1.166992 	 0.182677 
 1.169434 	 0.193600 
 1.171875 	 0.169090 
 1.174316 	 0.186227 
 1.176758 	 0.177802 
 1.179199 	 0.173769 
 1.181641 	 0.166617 
 1.184082 	 0.176576 
 1.186523 	 0.175392 
 1.188965 	 0.175297 
 1.191406 	 0.185093 
 1.193848 	 0.174170 
 1.196289 	 0.182335 
 1.198730 	 0.186756 
 1.201172 	 0.182278 
 1.203613 	 0.169810 
 1.206055 	 0.176110 
 1.208496 	 0.185371 
 1.210938 	 0.164696 
 1.213379 	 0.181632 
 1.215820 	 0.160552 
 1.218262 	 0.160190 
 1.220703 	 0.158147 
 1.223145 	 0.173956 
 1.225586 	 0.162234 
 1.228027 	 0.175379 
 1.230469 	 0.165383 
 1.232910 	 0.154276 
 1.235352 	 0.163177 
 1.237793 	 0.162003 
 1.240234 	 0.158193 
 1.242676 	 0.162316 
 1.245117 	 0.158618 
 1.247559 	 0.166200 
 1.250000 	 0.159050 
 1.252441 	 0.166938 
 1.254883 	 0.159114 
 1.257324 	 0.161028 
 1.259766 	 0.166493 
 1.262207 	 0.165849 
 1.264648 	 0.172431 
 1.267090 	 0.170635 
 1.269531 	 0.153497 
 1.271973 	 0.167317 
 1.274414 	 0.158213 
 1.276855 	 0.158159 
 1.279297 	 0.154093 
 1.281738 	 0.158882 
 1.284180 	 0.152084 
 1.286621 	 0.160228 
 1.289062 	 0.154520 
 1.291504 	 0.158879 
 1.293945 	 0.158063 
 1.296387 	 0.142019 
 1.298828 	 0.139139 
 1.301270 	 0.153389 
 1.303711 	 0.143829 
 1.306152 	 0.155190 
 1.308594 	 0.152004 
 1.311035 	 0.145616 
 1.313477 	 0.158508 
 1.315918 	 0.141763 
 1.318359 	 0.142543 
 1.320801 	 0.165494 
 1.323242 	 0.151553 
 1.325684 	 0.146064 
 1.328125 	 0.141541 
 1.330566 	 0.156145 
 1.333008 	 0.136475 
 1.335449 	 0.157657 
 1.337891 	 0.132163 
 1.340332 	 0.144194 
 1.342773 	 0.134590 
 1.345215 	 0.151353 
 1.347656 	 0.144826 
 1.350098 	 0.148189 
 1.352539 	 0.137098 
 1.354980 	 0.143118 
 1.357422 	 0.141086 
 1.359863 	 0.147633 
 1.362305 	 0.137922 
 1.364746 	 0.136171 
 1.367188 	 0.136792 
 1.369629 	 0.133340 
 1.372070 	 0.137864 
 1.374512 	 0.139692 
 1.376953 	 0.133137 
 1.379395 	 0.139046 
 1.381836 	 0.131567 
 1.384277 	 0.133403 
 1.386719 	 0.127641 
 1.389160 	 0.138682 
 1.391602 	 0.134797 
 1.394043 	 0.139136 
 1.396484 	 0.121630 
 1.398926 	 0.136825 
 1.401367 	 0.130761 
 1.403809 	 0.142017 
 1.406250 	 0.125040 
 1.408691 	 0.140833 
 1.411133 	 0.139227 
 1.413574 	 0.149571 
 1.416016 	 0.144863 
 1.418457 	 0.148591 
 1.420898 	 0.133705 
 1.423340 	 0.140461 
 1.425781 	 0.134609 
 1.428223 	 0.145025 
 1.430664 	 0.133757 
 1.433105 	 0.132982 
 1.435547 	 0.129080 
 1.437988 	 0.130404 
 1.440430 	 0.128466 
 1.442871 	 0.135352 
 1.445312 	 0.136905 
 1.447754 	 0.140848 
 1.450195 	 0.140113 
 1.452637 	 0.126494 
 1.455078 	 0.131771 
 1.457520 	 0.146250 
 1.459961 	 0.137305 
 1.462402 	 0.141937 
 1.464844 	 0.139696 
 1.467285 	 0.140727 
 1.469727 	 0.135179 
 1.472168 	 0.136093 
 1.474609 	 0.142947 
 1.477051 	 0.140910 
 1.479492 	 0.134160 
 1.481934 	 0.139903 
 1.484375 	 0.135693 
 1.486816 	 0.147015 
 1.489258 	 0.141337 
 1.491699 	 0.135970 
 1.494141 	 0.142373 
 1.496582 	 0.145542 
 1.499023 	 0.146082 
 1.501465 	 0.141553 
 1.503906 	 0.139430 
 1.506348 	 0.148163 
 1.508789 	 0.145883 
 1.511230 	 0.144912 
 1.513672 	 0.145154 
 1.516113 	 0.149366 
 1.518555 	 0.136281 
 1.520996 	 0.146293 
 1.523438 	 0.130861 
 1.525879 	 0.148527 
 1.528320 	 0.137390 
 1.530762 	 0.136606 
 1.533203 	 0.146812 
 1.535645 	 0.151375 
 1.538086 	 0.146100 
 1.540527 	 0.150994 
 1.542969 	 0.136046 
 1.545410 	 0.146872 
 1.547852 	 0.144594 
 1.550293 	 0.154660 
 1.552734 	 0.129259 
 1.555176 	 0.150405 
 1.557617 	 0.134587 
 1.560059 	 0.153694 
 1.562500 	 0.137901 
 1.564941 	 0.150177 
 1.567383 	 0.143216 
 1.569824 	 0.145956 
 1.572266 	 0.132885 
 1.574707 	 0.146065 
 1.577148 	 0.142586 
 1.579590 	 0.140615 
 1.582031 	 0.135864 
 1.584473 	 0.137135 
 1.586914 	 0.128831 
 1.589355 	 0.131366 
 1.591797 	 0.133373 
 1.594238 	 0.135700 
 1.596680 	 0.130924 
 1.599121 	 0.132536 
 1.601562 	 0.135537 
 1.604004 	 0.140189 
 1.606445 	 0.115472 
 1.608887 	 0.135328 
 1.611328 	 0.133079 
 1.613770 	 0.130182 
 1.616211 	 0.141168 
 1.618652 	 0.128568 
 1.621094 	 0.126157 
 1.623535 	 0.122235 
 1.625977 	 0.125669 
 1.628418 	 0.130616 
 1.630859 	 0.122520 
 1.633301 	 0.121400 
 1.635742 	 0.118242 
 1.638184 	 0.127923 
 1.640625 	 0.113821 
 1.643066 	 0.116281 
 1.645508 	 0.109185 
 1.647949 	 0.123122 
 1.650391 	 0.121351 
 1.652832 	 0.117146 
 1.655273 	 0.125630 
 1.657715 	 0.118616 
 1.660156 	 0.116886 
 1.662598 	 0.118037 
 1.665039 	 0.105983 
 1.667480 	 0.102908 
 1.669922 	 0.114136 
 1.672363 	 0.118514 
 1.674805 	 0.110851 
 1.677246 	 0.106872 
 1.679688 	 0.113593 
 1.682129 	 0.111383 
 1.684570 	 0.105980 
 1.687012 	 0.111873 
 1.689453 	 0.107931 
 1.691895 	 0.112303 
 1.694336 	 0.096520 
 1.696777 	 0.106377 
 1.699219 	 0.103723 
 1.701660 	 0.105905 
 1.704102 	 0.101444 
 1.706543 	 0.106723 
 1.708984 	 0.103607 
 1.711426 	 0.110321 
 1.713867 	 0.097772 
 1.716309 	 0.113103 
 1.718750 	 0.100389 
 1.721191 	 0.102136 
 1.723633 	 0.098102 
 1.726074 	 0.097746 
 1.728516 	 0.106747 
 1.730957 	 0.108247 
 1.733398 	 0.101613 
 1.735840 	 0.106972 
 1.738281 	 0.092090 
 1.740723 	 0.103363 
 1.743164 	 0.099882 
 1.745605 	 0.102141 
 1.748047 	 0.100855 
 1.750488 	 0.097631 
 1.752930 	 0.095505 
 1.755371 	 0.096588 
 1.757812 	 0.095834 
 1.760254 	 0.105064 
 1.762695 	 0.095335 
 1.765137 	 0.094678 
 1.767578 	 0.094258 
 1.770020 	 0.101364 
 1.772461 	 0.085550 
 1.774902 	 0.094041 
 1.777344 	 0.091424 
 1.779785 	 0.096459 
 1.782227 	 0.095642 
 1.784668 	 0.096098 
 1.787109 	 0.091632 
 1.789551 	 0.087342 
 1.791992 	 0.095825 
 1.794434 	 0.088780 
 1.796875 	 0.090145 
 1.799316 	 0.091489 
 1.801758 	 0.089369 
 1.804199 	 0.090003 
 1.806641 	 0.085950 
 1.809082 	 0.082493 
 1.811523 	 0.078168 
 1.813965 	 0.083116 
 1.816406 	 0.089325 
 1.818848 	 0.082933 
 1.821289 	 0.083389 
 1.823730 	 0.087695 
 1.826172 	 0.085294 
 1.828613 	 0.092087 
 1.831055 	 0.080889 
 1.833496 	 0.092700 
 1.835938 	 0.081908 
 1.838379 	 0.094938 
 1.840820 	 0.086908 
 1.843262 	 0.083037 
 1.845703 	 0.085864 
 1.848145 	 0.084809 
 1.850586 	 0.086677 
 1.853027 	 0.080740 
 1.855469 	 0.070251 
 1.857910 	 0.074645 
 1.860352 	 0.069879 
 1.862793 	 0.085168 
 1.865234 	 0.073027 
 1.867676 	 0.074047 
 1.870117 	 0.069352 
 1.872559 	 0.075606 
 1.875000 	 0.066874 
 1.877441 	 0.077359 
 1.879883 	 0.065810 
 1.882324 	 0.078061 
 1.884766 	 0.060673 
 1.887207 	 0.065271 
 1.889648 	 0.065946 
 1.892090 	 0.062424 
 1.894531 	 0.057867 
 1.896973 	 0.055464 
 1.899414 	 0.059094 
 1.901855 	 0.053642 
 1.904297 	 0.054150 
 1.906738 	 0.062896 
 1.909180 	 0.050605 
 1.911621 	 0.053220 
 1.914062 	 0.044848 
 1.916504 	 0.055809 
 1.918945 	 0.046785 
 1.921387 	 0.051628 
 1.923828 	 0.038323 
 1.926270 	 0.051700 
 1.928711 	 0.046043 
 1.931152 	 0.047969 
 1.933594 	 0.040783 
 1.936035 	 0.045855 
 1.938477 	 0.038488 
 1.940918 	 0.042593 
 1.943359 	 0.038235 
 1.945801 	 0.040873 
 1.948242 	 0.035984 
 1.950684 	 0.042349 
 1.953125 	 0.035144 
 1.955566 	 0.042805 
 1.958008 	 0.036186 
 1.960449 	 0.038860 
 1.962891 	 0.034271 
 1.965332 	 0.037335 
 1.967773 	 0.033281 
 1.970215 	 0.037963 
 1.972656 	 0.034535 
 1.975098 	 0.033918 
 1.977539 	 0.031008 
 1.979980 	 0.034823 
 1.982422 	 0.027877 
 1.984863 	 0.034700 
 1.987305 	 0.029170 
 1.989746 	 0.031802 
 1.992188 	 0.026152 
 1.994629 	 0.033447 
 1.997070 	 0.027674 
 1.999512 	 0.032948 
 2.001953 	 0.026557 
 2.004395 	 0.030552 
 2.006836 	 0.025286 
 2.009277 	 0.031047 
 2.011719 	 0.023805 
 2.014160 	 0.027889 
 2.016602 	 0.022158 
 2.019043 	 0.027148 
 2.021484 	 0.021944 
 2.023926 	 0.028131 
 2.026367 	 0.022979 
 2.028809 	 0.028487 
 2.031250 	 0.021823 
 2.033691 	 0.028729 
 2.036133 	 0.022009 
 2.038574 	 0.025843 
 2.041016 	 0.021307 
 2.043457 	 0.027073 
 2.045898 	 0.021804 
 2.048340 	 0.027567 
 2.050781 	 0.020634 
 2.053223 	 0.026117 
 2.055664 	 0.020169 
 2.058105 	 0.024958 
 2.060547 	 0.019153 
 2.062988 	 0.023881 
 2.065430 	 0.019213 
 2.067871 	 0.022807 
 2.070312 	 0.016560 
 2.072754 	 0.023353 
 2.075195 	 0.016849 
 2.077637 	 0.022415 
 2.080078 	 0.018723 
 2.082520 	 0.022374 
 2.084961 	 0.017655 
 2.087402 	 0.021117 
 2.089844 	 0.017704 
 2.092285 	 0.021082 
 2.094727 	 0.017165 
 2.097168 	 0.020746 
 2.099609 	 0.016393 
 2.102051 	 0.022167 
 2.104492 	 0.014562 
 2.106934 	 0.020901 
 2.109375 	 0.015810 
 2.111816 	 0.020350 
 2.114258 	 0.014968 
 2.116699 	 0.020781 
 2.119141 	 0.016342 
 2.121582 	 0.020124 
 2.124023 	 0.014826 
 2.126465 	 0.019252 
 2.128906 	 0.014854 
 2.131348 	 0.019052 
 2.133789 	 0.015382 
 2.136230 	 0.020232 
 2.138672 	 0.014276 
 2.141113 	 0.019352 
 2.143555 	 0.013401 
 2.145996 	 0.018656 
 2.148438 	 0.013112 
 2.150879 	 0.019914 
 2.153320 	 0.013997 
 2.155762 	 0.017345 
 2.158203 	 0.013350 
 2.160645 	 0.018901 
 2.163086 	 0.012302 
 2.165527 	 0.018061 
 2.167969 	 0.012584 
 2.170410 	 0.018066 
 2.172852 	 0.011802 
 2.175293 	 0.017804 
 2.177734 	 0.013163 
 2.180176 	 0.017212 
 2.182617 	 0.013204 
 2.185059 	 0.017944 
 2.187500 	 0.012574 
 2.189941 	 0.017238 
 2.192383 	 0.012721 
 2.194824 	 0.016557 
 2.197266 	 0.011349 
 2.199707 	 0.017690 
 2.202148 	 0.010989 
 2.204590 	 0.015612 
 2.207031 	 0.012310 
 2.209473 	 0.016853 
 2.211914 	 0.012830 
 2.214355 	 0.017371 
 2.216797 	 0.011722 
 2.219238 	 0.016262 
 2.221680 	 0.011518 
 2.224121 	 0.016154 
 2.226562 	 0.011551 
 2.229004 	 0.016543 
 2.231445 	 0.011315 
 2.233887 	 0.015966 
 2.236328 	 0.010891 
 2.238770 	 0.015390 
 2.241211 	 0.010297 
 2.243652 	 0.014887 
 2.246094 	 0.009955 
 2.248535 	 0.016489 
 2.250977 	 0.010176 
 2.253418 	 0.016033 
 2.255859 	 0.010980 
 2.258301 	 0.015706 
 2.260742 	 0.010130 
 2.263184 	 0.015025 
 2.265625 	 0.010240 
 2.268066 	 0.015214 
 2.270508 	 0.010593 
 2.272949 	 0.014635 
 2.275391 	 0.009297 
 2.277832 	 0.015590 
 2.280273 	 0.009683 
 2.282715 	 0.014918 
 2.285156 	 0.010084 
 2.287598 	 0.015421 
 2.290039 	 0.009469 
 2.292480 	 0.015143 
 2.294922 	 0.009584 
 2.297363 	 0.014838 
 2.299805 	 0.009702 
 2.302246 	 0.014841 
 2.304688 	 0.009518 
 2.307129 	 0.013975 
 2.309570 	 0.009933 
 2.312012 	 0.014129 
 2.314453 	 0.009034 
 2.316895 	 0.014068 
 2.319336 	 0.010062 
 2.321777 	 0.014054 
 2.324219 	 0.010053 
 2.326660 	 0.014549 
 2.329102 	 0.009044 
 2.331543 	 0.014378 
 2.333984 	 0.009290 
 2.336426 	 0.014800 
 2.338867 	 0.008769 
 2.341309 	 0.014354 
 2.343750 	 0.008748 
 2.346191 	 0.013332 
 2.348633 	 0.008696 
 2.351074 	 0.014509 
 2.353516 	 0.009088 
 2.355957 	 0.014174 
 2.358398 	 0.008561 
 2.360840 	 0.013960 
 2.363281 	 0.008498 
 2.365723 	 0.013392 
 2.368164 	 0.008595 
 2.370605 	 0.013251 
 2.373047 	 0.008845 
 2.375488 	 0.014844 
 2.377930 	 0.009077 
 2.380371 	 0.014108 
 2.382812 	 0.007921 
 2.385254 	 0.013787 
 2.387695 	 0.008768 
 2.390137 	 0.013737 
 2.392578 	 0.008486 
 2.395020 	 0.013775 
 2.397461 	 0.008631 
 2.399902 	 0.013680 
 2.402344 	 0.008777 
 2.404785 	 0.014035 
 2.407227 	 0.008312 
 2.409668 	 0.014332 
 2.412109 	 0.008929 
 2.414551 	 0.013841 
 2.416992 	 0.008982 
 2.419434 	 0.013884 
 2.421875 	 0.008873 
 2.424316 	 0.013986 
 2.426758 	 0.009140 
 2.429199 	 0.013782 
 2.431641 	 0.008589 
 2.434082 	 0.013807 
 2.436523 	 0.008574 
 2.438965 	 0.014165 
 2.441406 	 0.008450 
 2.443848 	 0.013871 
 2.446289 	 0.008298 
 2.448730 	 0.012778 
 2.451172 	 0.008853 
 2.453613 	 0.013552 
 2.456055 	 0.007939 
 2.458496 	 0.013421 
 2.460938 	 0.008378 
 2.463379 	 0.013683 
 2.465820 	 0.008170 
 2.468262 	 0.013433 
 2.470703 	 0.008372 
 2.473145 	 0.013231 
 2.475586 	 0.007990 
 2.478027 	 0.013276 
 2.480469 	 0.008569 
 2.482910 	 0.013283 
 2.485352 	 0.008535 
 2.487793 	 0.014106 
 2.490234 	 0.008405 
 2.492676 	 0.014279 
 2.495117 	 0.008913 
 2.497559 	 0.014022 
