 0.000000 	 3.557615 
 0.002441 	 1.127198 
 0.004883 	 0.471037 
 0.007324 	 0.001500 
 0.009766 	 0.043550 
 0.012207 	 0.001497 
 0.014648 	 0.016093 
 0.017090 	 0.001658 
 0.019531 	 0.008103 
 0.021973 	 0.000153 
 0.024414 	 0.005340 
 0.026855 	 0.000797 
 0.029297 	 0.002784 
 0.031738 	 0.000776 
 0.034180 	 0.002065 
 0.036621 	 0.000837 
 0.039062 	 0.000896 
 0.041504 	 0.001205 
 0.043945 	 0.000583 
 0.046387 	 0.000972 
 0.048828 	 0.000338 
 0.051270 	 0.001190 
 0.053711 	 0.000126 
 0.056152 	 0.001089 
 0.058594 	 0.000165 
 0.061035 	 0.001144 
 0.063477 	 0.000039 
 0.065918 	 0.001354 
 0.068359 	 0.000038 
 0.070801 	 0.001357 
 0.073242 	 0.000162 
 0.075684 	 0.001444 
 0.078125 	 0.000148 
 0.080566 	 0.001469 
 0.083008 	 0.000094 
 0.085449 	 0.001640 
 0.087891 	 0.000014 
 0.090332 	 0.001695 
 0.092773 	 0.000077 
 0.095215 	 0.001769 
 0.097656 	 0.000055 
 0.100098 	 0.001941 
 0.102539 	 0.000123 
 0.104980 	 0.001894 
 0.107422 	 0.000187 
 0.109863 	 0.002022 
 0.112305 	 0.000419 
 0.114746 	 0.002143 
 0.117188 	 0.000423 
 0.119629 	 0.002438 
 0.122070 	 0.000706 
 0.124512 	 0.002518 
 0.126953 	 0.000881 
 0.129395 	 0.002804 
 0.131836 	 0.000863 
 0.134277 	 0.002908 
 0.136719 	 0.001068 
 0.139160 	 0.003076 
 0.141602 	 0.001610 
 0.144043 	 0.003079 
 0.146484 	 0.001433 
 0.148926 	 0.003621 
 0.151367 	 0.002509 
 0.153809 	 0.004077 
 0.156250 	 0.002411 
 0.158691 	 0.004333 
 0.161133 	 0.002523 
 0.163574 	 0.004785 
 0.166016 	 0.002748 
 0.168457 	 0.004437 
 0.170898 	 0.003415 
 0.173340 	 0.005087 
 0.175781 	 0.003797 
 0.178223 	 0.006084 
 0.180664 	 0.005016 
 0.183105 	 0.006445 
 0.185547 	 0.005545 
 0.187988 	 0.007552 
 0.190430 	 0.006635 
 0.192871 	 0.008472 
 0.195312 	 0.008097 
 0.197754 	 0.011352 
 0.200195 	 0.010072 
 0.202637 	 0.013979 
 0.205078 	 0.011618 
 0.207520 	 0.014370 
 0.209961 	 0.013554 
 0.212402 	 0.016354 
 0.214844 	 0.019837 
 0.217285 	 0.023028 
 0.219727 	 0.028387 
 0.222168 	 0.033103 
 0.224609 	 0.047467 
 0.227051 	 0.043958 
 0.229492 	 0.073870 
 0.231934 	 0.084500 
 0.234375 	 0.069099 
 0.236816 	 0.104076 
 0.239258 	 0.105385 
 0.241699 	 0.105974 
 0.244141 	 0.102862 
 0.246582 	 0.082577 
 0.249023 	 0.064698 
 0.251465 	 0.073994 
 0.253906 	 0.058889 
 0.256348 	 0.058193 
 0.258789 	 0.053834 
 0.261230 	 0.052326 
 0.263672 	 0.043471 
 0.266113 	 0.047927 
 0.268555 	 0.054948 
 0.270996 	 0.051831 
 0.273438 	 0.051485 
 0.275879 	 0.059627 
 0.278320 	 0.067763 
 0.280762 	 0.060024 
 0.283203 	 0.080717 
 0.285645 	 0.088230 
 0.288086 	 0.083286 
 0.290527 	 0.089051 
 0.292969 	 0.054699 
 0.295410 	 0.054097 
 0.297852 	 0.044377 
 0.300293 	 0.031729 
 0.302734 	 0.026280 
 0.305176 	 0.033905 
 0.307617 	 0.030469 
 0.310059 	 0.027134 
 0.312500 	 0.021380 
 0.314941 	 0.021889 
 0.317383 	 0.016984 
 0.319824 	 0.020205 
 0.322266 	 0.017778 
 0.324707 	 0.018387 
 0.327148 	 0.018158 
 0.329590 	 0.019531 
 0.332031 	 0.014614 
 0.334473 	 0.017992 
 0.336914 	 0.016095 
 0.339355 	 0.019629 
 0.341797 	 0.016164 
 0.344238 	 0.019306 
 0.346680 	 0.017360 
 0.349121 	 0.021364 
 0.351562 	 0.019452 
 0.354004 	 0.023420 
 0.356445 	 0.018572 
 0.358887 	 0.024407 
 0.361328 	 0.022317 
 0.363770 	 0.023147 
 0.366211 	 0.022231 
 0.368652 	 0.028095 
 0.371094 	 0.025913 
 0.373535 	 0.031009 
 0.375977 	 0.028837 
 0.378418 	 0.032752 
 0.380859 	 0.031545 
 0.383301 	 0.041149 
 0.385742 	 0.044782 
 0.388184 	 0.042415 
 0.390625 	 0.062218 
 0.393066 	 0.061007 
 0.395508 	 0.072659 
 0.397949 	 0.088342 
 0.400391 	 0.085898 
 0.402832 	 0.103318 
 0.405273 	 0.128154 
 0.407715 	 0.123823 
 0.410156 	 0.123055 
 0.412598 	 0.123554 
 0.415039 	 0.133210 
 0.417480 	 0.133241 
 0.419922 	 0.128111 
 0.422363 	 0.106107 
 0.424805 	 0.107423 
 0.427246 	 0.095715 
 0.429688 	 0.100716 
 0.432129 	 0.086778 
 0.434570 	 0.108189 
 0.437012 	 0.098598 
 0.439453 	 0.082567 
 0.441895 	 0.084248 
 0.444336 	 0.092613 
 0.446777 	 0.097697 
 0.449219 	 0.103702 
 0.451660 	 0.109318 
 0.454102 	 0.128465 
 0.456543 	 0.137071 
 0.458984 	 0.123867 
 0.461426 	 0.127145 
 0.463867 	 0.151951 
 0.466309 	 0.159756 
 0.468750 	 0.150176 
 0.471191 	 0.196744 
 0.473633 	 0.178277 
 0.476074 	 0.162551 
 0.478516 	 0.174972 
 0.480957 	 0.194886 
 0.483398 	 0.185878 
 0.485840 	 0.159405 
 0.488281 	 0.136153 
 0.490723 	 0.151726 
 0.493164 	 0.146007 
 0.495605 	 0.148759 
 0.498047 	 0.140416 
 0.500488 	 0.138443 
 0.502930 	 0.123032 
 0.505371 	 0.122587 
 0.507812 	 0.121105 
 0.510254 	 0.119715 
 0.512695 	 0.120089 
 0.515137 	 0.118403 
 0.517578 	 0.107892 
 0.520020 	 0.110377 
 0.522461 	 0.122367 
 0.524902 	 0.115622 
 0.527344 	 0.110789 
 0.529785 	 0.133513 
 0.532227 	 0.132788 
 0.534668 	 0.140287 
 0.537109 	 0.141308 
 0.539551 	 0.161176 
 0.541992 	 0.144765 
 0.544434 	 0.158196 
 0.546875 	 0.164420 
 0.549316 	 0.179344 
 0.551758 	 0.157079 
 0.554199 	 0.161676 
 0.556641 	 0.180671 
 0.559082 	 0.190958 
 0.561523 	 0.180376 
 0.563965 	 0.192038 
 0.566406 	 0.202196 
 0.568848 	 0.205370 
 0.571289 	 0.197670 
 0.573730 	 0.225886 
 0.576172 	 0.183922 
 0.578613 	 0.194209 
 0.581055 	 0.170814 
 0.583496 	 0.175202 
 0.585938 	 0.177550 
 0.588379 	 0.166171 
 0.590820 	 0.160679 
 0.593262 	 0.174991 
 0.595703 	 0.174164 
 0.598145 	 0.151744 
 0.600586 	 0.154892 
 0.603027 	 0.154120 
 0.605469 	 0.147989 
 0.607910 	 0.174153 
 0.610352 	 0.177871 
 0.612793 	 0.183043 
 0.615234 	 0.169907 
 0.617676 	 0.177783 
 0.620117 	 0.154401 
 0.622559 	 0.164169 
 0.625000 	 0.149546 
 0.627441 	 0.166750 
 0.629883 	 0.164454 
 0.632324 	 0.165449 
 0.634766 	 0.165670 
 0.637207 	 0.167129 
 0.639648 	 0.184974 
 0.642090 	 0.201562 
 0.644531 	 0.181166 
 0.646973 	 0.186877 
 0.649414 	 0.180239 
 0.651855 	 0.195249 
 0.654297 	 0.199134 
 0.656738 	 0.205552 
 0.659180 	 0.211179 
 0.661621 	 0.186924 
 0.664062 	 0.210539 
 0.666504 	 0.235008 
 0.668945 	 0.226456 
 0.671387 	 0.209681 
 0.673828 	 0.212559 
 0.676270 	 0.235118 
 0.678711 	 0.235085 
 0.681152 	 0.231512 
 0.683594 	 0.224747 
 0.686035 	 0.231456 
 0.688477 	 0.249139 
 0.690918 	 0.245624 
 0.693359 	 0.224911 
 0.695801 	 0.204106 
 0.698242 	 0.217455 
 0.700684 	 0.220401 
 0.703125 	 0.224002 
 0.705566 	 0.208016 
 0.708008 	 0.180308 
 0.710449 	 0.215426 
 0.712891 	 0.221465 
 0.715332 	 0.205233 
 0.717773 	 0.218324 
 0.720215 	 0.216740 
 0.722656 	 0.214130 
 0.725098 	 0.223101 
 0.727539 	 0.190575 
 0.729980 	 0.198659 
 0.732422 	 0.212455 
 0.734863 	 0.201864 
 0.737305 	 0.216535 
 0.739746 	 0.208264 
 0.742188 	 0.214259 
 0.744629 	 0.214306 
 0.747070 	 0.211875 
 0.749512 	 0.240517 
 0.751953 	 0.240298 
 0.754395 	 0.209797 
 0.756836 	 0.230166 
 0.759277 	 0.238871 
 0.761719 	 0.214933 
 0.764160 	 0.210991 
 0.766602 	 0.196799 
 0.769043 	 0.200303 
 0.771484 	 0.185102 
 0.773926 	 0.199282 
 0.776367 	 0.184219 
 0.778809 	 0.189084 
 0.781250 	 0.181630 
 0.783691 	 0.166790 
 0.786133 	 0.174539 
 0.788574 	 0.170316 
 0.791016 	 0.154583 
 0.793457 	 0.155655 
 0.795898 	 0.158052 
 0.798340 	 0.165640 
 0.800781 	 0.170994 
 0.803223 	 0.170096 
 0.805664 	 0.164058 
 0.808105 	 0.175276 
 0.810547 	 0.155198 
 0.812988 	 0.150141 
 0.815430 	 0.153534 
 0.817871 	 0.166108 
 0.820312 	 0.156144 
 0.822754 	 0.158662 
 0.825195 	 0.168576 
 0.827637 	 0.172621 
 0.830078 	 0.174821 
 0.832520 	 0.168866 
 0.834961 	 0.165374 
 0.837402 	 0.187336 
 0.839844 	 0.175378 
 0.842285 	 0.186510 
 0.844727 	 0.189585 
 0.847168 	 0.204987 
 0.849609 	 0.223398 
 0.852051 	 0.244474 
 0.854492 	 0.219512 
 0.856934 	 0.207858 
 0.859375 	 0.217276 
 0.861816 	 0.254327 
 0.864258 	 0.232047 
 0.866699 	 0.232583 
 0.869141 	 0.248863 
 0.871582 	 0.253809 
 0.874023 	 0.255684 
 0.876465 	 0.245634 
 0.878906 	 0.246091 
 0.881348 	 0.257679 
 0.883789 	 0.243049 
 0.886230 	 0.256961 
 0.888672 	 0.242811 
 0.891113 	 0.239981 
 0.893555 	 0.247635 
 0.895996 	 0.245703 
 0.898438 	 0.265759 
 0.900879 	 0.260149 
 0.903320 	 0.243088 
 0.905762 	 0.258350 
 0.908203 	 0.259568 
 0.910645 	 0.256221 
 0.913086 	 0.225298 
 0.915527 	 0.211791 
 0.917969 	 0.232433 
 0.920410 	 0.212917 
 0.922852 	 0.240953 
 0.925293 	 0.222318 
 0.927734 	 0.213481 
 0.930176 	 0.190075 
 0.932617 	 0.201613 
 0.935059 	 0.200142 
 0.937500 	 0.189304 
 0.939941 	 0.188583 
 0.942383 	 0.169961 
 0.944824 	 0.148110 
 0.947266 	 0.155429 
 0.949707 	 0.156722 
 0.952148 	 0.146500 
 0.954590 	 0.159174 
 0.957031 	 0.157709 
 0.959473 	 0.157747 
 0.961914 	 0.152431 
 0.964355 	 0.138057 
 0.966797 	 0.136714 
 0.969238 	 0.136477 
 0.971680 	 0.134371 
 0.974121 	 0.122203 
 0.976562 	 0.126945 
 0.979004 	 0.130933 
 0.981445 	 0.123654 
 0.983887 	 0.125794 
 0.986328 	 0.130626 
 0.988770 	 0.127864 
 0.991211 	 0.129175 
 0.993652 	 0.123568 
 0.996094 	 0.133565 
 0.998535 	 0.128429 
 1.000977 	 0.129606 
 1.003418 	 0.135280 
 1.005859 	 0.143531 
 1.008301 	 0.148287 
 1.010742 	 0.148447 
 1.013184 	 0.148937 
 1.015625 	 0.152910 
 1.018066 	 0.157172 
 1.020508 	 0.150259 
 1.022949 	 0.152813 
 1.025391 	 0.166893 
 1.027832 	 0.150140 
 1.030273 	 0.152112 
 1.032715 	 0.169575 
 1.035156 	 0.157496 
 1.037598 	 0.148990 
 1.040039 	 0.171909 
 1.042480 	 0.164853 
 1.044922 	 0.180203 
 1.047363 	 0.198773 
 1.049805 	 0.188319 
 1.052246 	 0.186204 
 1.054688 	 0.185353 
 1.057129 	 0.191114 
 1.059570 	 0.188215 
 1.062012 	 0.216824 
 1.064453 	 0.183244 
 1.066895 	 0.205092 
 1.069336 	 0.211417 
 1.071777 	 0.216264 
 1.074219 	 0.230386 
 1.076660 	 0.223924 
 1.079102 	 0.196909 
 1.081543 	 0.198158 
 1.083984 	 0.173608 
 1.086426 	 0.193165 
 1.088867 	 0.199759 
 1.091309 	 0.197631 
 1.093750 	 0.185531 
 1.096191 	 0.183394 
 1.098633 	 0.169751 
 1.101074 	 0.174588 
 1.103516 	 0.169221 
 1.105957 	 0.178855 
 1.108398 	 0.183296 
 1.110840 	 0.181304 
 1.113281 	 0.179245 
 1.115723 	 0.180928 
 1.118164 	 0.175468 
 1.120605 	 0.162985 
 1.123047 	 0.187405 
 1.125488 	 0.179026 
 1.127930 	 0.170395 
 1.130371 	 0.172485 
 1.132812 	 0.160642 
 1.135254 	 0.178398 
 1.137695 	 0.164587 
 1.140137 	 0.168110 
 1.142578 	 0.180538 
 1.145020 	 0.171356 
 1.147461 	 0.165894 
 1.149902 	 0.168735 
 1.152344 	 0.163844 
 1.154785 	 0.176383 
 1.157227 	 0.158987 
 1.159668 	 0.167531 
 1.162109 	 0.165651 
 1.164551 	 0.178422 
 1.166992 	 0.176099 
 1.169434 	 0.170748 
 1.171875 	 0.169244 
 1.174316 	 0.153591 
 1.176758 	 0.155706 
 1.179199 	 0.163027 
 1.181641 	 0.159002 
 1.184082 	 0.163635 
 1.186523 	 0.162474 
 1.188965 	 0.152374 
 1.191406 	 0.140468 
 1.193848 	 0.155474 
 1.196289 	 0.147767 
 1.198730 	 0.136556 
 1.201172 	 0.141314 
 1.203613 	 0.135751 
 1.206055 	 0.128056 
 1.208496 	 0.142178 
 1.210938 	 0.145495 
 1.213379 	 0.142549 
 1.215820 	 0.148159 
 1.218262 	 0.152773 
 1.220703 	 0.141556 
 1.223145 	 0.135290 
 1.225586 	 0.151719 
 1.228027 	 0.141490 
 1.230469 	 0.129762 
 1.232910 	 0.131450 
 1.235352 	 0.137365 
 1.237793 	 0.146916 
 1.240234 	 0.148891 
 1.242676 	 0.149343 
 1.245117 	 0.148975 
 1.247559 	 0.128132 
 1.250000 	 0.143198 
 1.252441 	 0.145054 
 1.254883 	 0.142616 
 1.257324 	 0.142007 
 1.259766 	 0.146290 
 1.262207 	 0.144944 
 1.264648 	 0.137489 
 1.267090 	 0.146676 
 1.269531 	 0.137350 
 1.271973 	 0.143604 
 1.274414 	 0.130234 
 1.276855 	 0.132226 
 1.279297 	 0.133643 
 1.281738 	 0.145738 
 1.284180 	 0.135418 
 1.286621 	 0.136087 
 1.289062 	 0.148163 
 1.291504 	 0.133874 
 1.293945 	 0.132856 
 1.296387 	 0.136534 
 1.298828 	 0.141578 
 1.301270 	 0.142747 
 1.303711 	 0.145617 
 1.306152 	 0.130530 
 1.308594 	 0.123115 
 1.311035 	 0.135221 
 1.313477 	 0.137363 
 1.315918 	 0.135843 
 1.318359 	 0.136848 
 1.320801 	 0.133387 
 1.323242 	 0.139067 
 1.325684 	 0.141840 
 1.328125 	 0.137731 
 1.330566 	 0.127104 
 1.333008 	 0.117873 
 1.335449 	 0.128981 
 1.337891 	 0.126353 
 1.340332 	 0.132526 
 1.342773 	 0.121225 
 1.345215 	 0.129923 
 1.347656 	 0.116321 
 1.350098 	 0.112997 
 1.352539 	 0.112648 
 1.354980 	 0.118688 
 1.357422 	 0.122587 
 1.359863 	 0.117856 
 1.362305 	 0.116154 
 1.364746 	 0.125079 
 1.367188 	 0.111393 
 1.369629 	 0.119347 
 1.372070 	 0.113699 
 1.374512 	 0.118746 
 1.376953 	 0.112393 
 1.379395 	 0.114363 
 1.381836 	 0.113998 
 1.384277 	 0.113402 
 1.386719 	 0.113627 
 1.389160 	 0.110933 
 1.391602 	 0.111783 
 1.394043 	 0.114172 
 1.396484 	 0.105777 
 1.398926 	 0.125310 
 1.401367 	 0.115254 
 1.403809 	 0.115268 
 1.406250 	 0.126337 
 1.408691 	 0.119023 
 1.411133 	 0.115116 
 1.413574 	 0.113949 
 1.416016 	 0.110833 
 1.418457 	 0.108541 
 1.420898 	 0.106042 
 1.423340 	 0.114232 
 1.425781 	 0.115842 
 1.428223 	 0.105192 
 1.430664 	 0.109745 
 1.433105 	 0.111083 
 1.435547 	 0.104808 
 1.437988 	 0.120418 
 1.440430 	 0.110248 
 1.442871 	 0.119343 
 1.445312 	 0.105161 
 1.447754 	 0.117928 
 1.450195 	 0.121583 
 1.452637 	 0.124638 
 1.455078 	 0.123630 
 1.457520 	 0.119078 
 1.459961 	 0.115787 
 1.462402 	 0.119963 
 1.464844 	 0.114552 
 1.467285 	 0.115742 
 1.469727 	 0.110269 
 1.472168 	 0.121748 
 1.474609 	 0.108049 
 1.477051 	 0.113284 
 1.479492 	 0.110758 
 1.481934 	 0.116069 
 1.484375 	 0.111161 
 1.486816 	 0.113298 
 1.489258 	 0.115141 
 1.491699 	 0.129298 
 1.494141 	 0.128219 
 1.496582 	 0.123097 
 1.499023 	 0.115723 
 1.501465 	 0.134530 
 1.503906 	 0.118208 
 1.506348 	 0.123304 
 1.508789 	 0.123604 
 1.511230 	 0.130707 
 1.513672 	 0.113538 
 1.516113 	 0.119027 
 1.518555 	 0.126450 
 1.520996 	 0.127981 
 1.523438 	 0.117567 
 1.525879 	 0.122576 
 1.528320 	 0.109175 
 1.530762 	 0.129366 
 1.533203 	 0.119160 
 1.535645 	 0.119804 
 1.538086 	 0.120440 
 1.540527 	 0.126205 
 1.542969 	 0.127517 
 1.545410 	 0.133763 
 1.547852 	 0.121599 
 1.550293 	 0.129316 
 1.552734 	 0.130649 
 1.555176 	 0.127881 
 1.557617 	 0.131489 
 1.560059 	 0.133739 
 1.562500 	 0.119860 
 1.564941 	 0.123335 
 1.567383 	 0.122022 
 1.569824 	 0.123326 
 1.572266 	 0.123829 
 1.574707 	 0.125914 
 1.577148 	 0.113345 
 1.579590 	 0.111054 
 1.582031 	 0.123695 
 1.584473 	 0.128346 
 1.586914 	 0.115158 
 1.589355 	 0.122728 
 1.591797 	 0.117269 
 1.594238 	 0.107410 
 1.596680 	 0.114099 
 1.599121 	 0.114256 
 1.601562 	 0.115475 
 1.604004 	 0.123293 
 1.606445 	 0.111259 
 1.608887 	 0.114757 
 1.611328 	 0.119456 
 1.613770 	 0.106189 
 1.616211 	 0.110595 
 1.618652 	 0.115189 
 1.621094 	 0.110248 
 1.623535 	 0.113253 
 1.625977 	 0.117486 
 1.628418 	 0.101392 
 1.630859 	 0.113800 
 1.633301 	 0.116631 
 1.635742 	 0.102666 
 1.638184 	 0.109301 
 1.640625 	 0.104828 
 1.643066 	 0.106766 
 1.645508 	 0.096176 
 1.647949 	 0.106891 
 1.650391 	 0.099027 
 1.652832 	 0.102242 
 1.655273 	 0.102797 
 1.657715 	 0.100639 
 1.660156 	 0.100408 
 1.662598 	 0.100834 
 1.665039 	 0.091664 
 1.667480 	 0.108006 
 1.669922 	 0.094429 
 1.672363 	 0.100536 
 1.674805 	 0.096175 
 1.677246 	 0.098628 
 1.679688 	 0.094822 
 1.682129 	 0.086974 
 1.684570 	 0.089323 
 1.687012 	 0.093414 
 1.689453 	 0.094665 
 1.691895 	 0.091733 
 1.694336 	 0.089102 
 1.696777 	 0.094860 
 1.699219 	 0.089941 
 1.701660 	 0.091875 
 1.704102 	 0.086071 
 1.706543 	 0.087319 
 1.708984 	 0.083544 
 1.711426 	 0.087430 
 1.713867 	 0.084881 
 1.716309 	 0.081297 
 1.718750 	 0.085393 
 1.721191 	 0.084509 
 1.723633 	 0.075749 
 1.726074 	 0.087261 
 1.728516 	 0.082416 
 1.730957 	 0.086570 
 1.733398 	 0.085312 
 1.735840 	 0.089801 
 1.738281 	 0.086300 
 1.740723 	 0.079343 
 1.743164 	 0.076735 
 1.745605 	 0.084216 
 1.748047 	 0.079913 
 1.750488 	 0.086712 
 1.752930 	 0.084381 
 1.755371 	 0.085383 
 1.757812 	 0.080798 
 1.760254 	 0.081343 
 1.762695 	 0.073539 
 1.765137 	 0.083334 
 1.767578 	 0.078759 
 1.770020 	 0.087700 
 1.772461 	 0.082435 
 1.774902 	 0.090504 
 1.777344 	 0.087289 
 1.779785 	 0.087622 
 1.782227 	 0.082304 
 1.784668 	 0.087921 
 1.787109 	 0.086005 
 1.789551 	 0.088392 
 1.791992 	 0.083655 
 1.794434 	 0.082551 
 1.796875 	 0.085606 
 1.799316 	 0.070032 
 1.801758 	 0.075173 
 1.804199 	 0.078835 
 1.806641 	 0.078202 
 1.809082 	 0.078056 
 1.811523 	 0.074301 
 1.813965 	 0.073951 
 1.816406 	 0.071538 
 1.818848 	 0.079493 
 1.821289 	 0.072640 
 1.823730 	 0.068156 
 1.826172 	 0.065763 
 1.828613 	 0.071992 
 1.831055 	 0.073386 
 1.833496 	 0.081643 
 1.835938 	 0.074163 
 1.838379 	 0.078137 
 1.840820 	 0.073133 
 1.843262 	 0.074921 
 1.845703 	 0.074439 
 1.848145 	 0.075052 
 1.850586 	 0.065649 
 1.853027 	 0.071796 
 1.855469 	 0.067315 
 1.857910 	 0.075902 
 1.860352 	 0.071558 
 1.862793 	 0.062441 
 1.865234 	 0.068159 
 1.867676 	 0.069146 
 1.870117 	 0.065416 
 1.872559 	 0.064759 
 1.875000 	 0.067465 
 1.877441 	 0.070669 
 1.879883 	 0.061857 
 1.882324 	 0.064935 
 1.884766 	 0.057141 
 1.887207 	 0.067179 
 1.889648 	 0.058289 
 1.892090 	 0.059937 
 1.894531 	 0.057215 
 1.896973 	 0.052744 
 1.899414 	 0.053367 
 1.901855 	 0.051497 
 1.904297 	 0.049464 
 1.906738 	 0.048503 
 1.909180 	 0.048987 
 1.911621 	 0.056474 
 1.914062 	 0.045462 
 1.916504 	 0.046994 
 1.918945 	 0.046190 
 1.921387 	 0.046266 
 1.923828 	 0.040994 
 1.926270 	 0.038100 
 1.928711 	 0.041150 
 1.931152 	 0.036607 
 1.933594 	 0.035992 
 1.936035 	 0.037137 
 1.938477 	 0.035923 
 1.940918 	 0.039840 
 1.943359 	 0.034307 
 1.945801 	 0.037899 
 1.948242 	 0.031763 
 1.950684 	 0.036510 
 1.953125 	 0.031229 
 1.955566 	 0.031040 
 1.958008 	 0.027484 
 1.960449 	 0.029997 
 1.962891 	 0.026405 
 1.965332 	 0.027729 
 1.967773 	 0.025729 
 1.970215 	 0.027738 
 1.972656 	 0.024514 
 1.975098 	 0.026642 
 1.977539 	 0.022666 
 1.979980 	 0.027485 
 1.982422 	 0.023290 
 1.984863 	 0.025179 
 1.987305 	 0.024868 
 1.989746 	 0.025935 
 1.992188 	 0.025651 
 1.994629 	 0.026126 
 1.997070 	 0.023587 
 1.999512 	 0.025189 
 2.001953 	 0.022589 
 2.004395 	 0.023745 
 2.006836 	 0.019431 
 2.009277 	 0.021507 
 2.011719 	 0.019667 
 2.014160 	 0.021712 
 2.016602 	 0.019795 
 2.019043 	 0.020031 
 2.021484 	 0.017590 
 2.023926 	 0.021100 
 2.026367 	 0.018570 
 2.028809 	 0.020561 
 2.031250 	 0.017663 
 2.033691 	 0.020374 
 2.036133 	 0.017608 
 2.038574 	 0.019462 
 2.041016 	 0.015890 
 2.043457 	 0.019401 
 2.045898 	 0.018042 
 2.048340 	 0.019754 
 2.050781 	 0.016292 
 2.053223 	 0.018214 
 2.055664 	 0.014795 
 2.058105 	 0.019085 
 2.060547 	 0.016839 
 2.062988 	 0.017225 
 2.065430 	 0.015533 
 2.067871 	 0.018548 
 2.070312 	 0.015344 
 2.072754 	 0.017732 
 2.075195 	 0.015972 
 2.077637 	 0.017190 
 2.080078 	 0.014835 
 2.082520 	 0.016009 
 2.084961 	 0.014257 
 2.087402 	 0.016400 
 2.089844 	 0.012737 
 2.092285 	 0.015726 
 2.094727 	 0.013050 
 2.097168 	 0.015079 
 2.099609 	 0.012617 
 2.102051 	 0.015021 
 2.104492 	 0.013031 
 2.106934 	 0.014388 
 2.109375 	 0.012721 
 2.111816 	 0.015520 
 2.114258 	 0.011570 
 2.116699 	 0.014784 
 2.119141 	 0.011698 
 2.121582 	 0.014196 
 2.124023 	 0.011564 
 2.126465 	 0.013792 
 2.128906 	 0.011012 
 2.131348 	 0.013843 
 2.133789 	 0.011599 
 2.136230 	 0.014053 
 2.138672 	 0.011511 
 2.141113 	 0.013312 
 2.143555 	 0.010447 
 2.145996 	 0.013613 
 2.148438 	 0.010709 
 2.150879 	 0.012164 
 2.153320 	 0.010297 
 2.155762 	 0.012442 
 2.158203 	 0.010506 
 2.160645 	 0.013296 
 2.163086 	 0.010420 
 2.165527 	 0.013789 
 2.167969 	 0.010584 
 2.170410 	 0.012890 
 2.172852 	 0.010346 
 2.175293 	 0.013122 
 2.177734 	 0.010492 
 2.180176 	 0.011986 
 2.182617 	 0.009770 
 2.185059 	 0.012694 
 2.187500 	 0.009730 
 2.189941 	 0.011896 
 2.192383 	 0.009854 
 2.194824 	 0.012615 
 2.197266 	 0.009706 
 2.199707 	 0.012029 
 2.202148 	 0.009375 
 2.204590 	 0.011010 
 2.207031 	 0.009335 
 2.209473 	 0.011534 
 2.211914 	 0.009038 
 2.214355 	 0.011880 
 2.216797 	 0.009334 
 2.219238 	 0.011216 
 2.221680 	 0.009793 
 2.224121 	 0.011136 
 2.226562 	 0.009045 
 2.229004 	 0.011399 
 2.231445 	 0.008441 
 2.233887 	 0.011076 
 2.236328 	 0.008095 
 2.238770 	 0.011022 
 2.241211 	 0.008880 
 2.243652 	 0.010850 
 2.246094 	 0.008312 
 2.248535 	 0.011433 
 2.250977 	 0.008151 
 2.253418 	 0.011102 
 2.255859 	 0.008167 
 2.258301 	 0.010487 
 2.260742 	 0.008629 
 2.263184 	 0.010478 
 2.265625 	 0.008289 
 2.268066 	 0.010610 
 2.270508 	 0.007537 
 2.272949 	 0.010570 
 2.275391 	 0.008576 
 2.277832 	 0.010145 
 2.280273 	 0.008293 
 2.282715 	 0.010533 
 2.285156 	 0.007723 
 2.287598 	 0.010042 
 2.290039 	 0.007780 
 2.292480 	 0.011178 
 2.294922 	 0.007242 
 2.297363 	 0.010117 
 2.299805 	 0.007536 
 2.302246 	 0.010521 
 2.304688 	 0.007408 
 2.307129 	 0.009624 
 2.309570 	 0.007132 
 2.312012 	 0.009832 
 2.314453 	 0.007115 
 2.316895 	 0.010257 
 2.319336 	 0.007341 
 2.321777 	 0.010052 
 2.324219 	 0.007459 
 2.326660 	 0.010388 
 2.329102 	 0.006932 
 2.331543 	 0.009732 
 2.333984 	 0.006907 
 2.336426 	 0.009306 
 2.338867 	 0.007011 
 2.341309 	 0.010098 
 2.343750 	 0.007183 
 2.346191 	 0.009724 
 2.348633 	 0.007304 
 2.351074 	 0.009884 
 2.353516 	 0.007649 
 2.355957 	 0.010609 
 2.358398 	 0.007327 
 2.360840 	 0.009626 
 2.363281 	 0.006929 
 2.365723 	 0.009485 
 2.368164 	 0.006757 
 2.370605 	 0.009508 
 2.373047 	 0.006933 
 2.375488 	 0.009846 
 2.377930 	 0.007144 
 2.380371 	 0.009154 
 2.382812 	 0.007088 
 2.385254 	 0.009915 
 2.387695 	 0.007544 
 2.390137 	 0.009312 
 2.392578 	 0.007487 
 2.395020 	 0.009495 
 2.397461 	 0.006502 
 2.399902 	 0.009669 
 2.402344 	 0.006398 
 2.404785 	 0.009149 
 2.407227 	 0.006573 
 2.409668 	 0.009471 
 2.412109 	 0.006878 
 2.414551 	 0.008863 
 2.416992 	 0.006643 
 2.419434 	 0.009549 
 2.421875 	 0.006750 
 2.424316 	 0.009274 
 2.426758 	 0.006648 
 2.429199 	 0.009362 
 2.431641 	 0.006342 
 2.434082 	 0.009583 
 2.436523 	 0.006501 
 2.438965 	 0.009675 
 2.441406 	 0.006432 
 2.443848 	 0.008933 
 2.446289 	 0.006702 
 2.448730 	 0.009631 
 2.451172 	 0.006804 
 2.453613 	 0.009352 
 2.456055 	 0.006796 
 2.458496 	 0.009460 
 2.460938 	 0.007472 
 2.463379 	 0.009880 
 2.465820 	 0.006512 
 2.468262 	 0.008974 
 2.470703 	 0.006849 
 2.473145 	 0.009687 
 2.475586 	 0.006700 
 2.478027 	 0.009276 
 2.480469 	 0.006902 
 2.482910 	 0.009313 
 2.485352 	 0.006751 
 2.487793 	 0.009161 
 2.490234 	 0.007315 
 2.492676 	 0.008876 
 2.495117 	 0.006539 
 2.497559 	 0.009454 
