 0.000000 	 3.012729 
 0.002441 	 0.092210 
 0.004883 	 2.709464 
 0.007324 	 1.153832 
 0.009766 	 0.148438 
 0.012207 	 0.128846 
 0.014648 	 0.064622 
 0.017090 	 0.059657 
 0.019531 	 0.035721 
 0.021973 	 0.035485 
 0.024414 	 0.023159 
 0.026855 	 0.024019 
 0.029297 	 0.016433 
 0.031738 	 0.017839 
 0.034180 	 0.012403 
 0.036621 	 0.013967 
 0.039062 	 0.009772 
 0.041504 	 0.011523 
 0.043945 	 0.007943 
 0.046387 	 0.009930 
 0.048828 	 0.006506 
 0.051270 	 0.008886 
 0.053711 	 0.005482 
 0.056152 	 0.008091 
 0.058594 	 0.004469 
 0.061035 	 0.007517 
 0.063477 	 0.003731 
 0.065918 	 0.007341 
 0.068359 	 0.003196 
 0.070801 	 0.007025 
 0.073242 	 0.002387 
 0.075684 	 0.007050 
 0.078125 	 0.002124 
 0.080566 	 0.007361 
 0.083008 	 0.001395 
 0.085449 	 0.007061 
 0.087891 	 0.000853 
 0.090332 	 0.007300 
 0.092773 	 0.000373 
 0.095215 	 0.007356 
 0.097656 	 0.000128 
 0.100098 	 0.007337 
 0.102539 	 0.000401 
 0.104980 	 0.007810 
 0.107422 	 0.001316 
 0.109863 	 0.007836 
 0.112305 	 0.001828 
 0.114746 	 0.008917 
 0.117188 	 0.002764 
 0.119629 	 0.009727 
 0.122070 	 0.003448 
 0.124512 	 0.011055 
 0.126953 	 0.004234 
 0.129395 	 0.011348 
 0.131836 	 0.004907 
 0.134277 	 0.013752 
 0.136719 	 0.006078 
 0.139160 	 0.014614 
 0.141602 	 0.008832 
 0.144043 	 0.015305 
 0.146484 	 0.010919 
 0.148926 	 0.018572 
 0.151367 	 0.011835 
 0.153809 	 0.021292 
 0.156250 	 0.015012 
 0.158691 	 0.021001 
 0.161133 	 0.018731 
 0.163574 	 0.022906 
 0.166016 	 0.021384 
 0.168457 	 0.024923 
 0.170898 	 0.024140 
 0.173340 	 0.029603 
 0.175781 	 0.031347 
 0.178223 	 0.037040 
 0.180664 	 0.039023 
 0.183105 	 0.051628 
 0.185547 	 0.046463 
 0.187988 	 0.074722 
 0.190430 	 0.054918 
 0.192871 	 0.071272 
 0.195312 	 0.072825 
 0.197754 	 0.082131 
 0.200195 	 0.093029 
 0.202637 	 0.112111 
 0.205078 	 0.106899 
 0.207520 	 0.122186 
 0.209961 	 0.102181 
 0.212402 	 0.122108 
 0.214844 	 0.133218 
 0.217285 	 0.104349 
 0.219727 	 0.109483 
 0.222168 	 0.117885 
 0.224609 	 0.076519 
 0.227051 	 0.101125 
 0.229492 	 0.074355 
 0.231934 	 0.075998 
 0.234375 	 0.071330 
 0.236816 	 0.075372 
 0.239258 	 0.072701 
 0.241699 	 0.073958 
 0.244141 	 0.081802 
 0.246582 	 0.080820 
 0.249023 	 0.075943 
 0.251465 	 0.079010 
 0.253906 	 0.091849 
 0.256348 	 0.095834 
 0.258789 	 0.095518 
 0.261230 	 0.112219 
 0.263672 	 0.102287 
 0.266113 	 0.122257 
 0.268555 	 0.099263 
 0.270996 	 0.101382 
 0.273438 	 0.076594 
 0.275879 	 0.082431 
 0.278320 	 0.052350 
 0.280762 	 0.066032 
 0.283203 	 0.053039 
 0.285645 	 0.065920 
 0.288086 	 0.051817 
 0.290527 	 0.055425 
 0.292969 	 0.049531 
 0.295410 	 0.052075 
 0.297852 	 0.055051 
 0.300293 	 0.051193 
 0.302734 	 0.046545 
 0.305176 	 0.052847 
 0.307617 	 0.050599 
 0.310059 	 0.047148 
 0.312500 	 0.051054 
 0.314941 	 0.051833 
 0.317383 	 0.050934 
 0.319824 	 0.057702 
 0.322266 	 0.051168 
 0.324707 	 0.058383 
 0.327148 	 0.054596 
 0.329590 	 0.064267 
 0.332031 	 0.055609 
 0.334473 	 0.070719 
 0.336914 	 0.064528 
 0.339355 	 0.075273 
 0.341797 	 0.073697 
 0.344238 	 0.082659 
 0.346680 	 0.080295 
 0.349121 	 0.096803 
 0.351562 	 0.095783 
 0.354004 	 0.120269 
 0.356445 	 0.108645 
 0.358887 	 0.112703 
 0.361328 	 0.113980 
 0.363770 	 0.135492 
 0.366211 	 0.124952 
 0.368652 	 0.169955 
 0.371094 	 0.146492 
 0.373535 	 0.157596 
 0.375977 	 0.145868 
 0.378418 	 0.160896 
 0.380859 	 0.168533 
 0.383301 	 0.170629 
 0.385742 	 0.166348 
 0.388184 	 0.161715 
 0.390625 	 0.172096 
 0.393066 	 0.174745 
 0.395508 	 0.171529 
 0.397949 	 0.182316 
 0.400391 	 0.161739 
 0.402832 	 0.177093 
 0.405273 	 0.172492 
 0.407715 	 0.182931 
 0.410156 	 0.200340 
 0.412598 	 0.189954 
 0.415039 	 0.195781 
 0.417480 	 0.194119 
 0.419922 	 0.196244 
 0.422363 	 0.212915 
 0.424805 	 0.223507 
 0.427246 	 0.211381 
 0.429688 	 0.223561 
 0.432129 	 0.199948 
 0.434570 	 0.217606 
 0.437012 	 0.220161 
 0.439453 	 0.235029 
 0.441895 	 0.240078 
 0.444336 	 0.220498 
 0.446777 	 0.229734 
 0.449219 	 0.248262 
 0.451660 	 0.248720 
 0.454102 	 0.221706 
 0.456543 	 0.233306 
 0.458984 	 0.221457 
 0.461426 	 0.219308 
 0.463867 	 0.216642 
 0.466309 	 0.221535 
 0.468750 	 0.220437 
 0.471191 	 0.219312 
 0.473633 	 0.215547 
 0.476074 	 0.198205 
 0.478516 	 0.226676 
 0.480957 	 0.216084 
 0.483398 	 0.228883 
 0.485840 	 0.205914 
 0.488281 	 0.220812 
 0.490723 	 0.215796 
 0.493164 	 0.216880 
 0.495605 	 0.211425 
 0.498047 	 0.233172 
 0.500488 	 0.233242 
 0.502930 	 0.246953 
 0.505371 	 0.255309 
 0.507812 	 0.242251 
 0.510254 	 0.230960 
 0.512695 	 0.263392 
 0.515137 	 0.264360 
 0.517578 	 0.253819 
 0.520020 	 0.250426 
 0.522461 	 0.241916 
 0.524902 	 0.277419 
 0.527344 	 0.251639 
 0.529785 	 0.244923 
 0.532227 	 0.258445 
 0.534668 	 0.274037 
 0.537109 	 0.284655 
 0.539551 	 0.279453 
 0.541992 	 0.284228 
 0.544434 	 0.265117 
 0.546875 	 0.267508 
 0.549316 	 0.292950 
 0.551758 	 0.273603 
 0.554199 	 0.285319 
 0.556641 	 0.263166 
 0.559082 	 0.269614 
 0.561523 	 0.265532 
 0.563965 	 0.280047 
 0.566406 	 0.247319 
 0.568848 	 0.255425 
 0.571289 	 0.261786 
 0.573730 	 0.276754 
 0.576172 	 0.269184 
 0.578613 	 0.274594 
 0.581055 	 0.289479 
 0.583496 	 0.278588 
 0.585938 	 0.286967 
 0.588379 	 0.280398 
 0.590820 	 0.276045 
 0.593262 	 0.289558 
 0.595703 	 0.278098 
 0.598145 	 0.291472 
 0.600586 	 0.329391 
 0.603027 	 0.291930 
 0.605469 	 0.294479 
 0.607910 	 0.292046 
 0.610352 	 0.289761 
 0.612793 	 0.293846 
 0.615234 	 0.314201 
 0.617676 	 0.296280 
 0.620117 	 0.338907 
 0.622559 	 0.326398 
 0.625000 	 0.296855 
 0.627441 	 0.295404 
 0.629883 	 0.301929 
 0.632324 	 0.329997 
 0.634766 	 0.274159 
 0.637207 	 0.310597 
 0.639648 	 0.307536 
 0.642090 	 0.301334 
 0.644531 	 0.309159 
 0.646973 	 0.323563 
 0.649414 	 0.331538 
 0.651855 	 0.308768 
 0.654297 	 0.321996 
 0.656738 	 0.309559 
 0.659180 	 0.320327 
 0.661621 	 0.328308 
 0.664062 	 0.324081 
 0.666504 	 0.294889 
 0.668945 	 0.336676 
 0.671387 	 0.316866 
 0.673828 	 0.327946 
 0.676270 	 0.318185 
 0.678711 	 0.324306 
 0.681152 	 0.313314 
 0.683594 	 0.287395 
 0.686035 	 0.290870 
 0.688477 	 0.303576 
 0.690918 	 0.297092 
 0.693359 	 0.297327 
 0.695801 	 0.300966 
 0.698242 	 0.306319 
 0.700684 	 0.333048 
 0.703125 	 0.316597 
 0.705566 	 0.317643 
 0.708008 	 0.294006 
 0.710449 	 0.315118 
 0.712891 	 0.307828 
 0.715332 	 0.325467 
 0.717773 	 0.317693 
 0.720215 	 0.332721 
 0.722656 	 0.308367 
 0.725098 	 0.320269 
 0.727539 	 0.297821 
 0.729980 	 0.310649 
 0.732422 	 0.301978 
 0.734863 	 0.296383 
 0.737305 	 0.275048 
 0.739746 	 0.274223 
 0.742188 	 0.312700 
 0.744629 	 0.285326 
 0.747070 	 0.278547 
 0.749512 	 0.291701 
 0.751953 	 0.290250 
 0.754395 	 0.295195 
 0.756836 	 0.281381 
 0.759277 	 0.284427 
 0.761719 	 0.291297 
 0.764160 	 0.300653 
 0.766602 	 0.291672 
 0.769043 	 0.318894 
 0.771484 	 0.286417 
 0.773926 	 0.288483 
 0.776367 	 0.325571 
 0.778809 	 0.285580 
 0.781250 	 0.298476 
 0.783691 	 0.293707 
 0.786133 	 0.302570 
 0.788574 	 0.311399 
 0.791016 	 0.294938 
 0.793457 	 0.290778 
 0.795898 	 0.312871 
 0.798340 	 0.307219 
 0.800781 	 0.323263 
 0.803223 	 0.303940 
 0.805664 	 0.310992 
 0.808105 	 0.321453 
 0.810547 	 0.339304 
 0.812988 	 0.344487 
 0.815430 	 0.345491 
 0.817871 	 0.344401 
 0.820312 	 0.323585 
 0.822754 	 0.338626 
 0.825195 	 0.313164 
 0.827637 	 0.331870 
 0.830078 	 0.328035 
 0.832520 	 0.333742 
 0.834961 	 0.325440 
 0.837402 	 0.344343 
 0.839844 	 0.360164 
 0.842285 	 0.354695 
 0.844727 	 0.354134 
 0.847168 	 0.354153 
 0.849609 	 0.345191 
 0.852051 	 0.346854 
 0.854492 	 0.335239 
 0.856934 	 0.343595 
 0.859375 	 0.354726 
 0.861816 	 0.325316 
 0.864258 	 0.327703 
 0.866699 	 0.339135 
 0.869141 	 0.295697 
 0.871582 	 0.335190 
 0.874023 	 0.314024 
 0.876465 	 0.306180 
 0.878906 	 0.315724 
 0.881348 	 0.339192 
 0.883789 	 0.283018 
 0.886230 	 0.304761 
 0.888672 	 0.289391 
 0.891113 	 0.295130 
 0.893555 	 0.273192 
 0.895996 	 0.289657 
 0.898438 	 0.278079 
 0.900879 	 0.290207 
 0.903320 	 0.259379 
 0.905762 	 0.284392 
 0.908203 	 0.259411 
 0.910645 	 0.260400 
 0.913086 	 0.270099 
 0.915527 	 0.245484 
 0.917969 	 0.260677 
 0.920410 	 0.255708 
 0.922852 	 0.260470 
 0.925293 	 0.240658 
 0.927734 	 0.227115 
 0.930176 	 0.263000 
 0.932617 	 0.242119 
 0.935059 	 0.262328 
 0.937500 	 0.238182 
 0.939941 	 0.253109 
 0.942383 	 0.253717 
 0.944824 	 0.263435 
 0.947266 	 0.240861 
 0.949707 	 0.258374 
 0.952148 	 0.256218 
 0.954590 	 0.236344 
 0.957031 	 0.247975 
 0.959473 	 0.250418 
 0.961914 	 0.249884 
 0.964355 	 0.253377 
 0.966797 	 0.247525 
 0.969238 	 0.260213 
 0.971680 	 0.259225 
 0.974121 	 0.269517 
 0.976562 	 0.269707 
 0.979004 	 0.262922 
 0.981445 	 0.265008 
 0.983887 	 0.254462 
 0.986328 	 0.261204 
 0.988770 	 0.237683 
 0.991211 	 0.264666 
 0.993652 	 0.247793 
 0.996094 	 0.280352 
 0.998535 	 0.282220 
 1.000977 	 0.259249 
 1.003418 	 0.294700 
 1.005859 	 0.269753 
 1.008301 	 0.261458 
 1.010742 	 0.264921 
 1.013184 	 0.270828 
 1.015625 	 0.274582 
 1.018066 	 0.267825 
 1.020508 	 0.265640 
 1.022949 	 0.282352 
 1.025391 	 0.271811 
 1.027832 	 0.268972 
 1.030273 	 0.268429 
 1.032715 	 0.272287 
 1.035156 	 0.276886 
 1.037598 	 0.292383 
 1.040039 	 0.264430 
 1.042480 	 0.251002 
 1.044922 	 0.283686 
 1.047363 	 0.270411 
 1.049805 	 0.264327 
 1.052246 	 0.269252 
 1.054688 	 0.281291 
 1.057129 	 0.266321 
 1.059570 	 0.253104 
 1.062012 	 0.304839 
 1.064453 	 0.243243 
 1.066895 	 0.266677 
 1.069336 	 0.246691 
 1.071777 	 0.260675 
 1.074219 	 0.251148 
 1.076660 	 0.254912 
 1.079102 	 0.260996 
 1.081543 	 0.262201 
 1.083984 	 0.249135 
 1.086426 	 0.264513 
 1.088867 	 0.247115 
 1.091309 	 0.264674 
 1.093750 	 0.251097 
 1.096191 	 0.260156 
 1.098633 	 0.255916 
 1.101074 	 0.249856 
 1.103516 	 0.254856 
 1.105957 	 0.237595 
 1.108398 	 0.262716 
 1.110840 	 0.244817 
 1.113281 	 0.248227 
 1.115723 	 0.254396 
 1.118164 	 0.245873 
 1.120605 	 0.255438 
 1.123047 	 0.220900 
 1.125488 	 0.260047 
 1.127930 	 0.243140 
 1.130371 	 0.247261 
 1.132812 	 0.236692 
 1.135254 	 0.248273 
 1.137695 	 0.227400 
 1.140137 	 0.245072 
 1.142578 	 0.233226 
 1.145020 	 0.224517 
 1.147461 	 0.229792 
 1.149902 	 0.231276 
 1.152344 	 0.227912 
 1.154785 	 0.218093 
 1.157227 	 0.223955 
 1.159668 	 0.213570 
 1.162109 	 0.219347 
 1.164551 	 0.221494 
 1.166992 	 0.220505 
 1.169434 	 0.229719 
 1.171875 	 0.230772 
 1.174316 	 0.235089 
 1.176758 	 0.211278 
 1.179199 	 0.224799 
 1.181641 	 0.216690 
 1.184082 	 0.224212 
 1.186523 	 0.212860 
 1.188965 	 0.228331 
 1.191406 	 0.213547 
 1.193848 	 0.219651 
 1.196289 	 0.209075 
 1.198730 	 0.216990 
 1.201172 	 0.204229 
 1.203613 	 0.234626 
 1.206055 	 0.214965 
 1.208496 	 0.197168 
 1.210938 	 0.224253 
 1.213379 	 0.223975 
 1.215820 	 0.208722 
 1.218262 	 0.219700 
 1.220703 	 0.195866 
 1.223145 	 0.216806 
 1.225586 	 0.211118 
 1.228027 	 0.220641 
 1.230469 	 0.224162 
 1.232910 	 0.204516 
 1.235352 	 0.210143 
 1.237793 	 0.205917 
 1.240234 	 0.210094 
 1.242676 	 0.207853 
 1.245117 	 0.192945 
 1.247559 	 0.202862 
 1.250000 	 0.177196 
 1.252441 	 0.209069 
 1.254883 	 0.191395 
 1.257324 	 0.213533 
 1.259766 	 0.199862 
 1.262207 	 0.188045 
 1.264648 	 0.203154 
 1.267090 	 0.193338 
 1.269531 	 0.186679 
 1.271973 	 0.205461 
 1.274414 	 0.197260 
 1.276855 	 0.183988 
 1.279297 	 0.180738 
 1.281738 	 0.189185 
 1.284180 	 0.180266 
 1.286621 	 0.188983 
 1.289062 	 0.185679 
 1.291504 	 0.202871 
 1.293945 	 0.187533 
 1.296387 	 0.197400 
 1.298828 	 0.178169 
 1.301270 	 0.200289 
 1.303711 	 0.175314 
 1.306152 	 0.181971 
 1.308594 	 0.174458 
 1.311035 	 0.177576 
 1.313477 	 0.186787 
 1.315918 	 0.191340 
 1.318359 	 0.182353 
 1.320801 	 0.197201 
 1.323242 	 0.167286 
 1.325684 	 0.181353 
 1.328125 	 0.174302 
 1.330566 	 0.175431 
 1.333008 	 0.181445 
 1.335449 	 0.180022 
 1.337891 	 0.167765 
 1.340332 	 0.196945 
 1.342773 	 0.171525 
 1.345215 	 0.184550 
 1.347656 	 0.175796 
 1.350098 	 0.180341 
 1.352539 	 0.171869 
 1.354980 	 0.183101 
 1.357422 	 0.170509 
 1.359863 	 0.176178 
 1.362305 	 0.170376 
 1.364746 	 0.172268 
 1.367188 	 0.176221 
 1.369629 	 0.178689 
 1.372070 	 0.163072 
 1.374512 	 0.169385 
 1.376953 	 0.182054 
 1.379395 	 0.172310 
 1.381836 	 0.181510 
 1.384277 	 0.174633 
 1.386719 	 0.174363 
 1.389160 	 0.176126 
 1.391602 	 0.184583 
 1.394043 	 0.179072 
 1.396484 	 0.179932 
 1.398926 	 0.185129 
 1.401367 	 0.175369 
 1.403809 	 0.179097 
 1.406250 	 0.175768 
 1.408691 	 0.164015 
 1.411133 	 0.170245 
 1.413574 	 0.172569 
 1.416016 	 0.169606 
 1.418457 	 0.174174 
 1.420898 	 0.163233 
 1.423340 	 0.181004 
 1.425781 	 0.162582 
 1.428223 	 0.180164 
 1.430664 	 0.169631 
 1.433105 	 0.179980 
 1.435547 	 0.166019 
 1.437988 	 0.178107 
 1.440430 	 0.170987 
 1.442871 	 0.174748 
 1.445312 	 0.167223 
 1.447754 	 0.176328 
 1.450195 	 0.177009 
 1.452637 	 0.176669 
 1.455078 	 0.175556 
 1.457520 	 0.192532 
 1.459961 	 0.179070 
 1.462402 	 0.185507 
 1.464844 	 0.172558 
 1.467285 	 0.183769 
 1.469727 	 0.172905 
 1.472168 	 0.189858 
 1.474609 	 0.178054 
 1.477051 	 0.182384 
 1.479492 	 0.177477 
 1.481934 	 0.173196 
 1.484375 	 0.173560 
 1.486816 	 0.192778 
 1.489258 	 0.186008 
 1.491699 	 0.181960 
 1.494141 	 0.160822 
 1.496582 	 0.174175 
 1.499023 	 0.174446 
 1.501465 	 0.175254 
 1.503906 	 0.176594 
 1.506348 	 0.165308 
 1.508789 	 0.162167 
 1.511230 	 0.163122 
 1.513672 	 0.176768 
 1.516113 	 0.177068 
 1.518555 	 0.164509 
 1.520996 	 0.171340 
 1.523438 	 0.170155 
 1.525879 	 0.193983 
 1.528320 	 0.173575 
 1.530762 	 0.167991 
 1.533203 	 0.170819 
 1.535645 	 0.182363 
 1.538086 	 0.166162 
 1.540527 	 0.180621 
 1.542969 	 0.169302 
 1.545410 	 0.170397 
 1.547852 	 0.163663 
 1.550293 	 0.161271 
 1.552734 	 0.161843 
 1.555176 	 0.160370 
 1.557617 	 0.177694 
 1.560059 	 0.165629 
 1.562500 	 0.164154 
 1.564941 	 0.163566 
 1.567383 	 0.156341 
 1.569824 	 0.173023 
 1.572266 	 0.165478 
 1.574707 	 0.175648 
 1.577148 	 0.161565 
 1.579590 	 0.162090 
 1.582031 	 0.156483 
 1.584473 	 0.176005 
 1.586914 	 0.157354 
 1.589355 	 0.162270 
 1.591797 	 0.148042 
 1.594238 	 0.162647 
 1.596680 	 0.151906 
 1.599121 	 0.159607 
 1.601562 	 0.142061 
 1.604004 	 0.167424 
 1.606445 	 0.150004 
 1.608887 	 0.146526 
 1.611328 	 0.154136 
 1.613770 	 0.144953 
 1.616211 	 0.147417 
 1.618652 	 0.145524 
 1.621094 	 0.141758 
 1.623535 	 0.146912 
 1.625977 	 0.137226 
 1.628418 	 0.147650 
 1.630859 	 0.144932 
 1.633301 	 0.139026 
 1.635742 	 0.136444 
 1.638184 	 0.139016 
 1.640625 	 0.151714 
 1.643066 	 0.136174 
 1.645508 	 0.134987 
 1.647949 	 0.141386 
 1.650391 	 0.133098 
 1.652832 	 0.142373 
 1.655273 	 0.135097 
 1.657715 	 0.140836 
 1.660156 	 0.128597 
 1.662598 	 0.140184 
 1.665039 	 0.133146 
 1.667480 	 0.137833 
 1.669922 	 0.125347 
 1.672363 	 0.143700 
 1.674805 	 0.117757 
 1.677246 	 0.124326 
 1.679688 	 0.127773 
 1.682129 	 0.122374 
 1.684570 	 0.135751 
 1.687012 	 0.127000 
 1.689453 	 0.121920 
 1.691895 	 0.130805 
 1.694336 	 0.121694 
 1.696777 	 0.123186 
 1.699219 	 0.118103 
 1.701660 	 0.136242 
 1.704102 	 0.136609 
 1.706543 	 0.131040 
 1.708984 	 0.120925 
 1.711426 	 0.126887 
 1.713867 	 0.114518 
 1.716309 	 0.120784 
 1.718750 	 0.120960 
 1.721191 	 0.122352 
 1.723633 	 0.113792 
 1.726074 	 0.131972 
 1.728516 	 0.129440 
 1.730957 	 0.122907 
 1.733398 	 0.111651 
 1.735840 	 0.119734 
 1.738281 	 0.119391 
 1.740723 	 0.116862 
 1.743164 	 0.111581 
 1.745605 	 0.122183 
 1.748047 	 0.111475 
 1.750488 	 0.134905 
 1.752930 	 0.108437 
 1.755371 	 0.131597 
 1.757812 	 0.113106 
 1.760254 	 0.127642 
 1.762695 	 0.108676 
 1.765137 	 0.119920 
 1.767578 	 0.119097 
 1.770020 	 0.121141 
 1.772461 	 0.110627 
 1.774902 	 0.117324 
 1.777344 	 0.108658 
 1.779785 	 0.111784 
 1.782227 	 0.099596 
 1.784668 	 0.113684 
 1.787109 	 0.103635 
 1.789551 	 0.102780 
 1.791992 	 0.102304 
 1.794434 	 0.107979 
 1.796875 	 0.105782 
 1.799316 	 0.117150 
 1.801758 	 0.098596 
 1.804199 	 0.117481 
 1.806641 	 0.106572 
 1.809082 	 0.110568 
 1.811523 	 0.110936 
 1.813965 	 0.103511 
 1.816406 	 0.101746 
 1.818848 	 0.103513 
 1.821289 	 0.099265 
 1.823730 	 0.103908 
 1.826172 	 0.096377 
 1.828613 	 0.100166 
 1.831055 	 0.093258 
 1.833496 	 0.099387 
 1.835938 	 0.083946 
 1.838379 	 0.102030 
 1.840820 	 0.087946 
 1.843262 	 0.099452 
 1.845703 	 0.084556 
 1.848145 	 0.087490 
 1.850586 	 0.084781 
 1.853027 	 0.093292 
 1.855469 	 0.085164 
 1.857910 	 0.084821 
 1.860352 	 0.082714 
 1.862793 	 0.085740 
 1.865234 	 0.080413 
 1.867676 	 0.087621 
 1.870117 	 0.082165 
 1.872559 	 0.087281 
 1.875000 	 0.079694 
 1.877441 	 0.077576 
 1.879883 	 0.078586 
 1.882324 	 0.077025 
 1.884766 	 0.071026 
 1.887207 	 0.074745 
 1.889648 	 0.067317 
 1.892090 	 0.071325 
 1.894531 	 0.069797 
 1.896973 	 0.068785 
 1.899414 	 0.071797 
 1.901855 	 0.067365 
 1.904297 	 0.064186 
 1.906738 	 0.065796 
 1.909180 	 0.057792 
 1.911621 	 0.074108 
 1.914062 	 0.059739 
 1.916504 	 0.063403 
 1.918945 	 0.056750 
 1.921387 	 0.063767 
 1.923828 	 0.053446 
 1.926270 	 0.060080 
 1.928711 	 0.060315 
 1.931152 	 0.061206 
 1.933594 	 0.055020 
 1.936035 	 0.059288 
 1.938477 	 0.047486 
 1.940918 	 0.059075 
 1.943359 	 0.055845 
 1.945801 	 0.055375 
 1.948242 	 0.047609 
 1.950684 	 0.051794 
 1.953125 	 0.045447 
 1.955566 	 0.052009 
 1.958008 	 0.048101 
 1.960449 	 0.048295 
 1.962891 	 0.045997 
 1.965332 	 0.045598 
 1.967773 	 0.042564 
 1.970215 	 0.048542 
 1.972656 	 0.044084 
 1.975098 	 0.049056 
 1.977539 	 0.044900 
 1.979980 	 0.044575 
 1.982422 	 0.042315 
 1.984863 	 0.044657 
 1.987305 	 0.042367 
 1.989746 	 0.044041 
 1.992188 	 0.040295 
 1.994629 	 0.042959 
 1.997070 	 0.037601 
 1.999512 	 0.041419 
 2.001953 	 0.037087 
 2.004395 	 0.041494 
 2.006836 	 0.038774 
 2.009277 	 0.040018 
 2.011719 	 0.034367 
 2.014160 	 0.042275 
 2.016602 	 0.034096 
 2.019043 	 0.038478 
 2.021484 	 0.035008 
 2.023926 	 0.036879 
 2.026367 	 0.034971 
 2.028809 	 0.039618 
 2.031250 	 0.033588 
 2.033691 	 0.037197 
 2.036133 	 0.032060 
 2.038574 	 0.037421 
 2.041016 	 0.029391 
 2.043457 	 0.038652 
 2.045898 	 0.029873 
 2.048340 	 0.034438 
 2.050781 	 0.032742 
 2.053223 	 0.035425 
 2.055664 	 0.030992 
 2.058105 	 0.033337 
 2.060547 	 0.030235 
 2.062988 	 0.031961 
 2.065430 	 0.027803 
 2.067871 	 0.032826 
 2.070312 	 0.027304 
 2.072754 	 0.032622 
 2.075195 	 0.028999 
 2.077637 	 0.031068 
 2.080078 	 0.027886 
 2.082520 	 0.031690 
 2.084961 	 0.026289 
 2.087402 	 0.030159 
 2.089844 	 0.025084 
 2.092285 	 0.030713 
 2.094727 	 0.024408 
 2.097168 	 0.029934 
 2.099609 	 0.024489 
 2.102051 	 0.030033 
 2.104492 	 0.025520 
 2.106934 	 0.028732 
 2.109375 	 0.022856 
 2.111816 	 0.029515 
 2.114258 	 0.024324 
 2.116699 	 0.027562 
 2.119141 	 0.024865 
 2.121582 	 0.028763 
 2.124023 	 0.024748 
 2.126465 	 0.027315 
 2.128906 	 0.024890 
 2.131348 	 0.027590 
 2.133789 	 0.022039 
 2.136230 	 0.028178 
 2.138672 	 0.021851 
 2.141113 	 0.027845 
 2.143555 	 0.021989 
 2.145996 	 0.026691 
 2.148438 	 0.021894 
 2.150879 	 0.025662 
 2.153320 	 0.021956 
 2.155762 	 0.026705 
 2.158203 	 0.020638 
 2.160645 	 0.026971 
 2.163086 	 0.019740 
 2.165527 	 0.024828 
 2.167969 	 0.019547 
 2.170410 	 0.024631 
 2.172852 	 0.019469 
 2.175293 	 0.024205 
 2.177734 	 0.020183 
 2.180176 	 0.024971 
 2.182617 	 0.019884 
 2.185059 	 0.024200 
 2.187500 	 0.019326 
 2.189941 	 0.024181 
 2.192383 	 0.018220 
 2.194824 	 0.024034 
 2.197266 	 0.020557 
 2.199707 	 0.024780 
 2.202148 	 0.019796 
 2.204590 	 0.023928 
 2.207031 	 0.018706 
 2.209473 	 0.025622 
 2.211914 	 0.017098 
 2.214355 	 0.024529 
 2.216797 	 0.017689 
 2.219238 	 0.022952 
 2.221680 	 0.017284 
 2.224121 	 0.022331 
 2.226562 	 0.017651 
 2.229004 	 0.021893 
 2.231445 	 0.016726 
 2.233887 	 0.023613 
 2.236328 	 0.017236 
 2.238770 	 0.022209 
 2.241211 	 0.017162 
 2.243652 	 0.023291 
 2.246094 	 0.017769 
 2.248535 	 0.022395 
 2.250977 	 0.016487 
 2.253418 	 0.022030 
 2.255859 	 0.017511 
 2.258301 	 0.021528 
 2.260742 	 0.016645 
 2.263184 	 0.021424 
 2.265625 	 0.016173 
 2.268066 	 0.022004 
 2.270508 	 0.016944 
 2.272949 	 0.022242 
 2.275391 	 0.016449 
 2.277832 	 0.021625 
 2.280273 	 0.016744 
 2.282715 	 0.021861 
 2.285156 	 0.017246 
 2.287598 	 0.020001 
 2.290039 	 0.016988 
 2.292480 	 0.021573 
 2.294922 	 0.016375 
 2.297363 	 0.019568 
 2.299805 	 0.015991 
 2.302246 	 0.021060 
 2.304688 	 0.016281 
 2.307129 	 0.021381 
 2.309570 	 0.014661 
 2.312012 	 0.021205 
 2.314453 	 0.015671 
 2.316895 	 0.021358 
 2.319336 	 0.016103 
 2.321777 	 0.022120 
 2.324219 	 0.015787 
 2.326660 	 0.019541 
 2.329102 	 0.015971 
 2.331543 	 0.019380 
 2.333984 	 0.015544 
 2.336426 	 0.020506 
 2.338867 	 0.014576 
 2.341309 	 0.020708 
 2.343750 	 0.014562 
 2.346191 	 0.020470 
 2.348633 	 0.015443 
 2.351074 	 0.020819 
 2.353516 	 0.015017 
 2.355957 	 0.021286 
 2.358398 	 0.015273 
 2.360840 	 0.020437 
 2.363281 	 0.015604 
 2.365723 	 0.021070 
 2.368164 	 0.015215 
 2.370605 	 0.020563 
 2.373047 	 0.014849 
 2.375488 	 0.019347 
 2.377930 	 0.014192 
 2.380371 	 0.019528 
 2.382812 	 0.015438 
 2.385254 	 0.019670 
 2.387695 	 0.014249 
 2.390137 	 0.019541 
 2.392578 	 0.014580 
 2.395020 	 0.020444 
 2.397461 	 0.013881 
 2.399902 	 0.019345 
 2.402344 	 0.014301 
 2.404785 	 0.019949 
 2.407227 	 0.013650 
 2.409668 	 0.019321 
 2.412109 	 0.013724 
 2.414551 	 0.020000 
 2.416992 	 0.013528 
 2.419434 	 0.019088 
 2.421875 	 0.013673 
 2.424316 	 0.018908 
 2.426758 	 0.014253 
 2.429199 	 0.018456 
 2.431641 	 0.013678 
 2.434082 	 0.018369 
 2.436523 	 0.013959 
 2.438965 	 0.018046 
 2.441406 	 0.013551 
 2.443848 	 0.018968 
 2.446289 	 0.013635 
 2.448730 	 0.018526 
 2.451172 	 0.013795 
 2.453613 	 0.019939 
 2.456055 	 0.014861 
 2.458496 	 0.018008 
 2.460938 	 0.013597 
 2.463379 	 0.018581 
 2.465820 	 0.013947 
 2.468262 	 0.019038 
 2.470703 	 0.014252 
 2.473145 	 0.019097 
 2.475586 	 0.012837 
 2.478027 	 0.018660 
 2.480469 	 0.013972 
 2.482910 	 0.019615 
 2.485352 	 0.013195 
 2.487793 	 0.018863 
 2.490234 	 0.014186 
 2.492676 	 0.017602 
 2.495117 	 0.013119 
 2.497559 	 0.017881 
