 0.000000 	 0.055300 
 0.002441 	 1.060895 
 0.004883 	 0.299498 
 0.007324 	 0.089191 
 0.009766 	 0.051506 
 0.012207 	 0.028023 
 0.014648 	 0.021214 
 0.017090 	 0.014726 
 0.019531 	 0.011486 
 0.021973 	 0.009043 
 0.024414 	 0.007688 
 0.026855 	 0.005936 
 0.029297 	 0.005686 
 0.031738 	 0.004379 
 0.034180 	 0.004238 
 0.036621 	 0.003578 
 0.039062 	 0.003293 
 0.041504 	 0.002941 
 0.043945 	 0.002788 
 0.046387 	 0.002391 
 0.048828 	 0.002444 
 0.051270 	 0.002051 
 0.053711 	 0.002101 
 0.056152 	 0.001850 
 0.058594 	 0.001832 
 0.061035 	 0.001661 
 0.063477 	 0.001678 
 0.065918 	 0.001465 
 0.068359 	 0.001571 
 0.070801 	 0.001333 
 0.073242 	 0.001454 
 0.075684 	 0.001256 
 0.078125 	 0.001355 
 0.080566 	 0.001186 
 0.083008 	 0.001296 
 0.085449 	 0.001098 
 0.087891 	 0.001257 
 0.090332 	 0.001031 
 0.092773 	 0.001216 
 0.095215 	 0.000994 
 0.097656 	 0.001171 
 0.100098 	 0.000940 
 0.102539 	 0.001152 
 0.104980 	 0.000903 
 0.107422 	 0.001137 
 0.109863 	 0.000864 
 0.112305 	 0.001141 
 0.114746 	 0.000823 
 0.117188 	 0.001115 
 0.119629 	 0.000807 
 0.122070 	 0.001120 
 0.124512 	 0.000780 
 0.126953 	 0.001127 
 0.129395 	 0.000746 
 0.131836 	 0.001141 
 0.134277 	 0.000712 
 0.136719 	 0.001170 
 0.139160 	 0.000687 
 0.141602 	 0.001165 
 0.144043 	 0.000660 
 0.146484 	 0.001177 
 0.148926 	 0.000666 
 0.151367 	 0.001202 
 0.153809 	 0.000624 
 0.156250 	 0.001258 
 0.158691 	 0.000609 
 0.161133 	 0.001273 
 0.163574 	 0.000581 
 0.166016 	 0.001335 
 0.168457 	 0.000576 
 0.170898 	 0.001402 
 0.173340 	 0.000521 
 0.175781 	 0.001436 
 0.178223 	 0.000527 
 0.180664 	 0.001504 
 0.183105 	 0.000435 
 0.185547 	 0.001616 
 0.187988 	 0.000451 
 0.190430 	 0.001675 
 0.192871 	 0.000327 
 0.195312 	 0.001804 
 0.197754 	 0.000416 
 0.200195 	 0.001917 
 0.202637 	 0.000442 
 0.205078 	 0.002097 
 0.207520 	 0.000282 
 0.209961 	 0.002272 
 0.212402 	 0.000209 
 0.214844 	 0.002399 
 0.217285 	 0.000311 
 0.219727 	 0.002645 
 0.222168 	 0.000237 
 0.224609 	 0.002804 
 0.227051 	 0.000174 
 0.229492 	 0.003323 
 0.231934 	 0.000652 
 0.234375 	 0.004499 
 0.236816 	 0.001292 
 0.239258 	 0.006478 
 0.241699 	 0.001549 
 0.244141 	 0.009442 
 0.246582 	 0.002758 
 0.249023 	 0.013777 
 0.251465 	 0.008653 
 0.253906 	 0.027078 
 0.256348 	 0.030163 
 0.258789 	 0.099371 
 0.261230 	 0.101146 
 0.263672 	 0.083985 
 0.266113 	 0.099739 
 0.268555 	 0.030564 
 0.270996 	 0.028771 
 0.273438 	 0.010033 
 0.275879 	 0.014186 
 0.278320 	 0.006579 
 0.280762 	 0.012057 
 0.283203 	 0.011863 
 0.285645 	 0.014264 
 0.288086 	 0.025994 
 0.290527 	 0.036802 
 0.292969 	 0.036606 
 0.295410 	 0.046713 
 0.297852 	 0.030543 
 0.300293 	 0.029071 
 0.302734 	 0.044247 
 0.305176 	 0.056160 
 0.307617 	 0.060621 
 0.310059 	 0.058766 
 0.312500 	 0.034479 
 0.314941 	 0.021835 
 0.317383 	 0.013879 
 0.319824 	 0.008980 
 0.322266 	 0.005877 
 0.324707 	 0.004941 
 0.327148 	 0.003875 
 0.329590 	 0.004180 
 0.332031 	 0.003639 
 0.334473 	 0.003564 
 0.336914 	 0.002986 
 0.339355 	 0.003804 
 0.341797 	 0.002564 
 0.344238 	 0.003163 
 0.346680 	 0.002657 
 0.349121 	 0.003284 
 0.351562 	 0.002915 
 0.354004 	 0.003394 
 0.356445 	 0.002513 
 0.358887 	 0.003073 
 0.361328 	 0.002796 
 0.363770 	 0.003234 
 0.366211 	 0.002466 
 0.368652 	 0.003108 
 0.371094 	 0.002937 
 0.373535 	 0.003076 
 0.375977 	 0.002893 
 0.378418 	 0.003326 
 0.380859 	 0.002953 
 0.383301 	 0.003862 
 0.385742 	 0.003769 
 0.388184 	 0.004216 
 0.390625 	 0.003838 
 0.393066 	 0.004071 
 0.395508 	 0.005009 
 0.397949 	 0.005121 
 0.400391 	 0.006238 
 0.402832 	 0.006126 
 0.405273 	 0.006494 
 0.407715 	 0.007159 
 0.410156 	 0.008665 
 0.412598 	 0.010730 
 0.415039 	 0.011845 
 0.417480 	 0.016874 
 0.419922 	 0.018737 
 0.422363 	 0.023070 
 0.424805 	 0.033592 
 0.427246 	 0.035147 
 0.429688 	 0.044980 
 0.432129 	 0.044837 
 0.434570 	 0.048747 
 0.437012 	 0.056029 
 0.439453 	 0.063627 
 0.441895 	 0.088273 
 0.444336 	 0.070645 
 0.446777 	 0.052313 
 0.449219 	 0.039333 
 0.451660 	 0.028664 
 0.454102 	 0.024160 
 0.456543 	 0.021663 
 0.458984 	 0.020436 
 0.461426 	 0.016738 
 0.463867 	 0.015087 
 0.466309 	 0.015034 
 0.468750 	 0.016169 
 0.471191 	 0.016841 
 0.473633 	 0.018180 
 0.476074 	 0.017541 
 0.478516 	 0.019283 
 0.480957 	 0.022227 
 0.483398 	 0.026540 
 0.485840 	 0.031330 
 0.488281 	 0.041892 
 0.490723 	 0.057316 
 0.493164 	 0.079203 
 0.495605 	 0.089122 
 0.498047 	 0.121763 
 0.500488 	 0.123331 
 0.502930 	 0.110851 
 0.505371 	 0.111557 
 0.507812 	 0.093010 
 0.510254 	 0.083349 
 0.512695 	 0.062013 
 0.515137 	 0.056358 
 0.517578 	 0.063947 
 0.520020 	 0.060385 
 0.522461 	 0.061431 
 0.524902 	 0.064838 
 0.527344 	 0.061444 
 0.529785 	 0.062210 
 0.532227 	 0.064012 
 0.534668 	 0.056136 
 0.537109 	 0.045343 
 0.539551 	 0.046536 
 0.541992 	 0.037694 
 0.544434 	 0.036837 
 0.546875 	 0.029913 
 0.549316 	 0.030043 
 0.551758 	 0.027761 
 0.554199 	 0.034700 
 0.556641 	 0.035693 
 0.559082 	 0.045341 
 0.561523 	 0.052469 
 0.563965 	 0.050464 
 0.566406 	 0.050577 
 0.568848 	 0.055938 
 0.571289 	 0.071498 
 0.573730 	 0.081921 
 0.576172 	 0.072665 
 0.578613 	 0.088427 
 0.581055 	 0.084577 
 0.583496 	 0.079002 
 0.585938 	 0.075148 
 0.588379 	 0.082965 
 0.590820 	 0.090111 
 0.593262 	 0.107905 
 0.595703 	 0.108363 
 0.598145 	 0.126661 
 0.600586 	 0.122863 
 0.603027 	 0.120085 
 0.605469 	 0.124155 
 0.607910 	 0.107267 
 0.610352 	 0.105070 
 0.612793 	 0.081241 
 0.615234 	 0.089082 
 0.617676 	 0.054879 
 0.620117 	 0.055257 
 0.622559 	 0.043766 
 0.625000 	 0.043496 
 0.627441 	 0.037063 
 0.629883 	 0.037839 
 0.632324 	 0.037205 
 0.634766 	 0.038073 
 0.637207 	 0.046374 
 0.639648 	 0.050032 
 0.642090 	 0.053274 
 0.644531 	 0.070584 
 0.646973 	 0.070038 
 0.649414 	 0.075895 
 0.651855 	 0.071484 
 0.654297 	 0.067079 
 0.656738 	 0.061476 
 0.659180 	 0.068873 
 0.661621 	 0.067146 
 0.664062 	 0.073060 
 0.666504 	 0.065497 
 0.668945 	 0.064785 
 0.671387 	 0.064485 
 0.673828 	 0.075722 
 0.676270 	 0.061276 
 0.678711 	 0.079912 
 0.681152 	 0.076375 
 0.683594 	 0.077256 
 0.686035 	 0.068823 
 0.688477 	 0.077625 
 0.690918 	 0.071238 
 0.693359 	 0.073567 
 0.695801 	 0.074639 
 0.698242 	 0.078055 
 0.700684 	 0.083118 
 0.703125 	 0.093561 
 0.705566 	 0.104426 
 0.708008 	 0.120919 
 0.710449 	 0.129043 
 0.712891 	 0.142483 
 0.715332 	 0.157428 
 0.717773 	 0.149336 
 0.720215 	 0.149716 
 0.722656 	 0.120425 
 0.725098 	 0.112778 
 0.727539 	 0.103213 
 0.729980 	 0.100847 
 0.732422 	 0.093723 
 0.734863 	 0.092392 
 0.737305 	 0.078768 
 0.739746 	 0.085766 
 0.742188 	 0.084521 
 0.744629 	 0.088572 
 0.747070 	 0.085482 
 0.749512 	 0.088146 
 0.751953 	 0.087377 
 0.754395 	 0.080186 
 0.756836 	 0.073806 
 0.759277 	 0.076962 
 0.761719 	 0.074617 
 0.764160 	 0.079604 
 0.766602 	 0.087483 
 0.769043 	 0.072334 
 0.771484 	 0.077076 
 0.773926 	 0.072713 
 0.776367 	 0.081313 
 0.778809 	 0.088202 
 0.781250 	 0.092238 
 0.783691 	 0.104706 
 0.786133 	 0.122393 
 0.788574 	 0.143289 
 0.791016 	 0.139208 
 0.793457 	 0.139820 
 0.795898 	 0.121199 
 0.798340 	 0.113841 
 0.800781 	 0.109215 
 0.803223 	 0.101870 
 0.805664 	 0.092652 
 0.808105 	 0.083988 
 0.810547 	 0.081406 
 0.812988 	 0.069082 
 0.815430 	 0.072979 
 0.817871 	 0.072701 
 0.820312 	 0.085515 
 0.822754 	 0.081348 
 0.825195 	 0.086628 
 0.827637 	 0.082146 
 0.830078 	 0.077265 
 0.832520 	 0.082269 
 0.834961 	 0.079921 
 0.837402 	 0.076135 
 0.839844 	 0.068232 
 0.842285 	 0.056397 
 0.844727 	 0.048328 
 0.847168 	 0.042830 
 0.849609 	 0.042258 
 0.852051 	 0.044298 
 0.854492 	 0.045015 
 0.856934 	 0.049442 
 0.859375 	 0.044190 
 0.861816 	 0.040794 
 0.864258 	 0.041824 
 0.866699 	 0.042648 
 0.869141 	 0.043975 
 0.871582 	 0.047437 
 0.874023 	 0.044820 
 0.876465 	 0.047667 
 0.878906 	 0.052780 
 0.881348 	 0.057774 
 0.883789 	 0.062785 
 0.886230 	 0.083660 
 0.888672 	 0.090923 
 0.891113 	 0.107942 
 0.893555 	 0.122820 
 0.895996 	 0.130408 
 0.898438 	 0.150560 
 0.900879 	 0.139330 
 0.903320 	 0.152827 
 0.905762 	 0.130228 
 0.908203 	 0.127483 
 0.910645 	 0.119987 
 0.913086 	 0.111561 
 0.915527 	 0.101267 
 0.917969 	 0.099519 
 0.920410 	 0.086529 
 0.922852 	 0.094865 
 0.925293 	 0.103270 
 0.927734 	 0.091839 
 0.930176 	 0.093024 
 0.932617 	 0.095250 
 0.935059 	 0.088946 
 0.937500 	 0.096514 
 0.939941 	 0.102016 
 0.942383 	 0.105621 
 0.944824 	 0.116661 
 0.947266 	 0.129377 
 0.949707 	 0.129373 
 0.952148 	 0.136581 
 0.954590 	 0.143013 
 0.957031 	 0.141280 
 0.959473 	 0.140425 
 0.961914 	 0.135887 
 0.964355 	 0.117603 
 0.966797 	 0.096704 
 0.969238 	 0.087080 
 0.971680 	 0.086839 
 0.974121 	 0.076914 
 0.976562 	 0.076799 
 0.979004 	 0.065566 
 0.981445 	 0.059168 
 0.983887 	 0.057637 
 0.986328 	 0.055478 
 0.988770 	 0.058905 
 0.991211 	 0.056678 
 0.993652 	 0.057188 
 0.996094 	 0.063109 
 0.998535 	 0.059709 
 1.000977 	 0.063828 
 1.003418 	 0.055359 
 1.005859 	 0.051063 
 1.008301 	 0.053048 
 1.010742 	 0.054204 
 1.013184 	 0.051483 
 1.015625 	 0.051032 
 1.018066 	 0.041889 
 1.020508 	 0.042612 
 1.022949 	 0.038842 
 1.025391 	 0.039053 
 1.027832 	 0.039298 
 1.030273 	 0.039194 
 1.032715 	 0.038203 
 1.035156 	 0.035845 
 1.037598 	 0.039002 
 1.040039 	 0.038621 
 1.042480 	 0.039311 
 1.044922 	 0.040012 
 1.047363 	 0.038717 
 1.049805 	 0.036014 
 1.052246 	 0.043189 
 1.054688 	 0.042256 
 1.057129 	 0.039820 
 1.059570 	 0.045004 
 1.062012 	 0.041711 
 1.064453 	 0.044801 
 1.066895 	 0.052246 
 1.069336 	 0.063280 
 1.071777 	 0.059484 
 1.074219 	 0.069607 
 1.076660 	 0.064437 
 1.079102 	 0.059210 
 1.081543 	 0.056284 
 1.083984 	 0.048065 
 1.086426 	 0.046657 
 1.088867 	 0.050893 
 1.091309 	 0.058295 
 1.093750 	 0.068647 
 1.096191 	 0.070180 
 1.098633 	 0.071230 
 1.101074 	 0.076714 
 1.103516 	 0.085047 
 1.105957 	 0.091328 
 1.108398 	 0.105467 
 1.110840 	 0.100187 
 1.113281 	 0.123620 
 1.115723 	 0.114392 
 1.118164 	 0.117116 
 1.120605 	 0.114028 
 1.123047 	 0.112717 
 1.125488 	 0.099338 
 1.127930 	 0.100602 
 1.130371 	 0.104151 
 1.132812 	 0.110040 
 1.135254 	 0.115450 
 1.137695 	 0.112081 
 1.140137 	 0.108066 
 1.142578 	 0.100793 
 1.145020 	 0.082609 
 1.147461 	 0.081130 
 1.149902 	 0.067219 
 1.152344 	 0.062152 
 1.154785 	 0.056077 
 1.157227 	 0.056452 
 1.159668 	 0.051276 
 1.162109 	 0.055662 
 1.164551 	 0.058767 
 1.166992 	 0.056076 
 1.169434 	 0.055902 
 1.171875 	 0.060217 
 1.174316 	 0.066373 
 1.176758 	 0.067640 
 1.179199 	 0.078469 
 1.181641 	 0.091169 
 1.184082 	 0.100268 
 1.186523 	 0.105493 
 1.188965 	 0.110044 
 1.191406 	 0.106157 
 1.193848 	 0.102940 
 1.196289 	 0.103703 
 1.198730 	 0.109052 
 1.201172 	 0.099629 
 1.203613 	 0.091387 
 1.206055 	 0.096748 
 1.208496 	 0.081163 
 1.210938 	 0.074950 
 1.213379 	 0.070044 
 1.215820 	 0.067231 
 1.218262 	 0.068611 
 1.220703 	 0.066196 
 1.223145 	 0.056051 
 1.225586 	 0.061288 
 1.228027 	 0.055732 
 1.230469 	 0.057364 
 1.232910 	 0.055594 
 1.235352 	 0.059887 
 1.237793 	 0.059218 
 1.240234 	 0.062988 
 1.242676 	 0.062685 
 1.245117 	 0.064030 
 1.247559 	 0.059536 
 1.250000 	 0.070843 
 1.252441 	 0.067214 
 1.254883 	 0.070236 
 1.257324 	 0.065495 
 1.259766 	 0.064368 
 1.262207 	 0.060193 
 1.264648 	 0.052975 
 1.267090 	 0.047519 
 1.269531 	 0.049380 
 1.271973 	 0.047557 
 1.274414 	 0.047830 
 1.276855 	 0.042083 
 1.279297 	 0.040931 
 1.281738 	 0.038486 
 1.284180 	 0.039428 
 1.286621 	 0.042617 
 1.289062 	 0.041538 
 1.291504 	 0.039676 
 1.293945 	 0.043392 
 1.296387 	 0.042506 
 1.298828 	 0.045250 
 1.301270 	 0.047382 
 1.303711 	 0.048831 
 1.306152 	 0.052228 
 1.308594 	 0.049504 
 1.311035 	 0.056057 
 1.313477 	 0.056954 
 1.315918 	 0.064211 
 1.318359 	 0.064660 
 1.320801 	 0.071423 
 1.323242 	 0.067838 
 1.325684 	 0.072578 
 1.328125 	 0.073853 
 1.330566 	 0.077106 
 1.333008 	 0.073666 
 1.335449 	 0.077054 
 1.337891 	 0.073867 
 1.340332 	 0.071922 
 1.342773 	 0.074282 
 1.345215 	 0.073991 
 1.347656 	 0.084996 
 1.350098 	 0.079367 
 1.352539 	 0.080808 
 1.354980 	 0.083464 
 1.357422 	 0.075538 
 1.359863 	 0.077836 
 1.362305 	 0.076432 
 1.364746 	 0.069427 
 1.367188 	 0.067161 
 1.369629 	 0.063404 
 1.372070 	 0.059115 
 1.374512 	 0.058319 
 1.376953 	 0.059694 
 1.379395 	 0.064427 
 1.381836 	 0.061345 
 1.384277 	 0.056198 
 1.386719 	 0.060780 
 1.389160 	 0.049825 
 1.391602 	 0.054548 
 1.394043 	 0.049790 
 1.396484 	 0.047945 
 1.398926 	 0.046970 
 1.401367 	 0.046864 
 1.403809 	 0.045260 
 1.406250 	 0.045801 
 1.408691 	 0.044615 
 1.411133 	 0.047067 
 1.413574 	 0.045413 
 1.416016 	 0.044054 
 1.418457 	 0.042420 
 1.420898 	 0.043420 
 1.423340 	 0.038375 
 1.425781 	 0.045647 
 1.428223 	 0.036835 
 1.430664 	 0.038227 
 1.433105 	 0.038194 
 1.435547 	 0.038579 
 1.437988 	 0.038979 
 1.440430 	 0.041925 
 1.442871 	 0.039942 
 1.445312 	 0.045832 
 1.447754 	 0.041021 
 1.450195 	 0.044161 
 1.452637 	 0.049449 
 1.455078 	 0.049371 
 1.457520 	 0.052309 
 1.459961 	 0.053236 
 1.462402 	 0.049652 
 1.464844 	 0.054065 
 1.467285 	 0.050637 
 1.469727 	 0.054132 
 1.472168 	 0.059895 
 1.474609 	 0.059344 
 1.477051 	 0.052956 
 1.479492 	 0.063303 
 1.481934 	 0.062232 
 1.484375 	 0.064764 
 1.486816 	 0.065757 
 1.489258 	 0.060346 
 1.491699 	 0.056994 
 1.494141 	 0.059896 
 1.496582 	 0.059456 
 1.499023 	 0.052820 
 1.501465 	 0.054977 
 1.503906 	 0.050176 
 1.506348 	 0.053004 
 1.508789 	 0.047497 
 1.511230 	 0.051866 
 1.513672 	 0.050854 
 1.516113 	 0.052079 
 1.518555 	 0.054591 
 1.520996 	 0.053306 
 1.523438 	 0.054000 
 1.525879 	 0.047470 
 1.528320 	 0.056074 
 1.530762 	 0.054117 
 1.533203 	 0.049394 
 1.535645 	 0.051039 
 1.538086 	 0.056584 
 1.540527 	 0.060843 
 1.542969 	 0.066347 
 1.545410 	 0.064897 
 1.547852 	 0.057071 
 1.550293 	 0.064822 
 1.552734 	 0.053648 
 1.555176 	 0.056557 
 1.557617 	 0.051264 
 1.560059 	 0.048114 
 1.562500 	 0.049638 
 1.564941 	 0.050658 
 1.567383 	 0.054535 
 1.569824 	 0.061134 
 1.572266 	 0.063185 
 1.574707 	 0.057165 
 1.577148 	 0.059799 
 1.579590 	 0.052999 
 1.582031 	 0.057715 
 1.584473 	 0.057369 
 1.586914 	 0.067612 
 1.589355 	 0.064699 
 1.591797 	 0.065954 
 1.594238 	 0.066121 
 1.596680 	 0.068057 
 1.599121 	 0.067253 
 1.601562 	 0.068995 
 1.604004 	 0.063827 
 1.606445 	 0.068185 
 1.608887 	 0.065938 
 1.611328 	 0.068693 
 1.613770 	 0.078678 
 1.616211 	 0.074100 
 1.618652 	 0.073123 
 1.621094 	 0.068814 
 1.623535 	 0.061557 
 1.625977 	 0.070627 
 1.628418 	 0.066518 
 1.630859 	 0.065713 
 1.633301 	 0.055320 
 1.635742 	 0.058130 
 1.638184 	 0.054759 
 1.640625 	 0.058970 
 1.643066 	 0.053185 
 1.645508 	 0.055957 
 1.647949 	 0.049917 
 1.650391 	 0.051882 
 1.652832 	 0.054178 
 1.655273 	 0.050633 
 1.657715 	 0.050020 
 1.660156 	 0.052669 
 1.662598 	 0.046861 
 1.665039 	 0.050317 
 1.667480 	 0.049776 
 1.669922 	 0.053128 
 1.672363 	 0.046922 
 1.674805 	 0.052477 
 1.677246 	 0.054078 
 1.679688 	 0.050080 
 1.682129 	 0.052829 
 1.684570 	 0.045539 
 1.687012 	 0.051033 
 1.689453 	 0.053790 
 1.691895 	 0.059277 
 1.694336 	 0.057800 
 1.696777 	 0.061359 
 1.699219 	 0.051892 
 1.701660 	 0.048541 
 1.704102 	 0.048437 
 1.706543 	 0.045999 
 1.708984 	 0.048891 
 1.711426 	 0.047680 
 1.713867 	 0.043488 
 1.716309 	 0.048018 
 1.718750 	 0.049573 
 1.721191 	 0.049008 
 1.723633 	 0.052917 
 1.726074 	 0.035725 
 1.728516 	 0.042098 
 1.730957 	 0.038338 
 1.733398 	 0.038818 
 1.735840 	 0.032870 
 1.738281 	 0.037188 
 1.740723 	 0.032349 
 1.743164 	 0.035346 
 1.745605 	 0.030134 
 1.748047 	 0.034074 
 1.750488 	 0.029995 
 1.752930 	 0.028861 
 1.755371 	 0.026453 
 1.757812 	 0.029468 
 1.760254 	 0.025630 
 1.762695 	 0.027667 
 1.765137 	 0.025239 
 1.767578 	 0.026669 
 1.770020 	 0.025448 
 1.772461 	 0.027061 
 1.774902 	 0.030162 
 1.777344 	 0.030303 
 1.779785 	 0.026820 
 1.782227 	 0.035528 
 1.784668 	 0.028971 
 1.787109 	 0.036537 
 1.789551 	 0.034544 
 1.791992 	 0.036892 
 1.794434 	 0.041503 
 1.796875 	 0.042482 
 1.799316 	 0.040038 
 1.801758 	 0.043485 
 1.804199 	 0.040538 
 1.806641 	 0.048879 
 1.809082 	 0.046686 
 1.811523 	 0.055497 
 1.813965 	 0.046226 
 1.816406 	 0.041988 
 1.818848 	 0.043410 
 1.821289 	 0.040739 
 1.823730 	 0.040847 
 1.826172 	 0.042860 
 1.828613 	 0.038958 
 1.831055 	 0.041410 
 1.833496 	 0.037829 
 1.835938 	 0.046059 
 1.838379 	 0.039425 
 1.840820 	 0.038450 
 1.843262 	 0.037298 
 1.845703 	 0.036323 
 1.848145 	 0.034367 
 1.850586 	 0.036969 
 1.853027 	 0.034177 
 1.855469 	 0.031206 
 1.857910 	 0.031319 
 1.860352 	 0.027039 
 1.862793 	 0.032804 
 1.865234 	 0.029945 
 1.867676 	 0.031362 
 1.870117 	 0.032958 
 1.872559 	 0.030231 
 1.875000 	 0.032487 
 1.877441 	 0.031428 
 1.879883 	 0.034196 
 1.882324 	 0.038970 
 1.884766 	 0.039115 
 1.887207 	 0.038994 
 1.889648 	 0.037642 
 1.892090 	 0.046035 
 1.894531 	 0.039232 
 1.896973 	 0.036245 
 1.899414 	 0.038474 
 1.901855 	 0.036374 
 1.904297 	 0.030290 
 1.906738 	 0.031516 
 1.909180 	 0.031770 
 1.911621 	 0.025929 
 1.914062 	 0.027507 
 1.916504 	 0.028762 
 1.918945 	 0.026120 
 1.921387 	 0.026649 
 1.923828 	 0.027613 
 1.926270 	 0.023110 
 1.928711 	 0.022375 
 1.931152 	 0.017824 
 1.933594 	 0.021516 
 1.936035 	 0.016219 
 1.938477 	 0.020063 
 1.940918 	 0.019682 
 1.943359 	 0.019048 
 1.945801 	 0.015014 
 1.948242 	 0.015223 
 1.950684 	 0.012581 
 1.953125 	 0.013492 
 1.955566 	 0.010746 
 1.958008 	 0.013441 
 1.960449 	 0.010732 
 1.962891 	 0.011286 
 1.965332 	 0.009223 
 1.967773 	 0.009688 
 1.970215 	 0.009380 
 1.972656 	 0.009887 
 1.975098 	 0.008453 
 1.977539 	 0.008766 
 1.979980 	 0.006988 
 1.982422 	 0.008709 
 1.984863 	 0.007751 
 1.987305 	 0.007832 
 1.989746 	 0.007081 
 1.992188 	 0.007300 
 1.994629 	 0.005740 
 1.997070 	 0.007092 
 1.999512 	 0.006112 
 2.001953 	 0.007081 
 2.004395 	 0.005136 
 2.006836 	 0.006963 
 2.009277 	 0.005046 
 2.011719 	 0.006854 
 2.014160 	 0.004631 
 2.016602 	 0.005839 
 2.019043 	 0.005009 
 2.021484 	 0.005826 
 2.023926 	 0.004492 
 2.026367 	 0.005624 
 2.028809 	 0.004364 
 2.031250 	 0.005290 
 2.033691 	 0.004182 
 2.036133 	 0.005282 
 2.038574 	 0.004079 
 2.041016 	 0.005274 
 2.043457 	 0.003714 
 2.045898 	 0.005222 
 2.048340 	 0.003935 
 2.050781 	 0.004837 
 2.053223 	 0.003490 
 2.055664 	 0.004703 
 2.058105 	 0.003411 
 2.060547 	 0.004764 
 2.062988 	 0.003324 
 2.065430 	 0.004626 
 2.067871 	 0.003491 
 2.070312 	 0.004804 
 2.072754 	 0.003364 
 2.075195 	 0.004481 
 2.077637 	 0.003175 
 2.080078 	 0.004288 
 2.082520 	 0.003017 
 2.084961 	 0.004380 
 2.087402 	 0.003142 
 2.089844 	 0.004130 
 2.092285 	 0.002857 
 2.094727 	 0.004310 
 2.097168 	 0.002827 
 2.099609 	 0.003953 
 2.102051 	 0.002717 
 2.104492 	 0.003966 
 2.106934 	 0.002694 
 2.109375 	 0.003900 
 2.111816 	 0.002636 
 2.114258 	 0.003681 
 2.116699 	 0.002652 
 2.119141 	 0.003687 
 2.121582 	 0.002457 
 2.124023 	 0.003620 
 2.126465 	 0.002544 
 2.128906 	 0.003598 
 2.131348 	 0.002550 
 2.133789 	 0.003436 
 2.136230 	 0.002345 
 2.138672 	 0.003375 
 2.141113 	 0.002133 
 2.143555 	 0.003232 
 2.145996 	 0.002150 
 2.148438 	 0.003405 
 2.150879 	 0.002337 
 2.153320 	 0.003148 
 2.155762 	 0.002210 
 2.158203 	 0.003271 
 2.160645 	 0.002195 
 2.163086 	 0.003189 
 2.165527 	 0.002094 
 2.167969 	 0.003362 
 2.170410 	 0.002014 
 2.172852 	 0.003140 
 2.175293 	 0.001990 
 2.177734 	 0.003212 
 2.180176 	 0.001805 
 2.182617 	 0.002985 
 2.185059 	 0.001949 
 2.187500 	 0.002995 
 2.189941 	 0.001803 
 2.192383 	 0.003031 
 2.194824 	 0.001784 
 2.197266 	 0.002907 
 2.199707 	 0.001921 
 2.202148 	 0.002852 
 2.204590 	 0.001782 
 2.207031 	 0.002923 
 2.209473 	 0.001666 
 2.211914 	 0.002993 
 2.214355 	 0.001790 
 2.216797 	 0.002754 
 2.219238 	 0.001686 
 2.221680 	 0.002893 
 2.224121 	 0.001801 
 2.226562 	 0.002760 
 2.229004 	 0.001731 
 2.231445 	 0.002825 
 2.233887 	 0.001637 
 2.236328 	 0.002857 
 2.238770 	 0.001617 
 2.241211 	 0.002889 
 2.243652 	 0.001502 
 2.246094 	 0.002711 
 2.248535 	 0.001589 
 2.250977 	 0.002644 
 2.253418 	 0.001614 
 2.255859 	 0.002577 
 2.258301 	 0.001610 
 2.260742 	 0.002660 
 2.263184 	 0.001635 
 2.265625 	 0.002681 
 2.268066 	 0.001518 
 2.270508 	 0.002684 
 2.272949 	 0.001539 
 2.275391 	 0.002650 
 2.277832 	 0.001477 
 2.280273 	 0.002484 
 2.282715 	 0.001405 
 2.285156 	 0.002564 
 2.287598 	 0.001422 
 2.290039 	 0.002544 
 2.292480 	 0.001407 
 2.294922 	 0.002629 
 2.297363 	 0.001393 
 2.299805 	 0.002556 
 2.302246 	 0.001487 
 2.304688 	 0.002487 
 2.307129 	 0.001519 
 2.309570 	 0.002501 
 2.312012 	 0.001320 
 2.314453 	 0.002483 
 2.316895 	 0.001317 
 2.319336 	 0.002538 
 2.321777 	 0.001431 
 2.324219 	 0.002506 
 2.326660 	 0.001498 
 2.329102 	 0.002588 
 2.331543 	 0.001397 
 2.333984 	 0.002481 
 2.336426 	 0.001285 
 2.338867 	 0.002487 
 2.341309 	 0.001382 
 2.343750 	 0.002510 
 2.346191 	 0.001190 
 2.348633 	 0.002347 
 2.351074 	 0.001348 
 2.353516 	 0.002245 
 2.355957 	 0.001316 
 2.358398 	 0.002262 
 2.360840 	 0.001168 
 2.363281 	 0.002342 
 2.365723 	 0.001135 
 2.368164 	 0.002326 
 2.370605 	 0.001253 
 2.373047 	 0.002324 
 2.375488 	 0.001300 
 2.377930 	 0.002424 
 2.380371 	 0.001208 
 2.382812 	 0.002402 
 2.385254 	 0.001225 
 2.387695 	 0.002372 
 2.390137 	 0.001168 
 2.392578 	 0.002338 
 2.395020 	 0.001230 
 2.397461 	 0.002338 
 2.399902 	 0.001185 
 2.402344 	 0.002380 
 2.404785 	 0.001228 
 2.407227 	 0.002364 
 2.409668 	 0.001195 
 2.412109 	 0.002186 
 2.414551 	 0.001174 
 2.416992 	 0.002384 
 2.419434 	 0.001261 
 2.421875 	 0.002410 
 2.424316 	 0.001263 
 2.426758 	 0.002368 
 2.429199 	 0.001306 
 2.431641 	 0.002314 
 2.434082 	 0.001245 
 2.436523 	 0.002447 
 2.438965 	 0.001212 
 2.441406 	 0.002537 
 2.443848 	 0.001351 
 2.446289 	 0.002502 
 2.448730 	 0.001223 
 2.451172 	 0.002307 
 2.453613 	 0.001235 
 2.456055 	 0.002410 
 2.458496 	 0.001120 
 2.460938 	 0.002326 
 2.463379 	 0.001221 
 2.465820 	 0.002394 
 2.468262 	 0.001253 
 2.470703 	 0.002324 
 2.473145 	 0.001228 
 2.475586 	 0.002329 
 2.478027 	 0.001264 
 2.480469 	 0.002302 
 2.482910 	 0.001239 
 2.485352 	 0.002308 
 2.487793 	 0.001067 
 2.490234 	 0.002343 
 2.492676 	 0.001201 
 2.495117 	 0.002238 
 2.497559 	 0.001249 
