 0.000000 	 3.800693 
 0.002441 	 0.335446 
 0.004883 	 2.664913 
 0.007324 	 1.822337 
 0.009766 	 0.434816 
 0.012207 	 0.256685 
 0.014648 	 0.144706 
 0.017090 	 0.114199 
 0.019531 	 0.075625 
 0.021973 	 0.065650 
 0.024414 	 0.047279 
 0.026855 	 0.043468 
 0.029297 	 0.032236 
 0.031738 	 0.031168 
 0.034180 	 0.023724 
 0.036621 	 0.023525 
 0.039062 	 0.018213 
 0.041504 	 0.018672 
 0.043945 	 0.014327 
 0.046387 	 0.015385 
 0.048828 	 0.011597 
 0.051270 	 0.012890 
 0.053711 	 0.009557 
 0.056152 	 0.011164 
 0.058594 	 0.007919 
 0.061035 	 0.009875 
 0.063477 	 0.006621 
 0.065918 	 0.009147 
 0.068359 	 0.005467 
 0.070801 	 0.008269 
 0.073242 	 0.004441 
 0.075684 	 0.007726 
 0.078125 	 0.003655 
 0.080566 	 0.007175 
 0.083008 	 0.002930 
 0.085449 	 0.007215 
 0.087891 	 0.002361 
 0.090332 	 0.007278 
 0.092773 	 0.001664 
 0.095215 	 0.007130 
 0.097656 	 0.001097 
 0.100098 	 0.006922 
 0.102539 	 0.000476 
 0.104980 	 0.007076 
 0.107422 	 0.000053 
 0.109863 	 0.007214 
 0.112305 	 0.000734 
 0.114746 	 0.007147 
 0.117188 	 0.001177 
 0.119629 	 0.007844 
 0.122070 	 0.001634 
 0.124512 	 0.009023 
 0.126953 	 0.003179 
 0.129395 	 0.008668 
 0.131836 	 0.003917 
 0.134277 	 0.009345 
 0.136719 	 0.005492 
 0.139160 	 0.010130 
 0.141602 	 0.004566 
 0.144043 	 0.010076 
 0.146484 	 0.006390 
 0.148926 	 0.011626 
 0.151367 	 0.007715 
 0.153809 	 0.011922 
 0.156250 	 0.009729 
 0.158691 	 0.015582 
 0.161133 	 0.009746 
 0.163574 	 0.016686 
 0.166016 	 0.011408 
 0.168457 	 0.017908 
 0.170898 	 0.014785 
 0.173340 	 0.018885 
 0.175781 	 0.014183 
 0.178223 	 0.021206 
 0.180664 	 0.019631 
 0.183105 	 0.027480 
 0.185547 	 0.024518 
 0.187988 	 0.030571 
 0.190430 	 0.028059 
 0.192871 	 0.046166 
 0.195312 	 0.037961 
 0.197754 	 0.049414 
 0.200195 	 0.048984 
 0.202637 	 0.064246 
 0.205078 	 0.085682 
 0.207520 	 0.068565 
 0.209961 	 0.093971 
 0.212402 	 0.117277 
 0.214844 	 0.105482 
 0.217285 	 0.135713 
 0.219727 	 0.110552 
 0.222168 	 0.098165 
 0.224609 	 0.135730 
 0.227051 	 0.103324 
 0.229492 	 0.091386 
 0.231934 	 0.104059 
 0.234375 	 0.070794 
 0.236816 	 0.082971 
 0.239258 	 0.063674 
 0.241699 	 0.069214 
 0.244141 	 0.059371 
 0.246582 	 0.057437 
 0.249023 	 0.064667 
 0.251465 	 0.052484 
 0.253906 	 0.065214 
 0.256348 	 0.068772 
 0.258789 	 0.069830 
 0.261230 	 0.076764 
 0.263672 	 0.073788 
 0.266113 	 0.073216 
 0.268555 	 0.083430 
 0.270996 	 0.094592 
 0.273438 	 0.088689 
 0.275879 	 0.076077 
 0.278320 	 0.086180 
 0.280762 	 0.063198 
 0.283203 	 0.061218 
 0.285645 	 0.060210 
 0.288086 	 0.047858 
 0.290527 	 0.054189 
 0.292969 	 0.047978 
 0.295410 	 0.045867 
 0.297852 	 0.043539 
 0.300293 	 0.046844 
 0.302734 	 0.041288 
 0.305176 	 0.043709 
 0.307617 	 0.039001 
 0.310059 	 0.041677 
 0.312500 	 0.040223 
 0.314941 	 0.044655 
 0.317383 	 0.034950 
 0.319824 	 0.045509 
 0.322266 	 0.041510 
 0.324707 	 0.042659 
 0.327148 	 0.044189 
 0.329590 	 0.049020 
 0.332031 	 0.047039 
 0.334473 	 0.049136 
 0.336914 	 0.045071 
 0.339355 	 0.053927 
 0.341797 	 0.051070 
 0.344238 	 0.055846 
 0.346680 	 0.051468 
 0.349121 	 0.057920 
 0.351562 	 0.064817 
 0.354004 	 0.060646 
 0.356445 	 0.071928 
 0.358887 	 0.077308 
 0.361328 	 0.082230 
 0.363770 	 0.089097 
 0.366211 	 0.107360 
 0.368652 	 0.101974 
 0.371094 	 0.104238 
 0.373535 	 0.117607 
 0.375977 	 0.110692 
 0.378418 	 0.142416 
 0.380859 	 0.137575 
 0.383301 	 0.156741 
 0.385742 	 0.161148 
 0.388184 	 0.152966 
 0.390625 	 0.177672 
 0.393066 	 0.165966 
 0.395508 	 0.146412 
 0.397949 	 0.167145 
 0.400391 	 0.141180 
 0.402832 	 0.156809 
 0.405273 	 0.151139 
 0.407715 	 0.157185 
 0.410156 	 0.152043 
 0.412598 	 0.166293 
 0.415039 	 0.150361 
 0.417480 	 0.156500 
 0.419922 	 0.155002 
 0.422363 	 0.161988 
 0.424805 	 0.177605 
 0.427246 	 0.158817 
 0.429688 	 0.173598 
 0.432129 	 0.197190 
 0.434570 	 0.178100 
 0.437012 	 0.195274 
 0.439453 	 0.194808 
 0.441895 	 0.204937 
 0.444336 	 0.213310 
 0.446777 	 0.214708 
 0.449219 	 0.202971 
 0.451660 	 0.211935 
 0.454102 	 0.224814 
 0.456543 	 0.211977 
 0.458984 	 0.217178 
 0.461426 	 0.214847 
 0.463867 	 0.207466 
 0.466309 	 0.228997 
 0.468750 	 0.201653 
 0.471191 	 0.190168 
 0.473633 	 0.209952 
 0.476074 	 0.183968 
 0.478516 	 0.212093 
 0.480957 	 0.180951 
 0.483398 	 0.180690 
 0.485840 	 0.189947 
 0.488281 	 0.194724 
 0.490723 	 0.193581 
 0.493164 	 0.179615 
 0.495605 	 0.187525 
 0.498047 	 0.182950 
 0.500488 	 0.179257 
 0.502930 	 0.211861 
 0.505371 	 0.199874 
 0.507812 	 0.202993 
 0.510254 	 0.213557 
 0.512695 	 0.220548 
 0.515137 	 0.232572 
 0.517578 	 0.201991 
 0.520020 	 0.210540 
 0.522461 	 0.225723 
 0.524902 	 0.223488 
 0.527344 	 0.224511 
 0.529785 	 0.263758 
 0.532227 	 0.259460 
 0.534668 	 0.253727 
 0.537109 	 0.249238 
 0.539551 	 0.251565 
 0.541992 	 0.265663 
 0.544434 	 0.263592 
 0.546875 	 0.248761 
 0.549316 	 0.264992 
 0.551758 	 0.247712 
 0.554199 	 0.269097 
 0.556641 	 0.276579 
 0.559082 	 0.242803 
 0.561523 	 0.273385 
 0.563965 	 0.261516 
 0.566406 	 0.268021 
 0.568848 	 0.244935 
 0.571289 	 0.246274 
 0.573730 	 0.257407 
 0.576172 	 0.215003 
 0.578613 	 0.252206 
 0.581055 	 0.250211 
 0.583496 	 0.238113 
 0.585938 	 0.254976 
 0.588379 	 0.267568 
 0.590820 	 0.261716 
 0.593262 	 0.257844 
 0.595703 	 0.253026 
 0.598145 	 0.268260 
 0.600586 	 0.253523 
 0.603027 	 0.264079 
 0.605469 	 0.239790 
 0.607910 	 0.245819 
 0.610352 	 0.244047 
 0.612793 	 0.246594 
 0.615234 	 0.283657 
 0.617676 	 0.267913 
 0.620117 	 0.259719 
 0.622559 	 0.270000 
 0.625000 	 0.254320 
 0.627441 	 0.279670 
 0.629883 	 0.273785 
 0.632324 	 0.292020 
 0.634766 	 0.277097 
 0.637207 	 0.297942 
 0.639648 	 0.288752 
 0.642090 	 0.301494 
 0.644531 	 0.294393 
 0.646973 	 0.276044 
 0.649414 	 0.316789 
 0.651855 	 0.278668 
 0.654297 	 0.309553 
 0.656738 	 0.314330 
 0.659180 	 0.293783 
 0.661621 	 0.303376 
 0.664062 	 0.313025 
 0.666504 	 0.292263 
 0.668945 	 0.307909 
 0.671387 	 0.293372 
 0.673828 	 0.283552 
 0.676270 	 0.304402 
 0.678711 	 0.279849 
 0.681152 	 0.285876 
 0.683594 	 0.292222 
 0.686035 	 0.286606 
 0.688477 	 0.281158 
 0.690918 	 0.290275 
 0.693359 	 0.277414 
 0.695801 	 0.282902 
 0.698242 	 0.270178 
 0.700684 	 0.267414 
 0.703125 	 0.278113 
 0.705566 	 0.280633 
 0.708008 	 0.263277 
 0.710449 	 0.281484 
 0.712891 	 0.270128 
 0.715332 	 0.280302 
 0.717773 	 0.282959 
 0.720215 	 0.286051 
 0.722656 	 0.288150 
 0.725098 	 0.275651 
 0.727539 	 0.290905 
 0.729980 	 0.289321 
 0.732422 	 0.265589 
 0.734863 	 0.279106 
 0.737305 	 0.269663 
 0.739746 	 0.292469 
 0.742188 	 0.277088 
 0.744629 	 0.275736 
 0.747070 	 0.280380 
 0.749512 	 0.259346 
 0.751953 	 0.275926 
 0.754395 	 0.271199 
 0.756836 	 0.251906 
 0.759277 	 0.255359 
 0.761719 	 0.253057 
 0.764160 	 0.252114 
 0.766602 	 0.244536 
 0.769043 	 0.249102 
 0.771484 	 0.230827 
 0.773926 	 0.254354 
 0.776367 	 0.244800 
 0.778809 	 0.232339 
 0.781250 	 0.237082 
 0.783691 	 0.259591 
 0.786133 	 0.232707 
 0.788574 	 0.260460 
 0.791016 	 0.245976 
 0.793457 	 0.251039 
 0.795898 	 0.257544 
 0.798340 	 0.268965 
 0.800781 	 0.253689 
 0.803223 	 0.258631 
 0.805664 	 0.271292 
 0.808105 	 0.281366 
 0.810547 	 0.259572 
 0.812988 	 0.300254 
 0.815430 	 0.271396 
 0.817871 	 0.302336 
 0.820312 	 0.284529 
 0.822754 	 0.294942 
 0.825195 	 0.323593 
 0.827637 	 0.313351 
 0.830078 	 0.306677 
 0.832520 	 0.300479 
 0.834961 	 0.324646 
 0.837402 	 0.327532 
 0.839844 	 0.320068 
 0.842285 	 0.326654 
 0.844727 	 0.324123 
 0.847168 	 0.320239 
 0.849609 	 0.320554 
 0.852051 	 0.316981 
 0.854492 	 0.319832 
 0.856934 	 0.330877 
 0.859375 	 0.313901 
 0.861816 	 0.319404 
 0.864258 	 0.306653 
 0.866699 	 0.307778 
 0.869141 	 0.314861 
 0.871582 	 0.291351 
 0.874023 	 0.308895 
 0.876465 	 0.292938 
 0.878906 	 0.296244 
 0.881348 	 0.292718 
 0.883789 	 0.293224 
 0.886230 	 0.307011 
 0.888672 	 0.271116 
 0.891113 	 0.303886 
 0.893555 	 0.249967 
 0.895996 	 0.275188 
 0.898438 	 0.269470 
 0.900879 	 0.249634 
 0.903320 	 0.271719 
 0.905762 	 0.252007 
 0.908203 	 0.247950 
 0.910645 	 0.267614 
 0.913086 	 0.237327 
 0.915527 	 0.250831 
 0.917969 	 0.240522 
 0.920410 	 0.258126 
 0.922852 	 0.238052 
 0.925293 	 0.235437 
 0.927734 	 0.237479 
 0.930176 	 0.218662 
 0.932617 	 0.238427 
 0.935059 	 0.210371 
 0.937500 	 0.218371 
 0.939941 	 0.238115 
 0.942383 	 0.202026 
 0.944824 	 0.241469 
 0.947266 	 0.214195 
 0.949707 	 0.224291 
 0.952148 	 0.202290 
 0.954590 	 0.214091 
 0.957031 	 0.224892 
 0.959473 	 0.216689 
 0.961914 	 0.214222 
 0.964355 	 0.225082 
 0.966797 	 0.221408 
 0.969238 	 0.229512 
 0.971680 	 0.226856 
 0.974121 	 0.215201 
 0.976562 	 0.217942 
 0.979004 	 0.221655 
 0.981445 	 0.236161 
 0.983887 	 0.222122 
 0.986328 	 0.226372 
 0.988770 	 0.222900 
 0.991211 	 0.231931 
 0.993652 	 0.228592 
 0.996094 	 0.227828 
 0.998535 	 0.236429 
 1.000977 	 0.240458 
 1.003418 	 0.247953 
 1.005859 	 0.247162 
 1.008301 	 0.248614 
 1.010742 	 0.239106 
 1.013184 	 0.274806 
 1.015625 	 0.240298 
 1.018066 	 0.264653 
 1.020508 	 0.248698 
 1.022949 	 0.255745 
 1.025391 	 0.243789 
 1.027832 	 0.259443 
 1.030273 	 0.254387 
 1.032715 	 0.256692 
 1.035156 	 0.250377 
 1.037598 	 0.239258 
 1.040039 	 0.243525 
 1.042480 	 0.237639 
 1.044922 	 0.247934 
 1.047363 	 0.261624 
 1.049805 	 0.240725 
 1.052246 	 0.258066 
 1.054688 	 0.249100 
 1.057129 	 0.248915 
 1.059570 	 0.257289 
 1.062012 	 0.245069 
 1.064453 	 0.239260 
 1.066895 	 0.235137 
 1.069336 	 0.240416 
 1.071777 	 0.238080 
 1.074219 	 0.235682 
 1.076660 	 0.232635 
 1.079102 	 0.229884 
 1.081543 	 0.236181 
 1.083984 	 0.235673 
 1.086426 	 0.231568 
 1.088867 	 0.225715 
 1.091309 	 0.243403 
 1.093750 	 0.235573 
 1.096191 	 0.242388 
 1.098633 	 0.225250 
 1.101074 	 0.248285 
 1.103516 	 0.220881 
 1.105957 	 0.223194 
 1.108398 	 0.231951 
 1.110840 	 0.227451 
 1.113281 	 0.204106 
 1.115723 	 0.259917 
 1.118164 	 0.209525 
 1.120605 	 0.219167 
 1.123047 	 0.220418 
 1.125488 	 0.221892 
 1.127930 	 0.216629 
 1.130371 	 0.209949 
 1.132812 	 0.217959 
 1.135254 	 0.219063 
 1.137695 	 0.205373 
 1.140137 	 0.232175 
 1.142578 	 0.203500 
 1.145020 	 0.220796 
 1.147461 	 0.213279 
 1.149902 	 0.210893 
 1.152344 	 0.230929 
 1.154785 	 0.224041 
 1.157227 	 0.211054 
 1.159668 	 0.211251 
 1.162109 	 0.223515 
 1.164551 	 0.223972 
 1.166992 	 0.204229 
 1.169434 	 0.222276 
 1.171875 	 0.212121 
 1.174316 	 0.199944 
 1.176758 	 0.208219 
 1.179199 	 0.214252 
 1.181641 	 0.205299 
 1.184082 	 0.204697 
 1.186523 	 0.213794 
 1.188965 	 0.204351 
 1.191406 	 0.208533 
 1.193848 	 0.197133 
 1.196289 	 0.202566 
 1.198730 	 0.195437 
 1.201172 	 0.196094 
 1.203613 	 0.200493 
 1.206055 	 0.203829 
 1.208496 	 0.191271 
 1.210938 	 0.202437 
 1.213379 	 0.194675 
 1.215820 	 0.210346 
 1.218262 	 0.200553 
 1.220703 	 0.186101 
 1.223145 	 0.201886 
 1.225586 	 0.192760 
 1.228027 	 0.196129 
 1.230469 	 0.198352 
 1.232910 	 0.190354 
 1.235352 	 0.193482 
 1.237793 	 0.193039 
 1.240234 	 0.186689 
 1.242676 	 0.192870 
 1.245117 	 0.190266 
 1.247559 	 0.189493 
 1.250000 	 0.199422 
 1.252441 	 0.188681 
 1.254883 	 0.179861 
 1.257324 	 0.184108 
 1.259766 	 0.190649 
 1.262207 	 0.186493 
 1.264648 	 0.172051 
 1.267090 	 0.182728 
 1.269531 	 0.170799 
 1.271973 	 0.186380 
 1.274414 	 0.185191 
 1.276855 	 0.186178 
 1.279297 	 0.184917 
 1.281738 	 0.172513 
 1.284180 	 0.186605 
 1.286621 	 0.178063 
 1.289062 	 0.178241 
 1.291504 	 0.183154 
 1.293945 	 0.167991 
 1.296387 	 0.182728 
 1.298828 	 0.174120 
 1.301270 	 0.188488 
 1.303711 	 0.165184 
 1.306152 	 0.174989 
 1.308594 	 0.164001 
 1.311035 	 0.170354 
 1.313477 	 0.172206 
 1.315918 	 0.168056 
 1.318359 	 0.177174 
 1.320801 	 0.173502 
 1.323242 	 0.173096 
 1.325684 	 0.167194 
 1.328125 	 0.160529 
 1.330566 	 0.168606 
 1.333008 	 0.153326 
 1.335449 	 0.164138 
 1.337891 	 0.156014 
 1.340332 	 0.165557 
 1.342773 	 0.165793 
 1.345215 	 0.164515 
 1.347656 	 0.157318 
 1.350098 	 0.154905 
 1.352539 	 0.166785 
 1.354980 	 0.161555 
 1.357422 	 0.165028 
 1.359863 	 0.162900 
 1.362305 	 0.161031 
 1.364746 	 0.162302 
 1.367188 	 0.168530 
 1.369629 	 0.167863 
 1.372070 	 0.143677 
 1.374512 	 0.163833 
 1.376953 	 0.150633 
 1.379395 	 0.153380 
 1.381836 	 0.163958 
 1.384277 	 0.162108 
 1.386719 	 0.157630 
 1.389160 	 0.160501 
 1.391602 	 0.156114 
 1.394043 	 0.155203 
 1.396484 	 0.161455 
 1.398926 	 0.153072 
 1.401367 	 0.154823 
 1.403809 	 0.156530 
 1.406250 	 0.154350 
 1.408691 	 0.158227 
 1.411133 	 0.149696 
 1.413574 	 0.167891 
 1.416016 	 0.156693 
 1.418457 	 0.158463 
 1.420898 	 0.146163 
 1.423340 	 0.156248 
 1.425781 	 0.161417 
 1.428223 	 0.158386 
 1.430664 	 0.148798 
 1.433105 	 0.149269 
 1.435547 	 0.163180 
 1.437988 	 0.153438 
 1.440430 	 0.160782 
 1.442871 	 0.174269 
 1.445312 	 0.148348 
 1.447754 	 0.165398 
 1.450195 	 0.162220 
 1.452637 	 0.174596 
 1.455078 	 0.166753 
 1.457520 	 0.160312 
 1.459961 	 0.169306 
 1.462402 	 0.160845 
 1.464844 	 0.169425 
 1.467285 	 0.165639 
 1.469727 	 0.162529 
 1.472168 	 0.160957 
 1.474609 	 0.158083 
 1.477051 	 0.159426 
 1.479492 	 0.178218 
 1.481934 	 0.161989 
 1.484375 	 0.161328 
 1.486816 	 0.172835 
 1.489258 	 0.163948 
 1.491699 	 0.178717 
 1.494141 	 0.166208 
 1.496582 	 0.168826 
 1.499023 	 0.180482 
 1.501465 	 0.170119 
 1.503906 	 0.156559 
 1.506348 	 0.163882 
 1.508789 	 0.167833 
 1.511230 	 0.172263 
 1.513672 	 0.162644 
 1.516113 	 0.163970 
 1.518555 	 0.158884 
 1.520996 	 0.165862 
 1.523438 	 0.164485 
 1.525879 	 0.166410 
 1.528320 	 0.158735 
 1.530762 	 0.163332 
 1.533203 	 0.153859 
 1.535645 	 0.165009 
 1.538086 	 0.163734 
 1.540527 	 0.149530 
 1.542969 	 0.160543 
 1.545410 	 0.171150 
 1.547852 	 0.156991 
 1.550293 	 0.171857 
 1.552734 	 0.168255 
 1.555176 	 0.168891 
 1.557617 	 0.161528 
 1.560059 	 0.161741 
 1.562500 	 0.166801 
 1.564941 	 0.162907 
 1.567383 	 0.155918 
 1.569824 	 0.153433 
 1.572266 	 0.157981 
 1.574707 	 0.147400 
 1.577148 	 0.144117 
 1.579590 	 0.147624 
 1.582031 	 0.152252 
 1.584473 	 0.140954 
 1.586914 	 0.142772 
 1.589355 	 0.148675 
 1.591797 	 0.143097 
 1.594238 	 0.146014 
 1.596680 	 0.146580 
 1.599121 	 0.136247 
 1.601562 	 0.147490 
 1.604004 	 0.135733 
 1.606445 	 0.162431 
 1.608887 	 0.141057 
 1.611328 	 0.123507 
 1.613770 	 0.141944 
 1.616211 	 0.137854 
 1.618652 	 0.147405 
 1.621094 	 0.128344 
 1.623535 	 0.137260 
 1.625977 	 0.143959 
 1.628418 	 0.142392 
 1.630859 	 0.144336 
 1.633301 	 0.132027 
 1.635742 	 0.131158 
 1.638184 	 0.138716 
 1.640625 	 0.130357 
 1.643066 	 0.129432 
 1.645508 	 0.138588 
 1.647949 	 0.145721 
 1.650391 	 0.123101 
 1.652832 	 0.134495 
 1.655273 	 0.123974 
 1.657715 	 0.123293 
 1.660156 	 0.143791 
 1.662598 	 0.133627 
 1.665039 	 0.117955 
 1.667480 	 0.136116 
 1.669922 	 0.124257 
 1.672363 	 0.120540 
 1.674805 	 0.128948 
 1.677246 	 0.128190 
 1.679688 	 0.113103 
 1.682129 	 0.122639 
 1.684570 	 0.111110 
 1.687012 	 0.120028 
 1.689453 	 0.108913 
 1.691895 	 0.136083 
 1.694336 	 0.120772 
 1.696777 	 0.119128 
 1.699219 	 0.111723 
 1.701660 	 0.113736 
 1.704102 	 0.122137 
 1.706543 	 0.125340 
 1.708984 	 0.117498 
 1.711426 	 0.117030 
 1.713867 	 0.109054 
 1.716309 	 0.124379 
 1.718750 	 0.107017 
 1.721191 	 0.109730 
 1.723633 	 0.117234 
 1.726074 	 0.110940 
 1.728516 	 0.109496 
 1.730957 	 0.119718 
 1.733398 	 0.108752 
 1.735840 	 0.114292 
 1.738281 	 0.108797 
 1.740723 	 0.111132 
 1.743164 	 0.119473 
 1.745605 	 0.119429 
 1.748047 	 0.120101 
 1.750488 	 0.110174 
 1.752930 	 0.111885 
 1.755371 	 0.111220 
 1.757812 	 0.107795 
 1.760254 	 0.108221 
 1.762695 	 0.097139 
 1.765137 	 0.110810 
 1.767578 	 0.093907 
 1.770020 	 0.109848 
 1.772461 	 0.102775 
 1.774902 	 0.112808 
 1.777344 	 0.107203 
 1.779785 	 0.108978 
 1.782227 	 0.103625 
 1.784668 	 0.108007 
 1.787109 	 0.103992 
 1.789551 	 0.104724 
 1.791992 	 0.104533 
 1.794434 	 0.112471 
 1.796875 	 0.096459 
 1.799316 	 0.108626 
 1.801758 	 0.109964 
 1.804199 	 0.099791 
 1.806641 	 0.094052 
 1.809082 	 0.108625 
 1.811523 	 0.102119 
 1.813965 	 0.097124 
 1.816406 	 0.097379 
 1.818848 	 0.089729 
 1.821289 	 0.103292 
 1.823730 	 0.094373 
 1.826172 	 0.103370 
 1.828613 	 0.095565 
 1.831055 	 0.089838 
 1.833496 	 0.094250 
 1.835938 	 0.095962 
 1.838379 	 0.086340 
 1.840820 	 0.087796 
 1.843262 	 0.091946 
 1.845703 	 0.081679 
 1.848145 	 0.091460 
 1.850586 	 0.083252 
 1.853027 	 0.082080 
 1.855469 	 0.081260 
 1.857910 	 0.077707 
 1.860352 	 0.082642 
 1.862793 	 0.084815 
 1.865234 	 0.074938 
 1.867676 	 0.087827 
 1.870117 	 0.073056 
 1.872559 	 0.077957 
 1.875000 	 0.080474 
 1.877441 	 0.068863 
 1.879883 	 0.069384 
 1.882324 	 0.072574 
 1.884766 	 0.065669 
 1.887207 	 0.071594 
 1.889648 	 0.064413 
 1.892090 	 0.071858 
 1.894531 	 0.065838 
 1.896973 	 0.063817 
 1.899414 	 0.063929 
 1.901855 	 0.063385 
 1.904297 	 0.058243 
 1.906738 	 0.063066 
 1.909180 	 0.058910 
 1.911621 	 0.061162 
 1.914062 	 0.055428 
 1.916504 	 0.057042 
 1.918945 	 0.056934 
 1.921387 	 0.055967 
 1.923828 	 0.051998 
 1.926270 	 0.052413 
 1.928711 	 0.050017 
 1.931152 	 0.053880 
 1.933594 	 0.050949 
 1.936035 	 0.050688 
 1.938477 	 0.050013 
 1.940918 	 0.050341 
 1.943359 	 0.051969 
 1.945801 	 0.050220 
 1.948242 	 0.047551 
 1.950684 	 0.049150 
 1.953125 	 0.042727 
 1.955566 	 0.050468 
 1.958008 	 0.044344 
 1.960449 	 0.045103 
 1.962891 	 0.040954 
 1.965332 	 0.042331 
 1.967773 	 0.042380 
 1.970215 	 0.043758 
 1.972656 	 0.037333 
 1.975098 	 0.043364 
 1.977539 	 0.039611 
 1.979980 	 0.043399 
 1.982422 	 0.036233 
 1.984863 	 0.040758 
 1.987305 	 0.033923 
 1.989746 	 0.041392 
 1.992188 	 0.035840 
 1.994629 	 0.036659 
 1.997070 	 0.034181 
 1.999512 	 0.036138 
 2.001953 	 0.031970 
 2.004395 	 0.036522 
 2.006836 	 0.032438 
 2.009277 	 0.033080 
 2.011719 	 0.031166 
 2.014160 	 0.035460 
 2.016602 	 0.030180 
 2.019043 	 0.034453 
 2.021484 	 0.031704 
 2.023926 	 0.033261 
 2.026367 	 0.029449 
 2.028809 	 0.031662 
 2.031250 	 0.031312 
 2.033691 	 0.030044 
 2.036133 	 0.027365 
 2.038574 	 0.031768 
 2.041016 	 0.026003 
 2.043457 	 0.030019 
 2.045898 	 0.024755 
 2.048340 	 0.030258 
 2.050781 	 0.028412 
 2.053223 	 0.027958 
 2.055664 	 0.024997 
 2.058105 	 0.028781 
 2.060547 	 0.024923 
 2.062988 	 0.028526 
 2.065430 	 0.025419 
 2.067871 	 0.029575 
 2.070312 	 0.024449 
 2.072754 	 0.026676 
 2.075195 	 0.025768 
 2.077637 	 0.027914 
 2.080078 	 0.023585 
 2.082520 	 0.028101 
 2.084961 	 0.024375 
 2.087402 	 0.026215 
 2.089844 	 0.023452 
 2.092285 	 0.026450 
 2.094727 	 0.022918 
 2.097168 	 0.025895 
 2.099609 	 0.019604 
 2.102051 	 0.024316 
 2.104492 	 0.023030 
 2.106934 	 0.025085 
 2.109375 	 0.023408 
 2.111816 	 0.024983 
 2.114258 	 0.022394 
 2.116699 	 0.024477 
 2.119141 	 0.021481 
 2.121582 	 0.024163 
 2.124023 	 0.020247 
 2.126465 	 0.024210 
 2.128906 	 0.020674 
 2.131348 	 0.023366 
 2.133789 	 0.018951 
 2.136230 	 0.021671 
 2.138672 	 0.019931 
 2.141113 	 0.021778 
 2.143555 	 0.018196 
 2.145996 	 0.023701 
 2.148438 	 0.018494 
 2.150879 	 0.022769 
 2.153320 	 0.018960 
 2.155762 	 0.021415 
 2.158203 	 0.018354 
 2.160645 	 0.021739 
 2.163086 	 0.018731 
 2.165527 	 0.021685 
 2.167969 	 0.018401 
 2.170410 	 0.021314 
 2.172852 	 0.018066 
 2.175293 	 0.020696 
 2.177734 	 0.019323 
 2.180176 	 0.020711 
 2.182617 	 0.015732 
 2.185059 	 0.021211 
 2.187500 	 0.017977 
 2.189941 	 0.022496 
 2.192383 	 0.017242 
 2.194824 	 0.019558 
 2.197266 	 0.018134 
 2.199707 	 0.020309 
 2.202148 	 0.017672 
 2.204590 	 0.020625 
 2.207031 	 0.015827 
 2.209473 	 0.019647 
 2.211914 	 0.017671 
 2.214355 	 0.019973 
 2.216797 	 0.015555 
 2.219238 	 0.020212 
 2.221680 	 0.016139 
 2.224121 	 0.020303 
 2.226562 	 0.015832 
 2.229004 	 0.020040 
 2.231445 	 0.015440 
 2.233887 	 0.018969 
 2.236328 	 0.015586 
 2.238770 	 0.018557 
 2.241211 	 0.015290 
 2.243652 	 0.017873 
 2.246094 	 0.016414 
 2.248535 	 0.017616 
 2.250977 	 0.014526 
 2.253418 	 0.017969 
 2.255859 	 0.016211 
 2.258301 	 0.018083 
 2.260742 	 0.013963 
 2.263184 	 0.018382 
 2.265625 	 0.013613 
 2.268066 	 0.017328 
 2.270508 	 0.014030 
 2.272949 	 0.018080 
 2.275391 	 0.014267 
 2.277832 	 0.018875 
 2.280273 	 0.014359 
 2.282715 	 0.016656 
 2.285156 	 0.015578 
 2.287598 	 0.017321 
 2.290039 	 0.014448 
 2.292480 	 0.017124 
 2.294922 	 0.014494 
 2.297363 	 0.017028 
 2.299805 	 0.014389 
 2.302246 	 0.016983 
 2.304688 	 0.014187 
 2.307129 	 0.018658 
 2.309570 	 0.014067 
 2.312012 	 0.016866 
 2.314453 	 0.014477 
 2.316895 	 0.017777 
 2.319336 	 0.013443 
 2.321777 	 0.016980 
 2.324219 	 0.013309 
 2.326660 	 0.016499 
 2.329102 	 0.013196 
 2.331543 	 0.017182 
 2.333984 	 0.013259 
 2.336426 	 0.017156 
 2.338867 	 0.013448 
 2.341309 	 0.016913 
 2.343750 	 0.013488 
 2.346191 	 0.016440 
 2.348633 	 0.014263 
 2.351074 	 0.016291 
 2.353516 	 0.013496 
 2.355957 	 0.016510 
 2.358398 	 0.013216 
 2.360840 	 0.015646 
 2.363281 	 0.012936 
 2.365723 	 0.016592 
 2.368164 	 0.012921 
 2.370605 	 0.016109 
 2.373047 	 0.012551 
 2.375488 	 0.015751 
 2.377930 	 0.013587 
 2.380371 	 0.016430 
 2.382812 	 0.013943 
 2.385254 	 0.015635 
 2.387695 	 0.013780 
 2.390137 	 0.015653 
 2.392578 	 0.013191 
 2.395020 	 0.015382 
 2.397461 	 0.012898 
 2.399902 	 0.015836 
 2.402344 	 0.012541 
 2.404785 	 0.015205 
 2.407227 	 0.012657 
 2.409668 	 0.015691 
 2.412109 	 0.012355 
 2.414551 	 0.015736 
 2.416992 	 0.012935 
 2.419434 	 0.015414 
 2.421875 	 0.013275 
 2.424316 	 0.015112 
 2.426758 	 0.014082 
 2.429199 	 0.015749 
 2.431641 	 0.013322 
 2.434082 	 0.015960 
 2.436523 	 0.012686 
 2.438965 	 0.015588 
 2.441406 	 0.012231 
 2.443848 	 0.015783 
 2.446289 	 0.012184 
 2.448730 	 0.015581 
 2.451172 	 0.012876 
 2.453613 	 0.014552 
 2.456055 	 0.012721 
 2.458496 	 0.015377 
 2.460938 	 0.012850 
 2.463379 	 0.015238 
 2.465820 	 0.012392 
 2.468262 	 0.016565 
 2.470703 	 0.011531 
 2.473145 	 0.014998 
 2.475586 	 0.012253 
 2.478027 	 0.015878 
 2.480469 	 0.012366 
 2.482910 	 0.016226 
 2.485352 	 0.013204 
 2.487793 	 0.015929 
 2.490234 	 0.013242 
 2.492676 	 0.015441 
 2.495117 	 0.012470 
 2.497559 	 0.016685 
