 0.000000 	 0.481564 
 0.002441 	 0.876333 
 0.004883 	 1.579966 
 0.007324 	 0.262307 
 0.009766 	 0.121185 
 0.012207 	 0.069516 
 0.014648 	 0.046824 
 0.017090 	 0.032311 
 0.019531 	 0.024569 
 0.021973 	 0.018331 
 0.024414 	 0.014843 
 0.026855 	 0.011529 
 0.029297 	 0.009721 
 0.031738 	 0.007684 
 0.034180 	 0.006676 
 0.036621 	 0.005302 
 0.039062 	 0.004723 
 0.041504 	 0.003716 
 0.043945 	 0.003388 
 0.046387 	 0.002602 
 0.048828 	 0.002467 
 0.051270 	 0.001789 
 0.053711 	 0.001786 
 0.056152 	 0.001162 
 0.058594 	 0.001272 
 0.061035 	 0.000701 
 0.063477 	 0.000893 
 0.065918 	 0.000294 
 0.068359 	 0.000568 
 0.070801 	 0.000013 
 0.073242 	 0.000334 
 0.075684 	 0.000265 
 0.078125 	 0.000146 
 0.080566 	 0.000485 
 0.083008 	 0.000021 
 0.085449 	 0.000694 
 0.087891 	 0.000109 
 0.090332 	 0.000847 
 0.092773 	 0.000172 
 0.095215 	 0.001004 
 0.097656 	 0.000257 
 0.100098 	 0.001166 
 0.102539 	 0.000253 
 0.104980 	 0.001268 
 0.107422 	 0.000299 
 0.109863 	 0.001392 
 0.112305 	 0.000328 
 0.114746 	 0.001517 
 0.117188 	 0.000303 
 0.119629 	 0.001633 
 0.122070 	 0.000279 
 0.124512 	 0.001779 
 0.126953 	 0.000217 
 0.129395 	 0.001923 
 0.131836 	 0.000099 
 0.134277 	 0.002014 
 0.136719 	 0.000089 
 0.139160 	 0.002215 
 0.141602 	 0.000005 
 0.144043 	 0.002144 
 0.146484 	 0.000012 
 0.148926 	 0.002366 
 0.151367 	 0.000041 
 0.153809 	 0.002466 
 0.156250 	 0.000197 
 0.158691 	 0.002704 
 0.161133 	 0.000342 
 0.163574 	 0.002878 
 0.166016 	 0.000449 
 0.168457 	 0.002902 
 0.170898 	 0.000459 
 0.173340 	 0.003065 
 0.175781 	 0.000807 
 0.178223 	 0.003155 
 0.180664 	 0.000952 
 0.183105 	 0.003753 
 0.185547 	 0.001645 
 0.187988 	 0.004116 
 0.190430 	 0.001878 
 0.192871 	 0.004531 
 0.195312 	 0.002424 
 0.197754 	 0.004949 
 0.200195 	 0.003141 
 0.202637 	 0.005696 
 0.205078 	 0.003853 
 0.207520 	 0.006175 
 0.209961 	 0.004746 
 0.212402 	 0.006450 
 0.214844 	 0.004910 
 0.217285 	 0.008720 
 0.219727 	 0.008835 
 0.222168 	 0.012974 
 0.224609 	 0.012249 
 0.227051 	 0.016364 
 0.229492 	 0.016771 
 0.231934 	 0.024123 
 0.234375 	 0.029242 
 0.236816 	 0.045961 
 0.239258 	 0.041425 
 0.241699 	 0.061323 
 0.244141 	 0.076237 
 0.246582 	 0.091285 
 0.249023 	 0.096824 
 0.251465 	 0.102493 
 0.253906 	 0.086102 
 0.256348 	 0.068834 
 0.258789 	 0.054749 
 0.261230 	 0.043366 
 0.263672 	 0.040941 
 0.266113 	 0.034099 
 0.268555 	 0.038653 
 0.270996 	 0.034104 
 0.273438 	 0.036293 
 0.275879 	 0.030230 
 0.278320 	 0.034359 
 0.280762 	 0.033547 
 0.283203 	 0.038924 
 0.285645 	 0.039772 
 0.288086 	 0.058702 
 0.290527 	 0.069931 
 0.292969 	 0.056257 
 0.295410 	 0.071702 
 0.297852 	 0.063210 
 0.300293 	 0.052520 
 0.302734 	 0.030914 
 0.305176 	 0.036203 
 0.307617 	 0.016100 
 0.310059 	 0.022546 
 0.312500 	 0.013160 
 0.314941 	 0.016350 
 0.317383 	 0.009955 
 0.319824 	 0.014881 
 0.322266 	 0.009201 
 0.324707 	 0.013865 
 0.327148 	 0.007421 
 0.329590 	 0.011705 
 0.332031 	 0.007177 
 0.334473 	 0.011471 
 0.336914 	 0.006836 
 0.339355 	 0.012272 
 0.341797 	 0.007807 
 0.344238 	 0.011731 
 0.346680 	 0.005974 
 0.349121 	 0.011687 
 0.351562 	 0.006392 
 0.354004 	 0.011445 
 0.356445 	 0.006792 
 0.358887 	 0.011451 
 0.361328 	 0.008053 
 0.363770 	 0.012447 
 0.366211 	 0.009766 
 0.368652 	 0.012267 
 0.371094 	 0.010092 
 0.373535 	 0.013856 
 0.375977 	 0.011952 
 0.378418 	 0.015207 
 0.380859 	 0.014127 
 0.383301 	 0.018825 
 0.385742 	 0.016785 
 0.388184 	 0.022330 
 0.390625 	 0.020149 
 0.393066 	 0.027639 
 0.395508 	 0.023626 
 0.397949 	 0.030487 
 0.400391 	 0.032239 
 0.402832 	 0.047708 
 0.405273 	 0.038531 
 0.407715 	 0.050523 
 0.410156 	 0.049445 
 0.412598 	 0.073225 
 0.415039 	 0.096226 
 0.417480 	 0.108403 
 0.419922 	 0.111591 
 0.422363 	 0.125277 
 0.424805 	 0.089848 
 0.427246 	 0.109849 
 0.429688 	 0.111860 
 0.432129 	 0.098869 
 0.434570 	 0.083302 
 0.437012 	 0.074242 
 0.439453 	 0.053450 
 0.441895 	 0.059640 
 0.444336 	 0.048719 
 0.446777 	 0.052813 
 0.449219 	 0.054567 
 0.451660 	 0.051873 
 0.454102 	 0.050330 
 0.456543 	 0.054374 
 0.458984 	 0.053648 
 0.461426 	 0.059837 
 0.463867 	 0.064539 
 0.466309 	 0.074176 
 0.468750 	 0.081329 
 0.471191 	 0.092591 
 0.473633 	 0.104551 
 0.476074 	 0.116832 
 0.478516 	 0.138602 
 0.480957 	 0.127943 
 0.483398 	 0.146767 
 0.485840 	 0.139046 
 0.488281 	 0.151296 
 0.490723 	 0.144578 
 0.493164 	 0.156899 
 0.495605 	 0.131155 
 0.498047 	 0.120404 
 0.500488 	 0.119232 
 0.502930 	 0.115868 
 0.505371 	 0.114105 
 0.507812 	 0.111401 
 0.510254 	 0.100514 
 0.512695 	 0.098502 
 0.515137 	 0.094673 
 0.517578 	 0.088424 
 0.520020 	 0.082649 
 0.522461 	 0.086741 
 0.524902 	 0.085781 
 0.527344 	 0.075920 
 0.529785 	 0.079233 
 0.532227 	 0.080823 
 0.534668 	 0.074779 
 0.537109 	 0.077269 
 0.539551 	 0.066735 
 0.541992 	 0.076862 
 0.544434 	 0.083368 
 0.546875 	 0.079727 
 0.549316 	 0.087543 
 0.551758 	 0.102281 
 0.554199 	 0.115700 
 0.556641 	 0.119621 
 0.559082 	 0.132235 
 0.561523 	 0.117462 
 0.563965 	 0.123962 
 0.566406 	 0.128592 
 0.568848 	 0.143853 
 0.571289 	 0.139454 
 0.573730 	 0.152783 
 0.576172 	 0.160605 
 0.578613 	 0.188627 
 0.581055 	 0.165407 
 0.583496 	 0.182657 
 0.585938 	 0.161164 
 0.588379 	 0.171939 
 0.590820 	 0.165387 
 0.593262 	 0.147676 
 0.595703 	 0.127690 
 0.598145 	 0.146872 
 0.600586 	 0.126579 
 0.603027 	 0.110805 
 0.605469 	 0.117955 
 0.607910 	 0.103502 
 0.610352 	 0.102413 
 0.612793 	 0.100431 
 0.615234 	 0.114534 
 0.617676 	 0.105590 
 0.620117 	 0.116293 
 0.622559 	 0.114884 
 0.625000 	 0.119401 
 0.627441 	 0.116441 
 0.629883 	 0.121755 
 0.632324 	 0.120915 
 0.634766 	 0.121233 
 0.637207 	 0.126337 
 0.639648 	 0.134067 
 0.642090 	 0.133907 
 0.644531 	 0.110632 
 0.646973 	 0.119395 
 0.649414 	 0.125311 
 0.651855 	 0.133013 
 0.654297 	 0.123943 
 0.656738 	 0.140056 
 0.659180 	 0.140941 
 0.661621 	 0.149494 
 0.664062 	 0.137435 
 0.666504 	 0.154914 
 0.668945 	 0.156089 
 0.671387 	 0.149103 
 0.673828 	 0.162905 
 0.676270 	 0.166001 
 0.678711 	 0.167226 
 0.681152 	 0.157187 
 0.683594 	 0.177521 
 0.686035 	 0.177845 
 0.688477 	 0.174144 
 0.690918 	 0.198175 
 0.693359 	 0.195019 
 0.695801 	 0.186571 
 0.698242 	 0.181395 
 0.700684 	 0.190427 
 0.703125 	 0.175637 
 0.705566 	 0.172567 
 0.708008 	 0.166117 
 0.710449 	 0.167161 
 0.712891 	 0.161881 
 0.715332 	 0.165269 
 0.717773 	 0.153307 
 0.720215 	 0.153007 
 0.722656 	 0.156063 
 0.725098 	 0.153889 
 0.727539 	 0.157276 
 0.729980 	 0.172749 
 0.732422 	 0.154848 
 0.734863 	 0.163733 
 0.737305 	 0.162720 
 0.739746 	 0.156284 
 0.742188 	 0.141670 
 0.744629 	 0.157610 
 0.747070 	 0.139643 
 0.749512 	 0.157467 
 0.751953 	 0.151811 
 0.754395 	 0.153656 
 0.756836 	 0.161520 
 0.759277 	 0.177973 
 0.761719 	 0.162699 
 0.764160 	 0.189497 
 0.766602 	 0.203034 
 0.769043 	 0.200506 
 0.771484 	 0.192941 
 0.773926 	 0.189398 
 0.776367 	 0.191844 
 0.778809 	 0.184869 
 0.781250 	 0.175333 
 0.783691 	 0.163897 
 0.786133 	 0.171866 
 0.788574 	 0.159680 
 0.791016 	 0.155934 
 0.793457 	 0.158744 
 0.795898 	 0.133632 
 0.798340 	 0.139162 
 0.800781 	 0.124894 
 0.803223 	 0.130329 
 0.805664 	 0.123320 
 0.808105 	 0.137128 
 0.810547 	 0.131732 
 0.812988 	 0.136020 
 0.815430 	 0.129063 
 0.817871 	 0.128696 
 0.820312 	 0.114729 
 0.822754 	 0.105710 
 0.825195 	 0.101829 
 0.827637 	 0.119089 
 0.830078 	 0.105994 
 0.832520 	 0.105259 
 0.834961 	 0.102764 
 0.837402 	 0.111623 
 0.839844 	 0.102997 
 0.842285 	 0.106605 
 0.844727 	 0.109097 
 0.847168 	 0.111155 
 0.849609 	 0.112486 
 0.852051 	 0.118855 
 0.854492 	 0.119845 
 0.856934 	 0.126318 
 0.859375 	 0.130742 
 0.861816 	 0.143638 
 0.864258 	 0.148129 
 0.866699 	 0.166246 
 0.869141 	 0.166988 
 0.871582 	 0.185324 
 0.874023 	 0.195411 
 0.876465 	 0.203160 
 0.878906 	 0.197883 
 0.881348 	 0.192695 
 0.883789 	 0.189435 
 0.886230 	 0.196000 
 0.888672 	 0.192268 
 0.891113 	 0.195196 
 0.893555 	 0.182285 
 0.895996 	 0.179843 
 0.898438 	 0.187395 
 0.900879 	 0.181909 
 0.903320 	 0.179262 
 0.905762 	 0.181298 
 0.908203 	 0.189380 
 0.910645 	 0.198497 
 0.913086 	 0.182651 
 0.915527 	 0.180476 
 0.917969 	 0.202045 
 0.920410 	 0.194618 
 0.922852 	 0.203897 
 0.925293 	 0.205083 
 0.927734 	 0.214758 
 0.930176 	 0.197243 
 0.932617 	 0.187943 
 0.935059 	 0.190747 
 0.937500 	 0.171260 
 0.939941 	 0.172841 
 0.942383 	 0.168421 
 0.944824 	 0.152607 
 0.947266 	 0.163296 
 0.949707 	 0.153973 
 0.952148 	 0.139544 
 0.954590 	 0.147382 
 0.957031 	 0.127144 
 0.959473 	 0.130628 
 0.961914 	 0.124869 
 0.964355 	 0.123179 
 0.966797 	 0.124083 
 0.969238 	 0.128619 
 0.971680 	 0.122187 
 0.974121 	 0.110814 
 0.976562 	 0.114769 
 0.979004 	 0.109763 
 0.981445 	 0.097441 
 0.983887 	 0.107998 
 0.986328 	 0.100607 
 0.988770 	 0.098274 
 0.991211 	 0.086273 
 0.993652 	 0.098030 
 0.996094 	 0.089721 
 0.998535 	 0.090308 
 1.000977 	 0.090356 
 1.003418 	 0.087335 
 1.005859 	 0.086803 
 1.008301 	 0.083983 
 1.010742 	 0.094396 
 1.013184 	 0.095392 
 1.015625 	 0.089328 
 1.018066 	 0.091020 
 1.020508 	 0.089780 
 1.022949 	 0.090574 
 1.025391 	 0.095212 
 1.027832 	 0.095516 
 1.030273 	 0.093946 
 1.032715 	 0.098267 
 1.035156 	 0.091150 
 1.037598 	 0.101658 
 1.040039 	 0.103584 
 1.042480 	 0.112629 
 1.044922 	 0.103153 
 1.047363 	 0.120667 
 1.049805 	 0.118720 
 1.052246 	 0.112080 
 1.054688 	 0.109045 
 1.057129 	 0.122579 
 1.059570 	 0.114787 
 1.062012 	 0.124712 
 1.064453 	 0.126787 
 1.066895 	 0.142922 
 1.069336 	 0.125637 
 1.071777 	 0.148830 
 1.074219 	 0.137321 
 1.076660 	 0.155957 
 1.079102 	 0.137257 
 1.081543 	 0.166218 
 1.083984 	 0.163036 
 1.086426 	 0.172859 
 1.088867 	 0.168603 
 1.091309 	 0.197451 
 1.093750 	 0.172348 
 1.096191 	 0.184404 
 1.098633 	 0.159550 
 1.101074 	 0.178378 
 1.103516 	 0.150606 
 1.105957 	 0.173833 
 1.108398 	 0.148550 
 1.110840 	 0.167537 
 1.113281 	 0.162465 
 1.115723 	 0.148539 
 1.118164 	 0.134341 
 1.120605 	 0.127938 
 1.123047 	 0.139802 
 1.125488 	 0.139849 
 1.127930 	 0.120687 
 1.130371 	 0.132727 
 1.132812 	 0.136079 
 1.135254 	 0.132644 
 1.137695 	 0.134682 
 1.140137 	 0.129981 
 1.142578 	 0.134101 
 1.145020 	 0.136000 
 1.147461 	 0.132515 
 1.149902 	 0.139433 
 1.152344 	 0.147041 
 1.154785 	 0.151443 
 1.157227 	 0.152705 
 1.159668 	 0.144052 
 1.162109 	 0.154708 
 1.164551 	 0.155205 
 1.166992 	 0.161756 
 1.169434 	 0.148741 
 1.171875 	 0.154670 
 1.174316 	 0.148578 
 1.176758 	 0.139407 
 1.179199 	 0.133870 
 1.181641 	 0.141056 
 1.184082 	 0.130189 
 1.186523 	 0.131937 
 1.188965 	 0.122628 
 1.191406 	 0.133413 
 1.193848 	 0.125627 
 1.196289 	 0.126499 
 1.198730 	 0.123128 
 1.201172 	 0.123347 
 1.203613 	 0.116712 
 1.206055 	 0.119077 
 1.208496 	 0.120646 
 1.210938 	 0.112699 
 1.213379 	 0.120574 
 1.215820 	 0.120221 
 1.218262 	 0.119916 
 1.220703 	 0.107554 
 1.223145 	 0.111279 
 1.225586 	 0.106410 
 1.228027 	 0.108998 
 1.230469 	 0.108072 
 1.232910 	 0.112810 
 1.235352 	 0.107984 
 1.237793 	 0.110658 
 1.240234 	 0.104100 
 1.242676 	 0.102005 
 1.245117 	 0.100751 
 1.247559 	 0.096092 
 1.250000 	 0.100840 
 1.252441 	 0.093600 
 1.254883 	 0.098464 
 1.257324 	 0.102362 
 1.259766 	 0.100892 
 1.262207 	 0.101397 
 1.264648 	 0.101203 
 1.267090 	 0.104896 
 1.269531 	 0.092105 
 1.271973 	 0.099569 
 1.274414 	 0.104984 
 1.276855 	 0.109307 
 1.279297 	 0.106802 
 1.281738 	 0.105023 
 1.284180 	 0.103940 
 1.286621 	 0.113444 
 1.289062 	 0.108036 
 1.291504 	 0.112767 
 1.293945 	 0.120621 
 1.296387 	 0.108115 
 1.298828 	 0.108021 
 1.301270 	 0.109490 
 1.303711 	 0.116749 
 1.306152 	 0.116079 
 1.308594 	 0.107172 
 1.311035 	 0.114354 
 1.313477 	 0.118456 
 1.315918 	 0.117249 
 1.318359 	 0.108267 
 1.320801 	 0.116751 
 1.323242 	 0.109080 
 1.325684 	 0.111454 
 1.328125 	 0.101053 
 1.330566 	 0.106498 
 1.333008 	 0.093525 
 1.335449 	 0.104122 
 1.337891 	 0.099115 
 1.340332 	 0.100169 
 1.342773 	 0.095451 
 1.345215 	 0.096202 
 1.347656 	 0.097616 
 1.350098 	 0.098787 
 1.352539 	 0.091819 
 1.354980 	 0.097144 
 1.357422 	 0.100215 
 1.359863 	 0.106406 
 1.362305 	 0.089430 
 1.364746 	 0.092349 
 1.367188 	 0.091489 
 1.369629 	 0.101980 
 1.372070 	 0.097975 
 1.374512 	 0.096144 
 1.376953 	 0.089773 
 1.379395 	 0.093187 
 1.381836 	 0.086965 
 1.384277 	 0.090424 
 1.386719 	 0.091836 
 1.389160 	 0.082057 
 1.391602 	 0.084416 
 1.394043 	 0.085369 
 1.396484 	 0.085379 
 1.398926 	 0.085899 
 1.401367 	 0.086386 
 1.403809 	 0.086039 
 1.406250 	 0.085358 
 1.408691 	 0.085711 
 1.411133 	 0.083286 
 1.413574 	 0.084414 
 1.416016 	 0.087425 
 1.418457 	 0.083723 
 1.420898 	 0.080070 
 1.423340 	 0.084597 
 1.425781 	 0.079365 
 1.428223 	 0.081561 
 1.430664 	 0.084286 
 1.433105 	 0.092842 
 1.435547 	 0.082590 
 1.437988 	 0.082235 
 1.440430 	 0.087983 
 1.442871 	 0.090266 
 1.445312 	 0.094024 
 1.447754 	 0.085730 
 1.450195 	 0.086294 
 1.452637 	 0.087720 
 1.455078 	 0.086000 
 1.457520 	 0.091904 
 1.459961 	 0.092955 
 1.462402 	 0.092860 
 1.464844 	 0.093991 
 1.467285 	 0.096231 
 1.469727 	 0.095605 
 1.472168 	 0.089033 
 1.474609 	 0.083063 
 1.477051 	 0.091946 
 1.479492 	 0.093733 
 1.481934 	 0.091032 
 1.484375 	 0.087510 
 1.486816 	 0.095257 
 1.489258 	 0.088509 
 1.491699 	 0.090583 
 1.494141 	 0.088423 
 1.496582 	 0.092533 
 1.499023 	 0.086981 
 1.501465 	 0.091710 
 1.503906 	 0.085997 
 1.506348 	 0.096754 
 1.508789 	 0.085275 
 1.511230 	 0.088973 
 1.513672 	 0.089714 
 1.516113 	 0.091662 
 1.518555 	 0.091127 
 1.520996 	 0.096883 
 1.523438 	 0.094937 
 1.525879 	 0.098067 
 1.528320 	 0.094232 
 1.530762 	 0.094738 
 1.533203 	 0.090361 
 1.535645 	 0.099287 
 1.538086 	 0.100606 
 1.540527 	 0.099966 
 1.542969 	 0.095105 
 1.545410 	 0.101854 
 1.547852 	 0.094055 
 1.550293 	 0.098729 
 1.552734 	 0.090626 
 1.555176 	 0.109062 
 1.557617 	 0.103846 
 1.560059 	 0.105545 
 1.562500 	 0.100280 
 1.564941 	 0.104154 
 1.567383 	 0.104730 
 1.569824 	 0.109278 
 1.572266 	 0.105360 
 1.574707 	 0.102496 
 1.577148 	 0.107306 
 1.579590 	 0.106772 
 1.582031 	 0.102349 
 1.584473 	 0.103921 
 1.586914 	 0.101178 
 1.589355 	 0.103377 
 1.591797 	 0.099638 
 1.594238 	 0.096463 
 1.596680 	 0.098118 
 1.599121 	 0.106800 
 1.601562 	 0.101150 
 1.604004 	 0.099009 
 1.606445 	 0.104169 
 1.608887 	 0.105009 
 1.611328 	 0.099223 
 1.613770 	 0.100772 
 1.616211 	 0.093642 
 1.618652 	 0.096868 
 1.621094 	 0.093718 
 1.623535 	 0.096312 
 1.625977 	 0.084660 
 1.628418 	 0.088498 
 1.630859 	 0.093831 
 1.633301 	 0.088436 
 1.635742 	 0.088261 
 1.638184 	 0.086018 
 1.640625 	 0.096079 
 1.643066 	 0.088661 
 1.645508 	 0.084394 
 1.647949 	 0.091626 
 1.650391 	 0.081815 
 1.652832 	 0.084193 
 1.655273 	 0.082130 
 1.657715 	 0.081553 
 1.660156 	 0.086735 
 1.662598 	 0.084670 
 1.665039 	 0.080521 
 1.667480 	 0.091730 
 1.669922 	 0.081200 
 1.672363 	 0.083253 
 1.674805 	 0.084637 
 1.677246 	 0.086717 
 1.679688 	 0.080365 
 1.682129 	 0.075150 
 1.684570 	 0.077705 
 1.687012 	 0.083001 
 1.689453 	 0.078027 
 1.691895 	 0.076194 
 1.694336 	 0.068447 
 1.696777 	 0.075061 
 1.699219 	 0.068392 
 1.701660 	 0.071427 
 1.704102 	 0.063763 
 1.706543 	 0.071369 
 1.708984 	 0.061175 
 1.711426 	 0.071530 
 1.713867 	 0.064591 
 1.716309 	 0.069775 
 1.718750 	 0.063384 
 1.721191 	 0.069235 
 1.723633 	 0.065306 
 1.726074 	 0.064775 
 1.728516 	 0.064345 
 1.730957 	 0.065779 
 1.733398 	 0.062697 
 1.735840 	 0.063350 
 1.738281 	 0.059769 
 1.740723 	 0.066368 
 1.743164 	 0.059776 
 1.745605 	 0.057479 
 1.748047 	 0.057723 
 1.750488 	 0.067040 
 1.752930 	 0.065606 
 1.755371 	 0.065099 
 1.757812 	 0.063393 
 1.760254 	 0.064073 
 1.762695 	 0.066307 
 1.765137 	 0.069702 
 1.767578 	 0.059920 
 1.770020 	 0.068754 
 1.772461 	 0.069236 
 1.774902 	 0.076877 
 1.777344 	 0.067883 
 1.779785 	 0.070740 
 1.782227 	 0.061719 
 1.784668 	 0.074263 
 1.787109 	 0.060249 
 1.789551 	 0.066475 
 1.791992 	 0.060858 
 1.794434 	 0.067377 
 1.796875 	 0.062802 
 1.799316 	 0.066403 
 1.801758 	 0.059934 
 1.804199 	 0.065300 
 1.806641 	 0.061113 
 1.809082 	 0.065213 
 1.811523 	 0.061191 
 1.813965 	 0.064108 
 1.816406 	 0.058340 
 1.818848 	 0.058841 
 1.821289 	 0.056610 
 1.823730 	 0.057460 
 1.826172 	 0.061814 
 1.828613 	 0.064593 
 1.831055 	 0.058929 
 1.833496 	 0.062295 
 1.835938 	 0.061056 
 1.838379 	 0.066863 
 1.840820 	 0.060240 
 1.843262 	 0.065705 
 1.845703 	 0.059779 
 1.848145 	 0.061495 
 1.850586 	 0.050209 
 1.853027 	 0.056392 
 1.855469 	 0.053611 
 1.857910 	 0.064347 
 1.860352 	 0.052831 
 1.862793 	 0.067023 
 1.865234 	 0.051396 
 1.867676 	 0.057117 
 1.870117 	 0.060555 
 1.872559 	 0.059242 
 1.875000 	 0.052735 
 1.877441 	 0.060073 
 1.879883 	 0.048367 
 1.882324 	 0.057823 
 1.884766 	 0.049087 
 1.887207 	 0.053348 
 1.889648 	 0.051283 
 1.892090 	 0.053957 
 1.894531 	 0.048403 
 1.896973 	 0.051661 
 1.899414 	 0.045119 
 1.901855 	 0.048268 
 1.904297 	 0.044585 
 1.906738 	 0.044280 
 1.909180 	 0.042670 
 1.911621 	 0.045191 
 1.914062 	 0.037959 
 1.916504 	 0.040290 
 1.918945 	 0.037680 
 1.921387 	 0.043918 
 1.923828 	 0.033336 
 1.926270 	 0.040315 
 1.928711 	 0.032465 
 1.931152 	 0.034074 
 1.933594 	 0.028896 
 1.936035 	 0.032753 
 1.938477 	 0.024395 
 1.940918 	 0.028797 
 1.943359 	 0.025305 
 1.945801 	 0.028884 
 1.948242 	 0.023147 
 1.950684 	 0.027108 
 1.953125 	 0.024257 
 1.955566 	 0.022035 
 1.958008 	 0.020690 
 1.960449 	 0.021563 
 1.962891 	 0.019415 
 1.965332 	 0.021710 
 1.967773 	 0.017533 
 1.970215 	 0.020595 
 1.972656 	 0.017385 
 1.975098 	 0.020986 
 1.977539 	 0.015670 
 1.979980 	 0.020849 
 1.982422 	 0.017059 
 1.984863 	 0.019399 
 1.987305 	 0.015709 
 1.989746 	 0.018707 
 1.992188 	 0.014450 
 1.994629 	 0.017675 
 1.997070 	 0.013475 
 1.999512 	 0.016704 
 2.001953 	 0.013720 
 2.004395 	 0.017011 
 2.006836 	 0.012134 
 2.009277 	 0.016857 
 2.011719 	 0.011916 
 2.014160 	 0.015123 
 2.016602 	 0.011227 
 2.019043 	 0.015435 
 2.021484 	 0.010751 
 2.023926 	 0.014765 
 2.026367 	 0.011451 
 2.028809 	 0.014550 
 2.031250 	 0.010443 
 2.033691 	 0.014966 
 2.036133 	 0.010644 
 2.038574 	 0.014253 
 2.041016 	 0.010722 
 2.043457 	 0.014026 
 2.045898 	 0.009631 
 2.048340 	 0.013870 
 2.050781 	 0.009137 
 2.053223 	 0.012857 
 2.055664 	 0.009654 
 2.058105 	 0.013218 
 2.060547 	 0.009136 
 2.062988 	 0.012784 
 2.065430 	 0.008752 
 2.067871 	 0.012055 
 2.070312 	 0.008051 
 2.072754 	 0.011194 
 2.075195 	 0.007691 
 2.077637 	 0.011634 
 2.080078 	 0.007542 
 2.082520 	 0.011908 
 2.084961 	 0.007733 
 2.087402 	 0.011448 
 2.089844 	 0.007736 
 2.092285 	 0.011200 
 2.094727 	 0.007639 
 2.097168 	 0.011240 
 2.099609 	 0.007421 
 2.102051 	 0.010775 
 2.104492 	 0.007001 
 2.106934 	 0.010813 
 2.109375 	 0.006766 
 2.111816 	 0.010556 
 2.114258 	 0.006822 
 2.116699 	 0.010637 
 2.119141 	 0.007113 
 2.121582 	 0.010891 
 2.124023 	 0.006483 
 2.126465 	 0.010489 
 2.128906 	 0.006505 
 2.131348 	 0.010125 
 2.133789 	 0.006992 
 2.136230 	 0.009691 
 2.138672 	 0.006133 
 2.141113 	 0.010113 
 2.143555 	 0.006191 
 2.145996 	 0.009440 
 2.148438 	 0.006027 
 2.150879 	 0.009426 
 2.153320 	 0.006276 
 2.155762 	 0.009434 
 2.158203 	 0.005530 
 2.160645 	 0.009258 
 2.163086 	 0.005466 
 2.165527 	 0.008884 
 2.167969 	 0.005199 
 2.170410 	 0.009139 
 2.172852 	 0.005759 
 2.175293 	 0.009034 
 2.177734 	 0.004571 
 2.180176 	 0.008612 
 2.182617 	 0.005076 
 2.185059 	 0.009108 
 2.187500 	 0.004601 
 2.189941 	 0.009216 
 2.192383 	 0.005215 
 2.194824 	 0.008916 
 2.197266 	 0.004835 
 2.199707 	 0.008661 
 2.202148 	 0.004551 
 2.204590 	 0.008519 
 2.207031 	 0.004924 
 2.209473 	 0.008603 
 2.211914 	 0.004448 
 2.214355 	 0.008598 
 2.216797 	 0.004701 
 2.219238 	 0.008050 
 2.221680 	 0.004634 
 2.224121 	 0.007907 
 2.226562 	 0.004549 
 2.229004 	 0.008014 
 2.231445 	 0.004820 
 2.233887 	 0.008384 
 2.236328 	 0.004452 
 2.238770 	 0.008340 
 2.241211 	 0.004382 
 2.243652 	 0.007862 
 2.246094 	 0.004037 
 2.248535 	 0.007852 
 2.250977 	 0.004006 
 2.253418 	 0.007959 
 2.255859 	 0.004431 
 2.258301 	 0.007555 
 2.260742 	 0.004191 
 2.263184 	 0.007784 
 2.265625 	 0.003846 
 2.268066 	 0.007452 
 2.270508 	 0.003807 
 2.272949 	 0.007484 
 2.275391 	 0.003810 
 2.277832 	 0.007632 
 2.280273 	 0.003446 
 2.282715 	 0.007554 
 2.285156 	 0.003957 
 2.287598 	 0.007240 
 2.290039 	 0.003734 
 2.292480 	 0.007207 
 2.294922 	 0.003473 
 2.297363 	 0.007567 
 2.299805 	 0.003954 
 2.302246 	 0.007454 
 2.304688 	 0.003786 
 2.307129 	 0.007532 
 2.309570 	 0.003290 
 2.312012 	 0.007597 
 2.314453 	 0.003596 
 2.316895 	 0.006986 
 2.319336 	 0.003517 
 2.321777 	 0.006775 
 2.324219 	 0.003416 
 2.326660 	 0.007513 
 2.329102 	 0.003282 
 2.331543 	 0.007381 
 2.333984 	 0.003825 
 2.336426 	 0.007350 
 2.338867 	 0.003663 
 2.341309 	 0.007014 
 2.343750 	 0.003552 
 2.346191 	 0.007124 
 2.348633 	 0.003524 
 2.351074 	 0.007064 
 2.353516 	 0.003506 
 2.355957 	 0.007263 
 2.358398 	 0.002939 
 2.360840 	 0.006883 
 2.363281 	 0.003120 
 2.365723 	 0.006888 
 2.368164 	 0.003283 
 2.370605 	 0.006940 
 2.373047 	 0.002918 
 2.375488 	 0.006644 
 2.377930 	 0.003263 
 2.380371 	 0.006923 
 2.382812 	 0.003523 
 2.385254 	 0.007111 
 2.387695 	 0.003300 
 2.390137 	 0.006999 
 2.392578 	 0.003040 
 2.395020 	 0.007256 
 2.397461 	 0.003324 
 2.399902 	 0.006979 
 2.402344 	 0.002725 
 2.404785 	 0.007015 
 2.407227 	 0.002923 
 2.409668 	 0.006493 
 2.412109 	 0.003000 
 2.414551 	 0.006942 
 2.416992 	 0.003151 
 2.419434 	 0.006930 
 2.421875 	 0.003264 
 2.424316 	 0.006989 
 2.426758 	 0.003545 
 2.429199 	 0.007055 
 2.431641 	 0.003113 
 2.434082 	 0.007314 
 2.436523 	 0.002951 
 2.438965 	 0.006903 
 2.441406 	 0.002937 
 2.443848 	 0.006925 
 2.446289 	 0.003149 
 2.448730 	 0.006739 
 2.451172 	 0.002703 
 2.453613 	 0.006822 
 2.456055 	 0.003180 
 2.458496 	 0.007029 
 2.460938 	 0.003269 
 2.463379 	 0.006902 
 2.465820 	 0.003407 
 2.468262 	 0.006728 
 2.470703 	 0.003001 
 2.473145 	 0.007180 
 2.475586 	 0.003111 
 2.478027 	 0.006875 
 2.480469 	 0.003271 
 2.482910 	 0.006705 
 2.485352 	 0.002976 
 2.487793 	 0.006930 
 2.490234 	 0.003280 
 2.492676 	 0.006606 
 2.495117 	 0.003402 
 2.497559 	 0.006779 
