 0.000000 	 1.451452 
 0.002441 	 1.044469 
 0.004883 	 0.139813 
 0.007324 	 0.024533 
 0.009766 	 0.023010 
 0.012207 	 0.006939 
 0.014648 	 0.009394 
 0.017090 	 0.003366 
 0.019531 	 0.005076 
 0.021973 	 0.001958 
 0.024414 	 0.003203 
 0.026855 	 0.001238 
 0.029297 	 0.002215 
 0.031738 	 0.000829 
 0.034180 	 0.001620 
 0.036621 	 0.000585 
 0.039062 	 0.001220 
 0.041504 	 0.000437 
 0.043945 	 0.000934 
 0.046387 	 0.000345 
 0.048828 	 0.000724 
 0.051270 	 0.000284 
 0.053711 	 0.000569 
 0.056152 	 0.000227 
 0.058594 	 0.000464 
 0.061035 	 0.000179 
 0.063477 	 0.000383 
 0.065918 	 0.000132 
 0.068359 	 0.000325 
 0.070801 	 0.000093 
 0.073242 	 0.000281 
 0.075684 	 0.000064 
 0.078125 	 0.000237 
 0.080566 	 0.000036 
 0.083008 	 0.000201 
 0.085449 	 0.000014 
 0.087891 	 0.000180 
 0.090332 	 0.000004 
 0.092773 	 0.000151 
 0.095215 	 0.000020 
 0.097656 	 0.000140 
 0.100098 	 0.000037 
 0.102539 	 0.000120 
 0.104980 	 0.000066 
 0.107422 	 0.000116 
 0.109863 	 0.000077 
 0.112305 	 0.000108 
 0.114746 	 0.000094 
 0.117188 	 0.000095 
 0.119629 	 0.000107 
 0.122070 	 0.000088 
 0.124512 	 0.000130 
 0.126953 	 0.000085 
 0.129395 	 0.000135 
 0.131836 	 0.000086 
 0.134277 	 0.000170 
 0.136719 	 0.000094 
 0.139160 	 0.000192 
 0.141602 	 0.000086 
 0.144043 	 0.000216 
 0.146484 	 0.000099 
 0.148926 	 0.000232 
 0.151367 	 0.000084 
 0.153809 	 0.000225 
 0.156250 	 0.000088 
 0.158691 	 0.000263 
 0.161133 	 0.000084 
 0.163574 	 0.000280 
 0.166016 	 0.000093 
 0.168457 	 0.000305 
 0.170898 	 0.000099 
 0.173340 	 0.000371 
 0.175781 	 0.000153 
 0.178223 	 0.000418 
 0.180664 	 0.000172 
 0.183105 	 0.000429 
 0.185547 	 0.000145 
 0.187988 	 0.000473 
 0.190430 	 0.000167 
 0.192871 	 0.000507 
 0.195312 	 0.000187 
 0.197754 	 0.000599 
 0.200195 	 0.000205 
 0.202637 	 0.000687 
 0.205078 	 0.000310 
 0.207520 	 0.000715 
 0.209961 	 0.000297 
 0.212402 	 0.000783 
 0.214844 	 0.000379 
 0.217285 	 0.000916 
 0.219727 	 0.000377 
 0.222168 	 0.001082 
 0.224609 	 0.000449 
 0.227051 	 0.001127 
 0.229492 	 0.000479 
 0.231934 	 0.001243 
 0.234375 	 0.000704 
 0.236816 	 0.001882 
 0.239258 	 0.000940 
 0.241699 	 0.002454 
 0.244141 	 0.001251 
 0.246582 	 0.003481 
 0.249023 	 0.002666 
 0.251465 	 0.005739 
 0.253906 	 0.005300 
 0.256348 	 0.012064 
 0.258789 	 0.015710 
 0.261230 	 0.037663 
 0.263672 	 0.055623 
 0.266113 	 0.065117 
 0.268555 	 0.059406 
 0.270996 	 0.027682 
 0.273438 	 0.015363 
 0.275879 	 0.009210 
 0.278320 	 0.008557 
 0.280762 	 0.005648 
 0.283203 	 0.006619 
 0.285645 	 0.004819 
 0.288086 	 0.006036 
 0.290527 	 0.008059 
 0.292969 	 0.011027 
 0.295410 	 0.014060 
 0.297852 	 0.024656 
 0.300293 	 0.026005 
 0.302734 	 0.030219 
 0.305176 	 0.024854 
 0.307617 	 0.034344 
 0.310059 	 0.045650 
 0.312500 	 0.047832 
 0.314941 	 0.039165 
 0.317383 	 0.017254 
 0.319824 	 0.011874 
 0.322266 	 0.007833 
 0.324707 	 0.006313 
 0.327148 	 0.003064 
 0.329590 	 0.002175 
 0.332031 	 0.002506 
 0.334473 	 0.001938 
 0.336914 	 0.002079 
 0.339355 	 0.001969 
 0.341797 	 0.001661 
 0.344238 	 0.001518 
 0.346680 	 0.001758 
 0.349121 	 0.001551 
 0.351562 	 0.001673 
 0.354004 	 0.001664 
 0.356445 	 0.001500 
 0.358887 	 0.001692 
 0.361328 	 0.001462 
 0.363770 	 0.001789 
 0.366211 	 0.001525 
 0.368652 	 0.001492 
 0.371094 	 0.001503 
 0.373535 	 0.001637 
 0.375977 	 0.001527 
 0.378418 	 0.001715 
 0.380859 	 0.001758 
 0.383301 	 0.001725 
 0.385742 	 0.001857 
 0.388184 	 0.001992 
 0.390625 	 0.002089 
 0.393066 	 0.002570 
 0.395508 	 0.002323 
 0.397949 	 0.003053 
 0.400391 	 0.002968 
 0.402832 	 0.003381 
 0.405273 	 0.003090 
 0.407715 	 0.004161 
 0.410156 	 0.003942 
 0.412598 	 0.005407 
 0.415039 	 0.006704 
 0.417480 	 0.006758 
 0.419922 	 0.009206 
 0.422363 	 0.011903 
 0.424805 	 0.014595 
 0.427246 	 0.019785 
 0.429688 	 0.018189 
 0.432129 	 0.037190 
 0.434570 	 0.036005 
 0.437012 	 0.056505 
 0.439453 	 0.063206 
 0.441895 	 0.063014 
 0.444336 	 0.073312 
 0.446777 	 0.084575 
 0.449219 	 0.070639 
 0.451660 	 0.037330 
 0.454102 	 0.026749 
 0.456543 	 0.015697 
 0.458984 	 0.016249 
 0.461426 	 0.011660 
 0.463867 	 0.012138 
 0.466309 	 0.008141 
 0.468750 	 0.011086 
 0.471191 	 0.007488 
 0.473633 	 0.009323 
 0.476074 	 0.007716 
 0.478516 	 0.010425 
 0.480957 	 0.009267 
 0.483398 	 0.013130 
 0.485840 	 0.013030 
 0.488281 	 0.020564 
 0.490723 	 0.021042 
 0.493164 	 0.030162 
 0.495605 	 0.032078 
 0.498047 	 0.051051 
 0.500488 	 0.079665 
 0.502930 	 0.104398 
 0.505371 	 0.099256 
 0.507812 	 0.100425 
 0.510254 	 0.067020 
 0.512695 	 0.058828 
 0.515137 	 0.060153 
 0.517578 	 0.042424 
 0.520020 	 0.037588 
 0.522461 	 0.041337 
 0.524902 	 0.047983 
 0.527344 	 0.049900 
 0.529785 	 0.048627 
 0.532227 	 0.050240 
 0.534668 	 0.047745 
 0.537109 	 0.049829 
 0.539551 	 0.042062 
 0.541992 	 0.040159 
 0.544434 	 0.039462 
 0.546875 	 0.036340 
 0.549316 	 0.033915 
 0.551758 	 0.035574 
 0.554199 	 0.028462 
 0.556641 	 0.029153 
 0.559082 	 0.024939 
 0.561523 	 0.024898 
 0.563965 	 0.024844 
 0.566406 	 0.026279 
 0.568848 	 0.034039 
 0.571289 	 0.042851 
 0.573730 	 0.043184 
 0.576172 	 0.062204 
 0.578613 	 0.066470 
 0.581055 	 0.070404 
 0.583496 	 0.072104 
 0.585938 	 0.056583 
 0.588379 	 0.043521 
 0.590820 	 0.048174 
 0.593262 	 0.047527 
 0.595703 	 0.059116 
 0.598145 	 0.068837 
 0.600586 	 0.079031 
 0.603027 	 0.096947 
 0.605469 	 0.103187 
 0.607910 	 0.118850 
 0.610352 	 0.103063 
 0.612793 	 0.093771 
 0.615234 	 0.097193 
 0.617676 	 0.082853 
 0.620117 	 0.048042 
 0.622559 	 0.042553 
 0.625000 	 0.038244 
 0.627441 	 0.032154 
 0.629883 	 0.023089 
 0.632324 	 0.023936 
 0.634766 	 0.021845 
 0.637207 	 0.025320 
 0.639648 	 0.023912 
 0.642090 	 0.029590 
 0.644531 	 0.030492 
 0.646973 	 0.039527 
 0.649414 	 0.050590 
 0.651855 	 0.054042 
 0.654297 	 0.060040 
 0.656738 	 0.048711 
 0.659180 	 0.052278 
 0.661621 	 0.039544 
 0.664062 	 0.036084 
 0.666504 	 0.034015 
 0.668945 	 0.037187 
 0.671387 	 0.042540 
 0.673828 	 0.051156 
 0.676270 	 0.051746 
 0.678711 	 0.045447 
 0.681152 	 0.042160 
 0.683594 	 0.044175 
 0.686035 	 0.047629 
 0.688477 	 0.053788 
 0.690918 	 0.057425 
 0.693359 	 0.050629 
 0.695801 	 0.049610 
 0.698242 	 0.057372 
 0.700684 	 0.047630 
 0.703125 	 0.051979 
 0.705566 	 0.058544 
 0.708008 	 0.073276 
 0.710449 	 0.080057 
 0.712891 	 0.107162 
 0.715332 	 0.100260 
 0.717773 	 0.125225 
 0.720215 	 0.120767 
 0.722656 	 0.121439 
 0.725098 	 0.095457 
 0.727539 	 0.088468 
 0.729980 	 0.079908 
 0.732422 	 0.075100 
 0.734863 	 0.070384 
 0.737305 	 0.070856 
 0.739746 	 0.071798 
 0.742188 	 0.067335 
 0.744629 	 0.067125 
 0.747070 	 0.068815 
 0.749512 	 0.074096 
 0.751953 	 0.075510 
 0.754395 	 0.082299 
 0.756836 	 0.073442 
 0.759277 	 0.076450 
 0.761719 	 0.060094 
 0.764160 	 0.055932 
 0.766602 	 0.049722 
 0.769043 	 0.053750 
 0.771484 	 0.052623 
 0.773926 	 0.056748 
 0.776367 	 0.056220 
 0.778809 	 0.065107 
 0.781250 	 0.067681 
 0.783691 	 0.073649 
 0.786133 	 0.077587 
 0.788574 	 0.088448 
 0.791016 	 0.091861 
 0.793457 	 0.098071 
 0.795898 	 0.090296 
 0.798340 	 0.087490 
 0.800781 	 0.099992 
 0.803223 	 0.099157 
 0.805664 	 0.098227 
 0.808105 	 0.087252 
 0.810547 	 0.074245 
 0.812988 	 0.069963 
 0.815430 	 0.059661 
 0.817871 	 0.057207 
 0.820312 	 0.056501 
 0.822754 	 0.051271 
 0.825195 	 0.053461 
 0.827637 	 0.051678 
 0.830078 	 0.046150 
 0.832520 	 0.057959 
 0.834961 	 0.056617 
 0.837402 	 0.056383 
 0.839844 	 0.056379 
 0.842285 	 0.050186 
 0.844727 	 0.045585 
 0.847168 	 0.044224 
 0.849609 	 0.035896 
 0.852051 	 0.037744 
 0.854492 	 0.031587 
 0.856934 	 0.027276 
 0.859375 	 0.023737 
 0.861816 	 0.025499 
 0.864258 	 0.024940 
 0.866699 	 0.027478 
 0.869141 	 0.029005 
 0.871582 	 0.026291 
 0.874023 	 0.028548 
 0.876465 	 0.031174 
 0.878906 	 0.028720 
 0.881348 	 0.031708 
 0.883789 	 0.032917 
 0.886230 	 0.037082 
 0.888672 	 0.034400 
 0.891113 	 0.041816 
 0.893555 	 0.047746 
 0.895996 	 0.060172 
 0.898438 	 0.078589 
 0.900879 	 0.098098 
 0.903320 	 0.117939 
 0.905762 	 0.123313 
 0.908203 	 0.127883 
 0.910645 	 0.134997 
 0.913086 	 0.123253 
 0.915527 	 0.106190 
 0.917969 	 0.083881 
 0.920410 	 0.070693 
 0.922852 	 0.065298 
 0.925293 	 0.071858 
 0.927734 	 0.071960 
 0.930176 	 0.076616 
 0.932617 	 0.087777 
 0.935059 	 0.085814 
 0.937500 	 0.070392 
 0.939941 	 0.083681 
 0.942383 	 0.068052 
 0.944824 	 0.074635 
 0.947266 	 0.076763 
 0.949707 	 0.074021 
 0.952148 	 0.095384 
 0.954590 	 0.099678 
 0.957031 	 0.118093 
 0.959473 	 0.114588 
 0.961914 	 0.113831 
 0.964355 	 0.120027 
 0.966797 	 0.110323 
 0.969238 	 0.111368 
 0.971680 	 0.097722 
 0.974121 	 0.080711 
 0.976562 	 0.072729 
 0.979004 	 0.061843 
 0.981445 	 0.061324 
 0.983887 	 0.051071 
 0.986328 	 0.050131 
 0.988770 	 0.043016 
 0.991211 	 0.044431 
 0.993652 	 0.045565 
 0.996094 	 0.051073 
 0.998535 	 0.050551 
 1.000977 	 0.051308 
 1.003418 	 0.048133 
 1.005859 	 0.049864 
 1.008301 	 0.046592 
 1.010742 	 0.040673 
 1.013184 	 0.044853 
 1.015625 	 0.036134 
 1.018066 	 0.034756 
 1.020508 	 0.030648 
 1.022949 	 0.031619 
 1.025391 	 0.025982 
 1.027832 	 0.024569 
 1.030273 	 0.026595 
 1.032715 	 0.023474 
 1.035156 	 0.023283 
 1.037598 	 0.022850 
 1.040039 	 0.021180 
 1.042480 	 0.023155 
 1.044922 	 0.025738 
 1.047363 	 0.023448 
 1.049805 	 0.029515 
 1.052246 	 0.029560 
 1.054688 	 0.029231 
 1.057129 	 0.027945 
 1.059570 	 0.024324 
 1.062012 	 0.027197 
 1.064453 	 0.028021 
 1.066895 	 0.029463 
 1.069336 	 0.030102 
 1.071777 	 0.030900 
 1.074219 	 0.029587 
 1.076660 	 0.033955 
 1.079102 	 0.044679 
 1.081543 	 0.046293 
 1.083984 	 0.042332 
 1.086426 	 0.036437 
 1.088867 	 0.030305 
 1.091309 	 0.029333 
 1.093750 	 0.031674 
 1.096191 	 0.031701 
 1.098633 	 0.035344 
 1.101074 	 0.040711 
 1.103516 	 0.041313 
 1.105957 	 0.051391 
 1.108398 	 0.048318 
 1.110840 	 0.062951 
 1.113281 	 0.067204 
 1.115723 	 0.082288 
 1.118164 	 0.094779 
 1.120605 	 0.098738 
 1.123047 	 0.116299 
 1.125488 	 0.115838 
 1.127930 	 0.111976 
 1.130371 	 0.103351 
 1.132812 	 0.089279 
 1.135254 	 0.078283 
 1.137695 	 0.080867 
 1.140137 	 0.080875 
 1.142578 	 0.092480 
 1.145020 	 0.111456 
 1.147461 	 0.093831 
 1.149902 	 0.091193 
 1.152344 	 0.085735 
 1.154785 	 0.069481 
 1.157227 	 0.052210 
 1.159668 	 0.046248 
 1.162109 	 0.045772 
 1.164551 	 0.036482 
 1.166992 	 0.038987 
 1.169434 	 0.035588 
 1.171875 	 0.038429 
 1.174316 	 0.037993 
 1.176758 	 0.039639 
 1.179199 	 0.038738 
 1.181641 	 0.038621 
 1.184082 	 0.046523 
 1.186523 	 0.048124 
 1.188965 	 0.052388 
 1.191406 	 0.066882 
 1.193848 	 0.074028 
 1.196289 	 0.082177 
 1.198730 	 0.083243 
 1.201172 	 0.101091 
 1.203613 	 0.108222 
 1.206055 	 0.110319 
 1.208496 	 0.108012 
 1.210938 	 0.092935 
 1.213379 	 0.094982 
 1.215820 	 0.085999 
 1.218262 	 0.069005 
 1.220703 	 0.066347 
 1.223145 	 0.051402 
 1.225586 	 0.048789 
 1.228027 	 0.045491 
 1.230469 	 0.045331 
 1.232910 	 0.038331 
 1.235352 	 0.038198 
 1.237793 	 0.029479 
 1.240234 	 0.035523 
 1.242676 	 0.035825 
 1.245117 	 0.035731 
 1.247559 	 0.039663 
 1.250000 	 0.048530 
 1.252441 	 0.048342 
 1.254883 	 0.052076 
 1.257324 	 0.062171 
 1.259766 	 0.069663 
 1.262207 	 0.065551 
 1.264648 	 0.067847 
 1.267090 	 0.059762 
 1.269531 	 0.054240 
 1.271973 	 0.050871 
 1.274414 	 0.044589 
 1.276855 	 0.041508 
 1.279297 	 0.037403 
 1.281738 	 0.032039 
 1.284180 	 0.029671 
 1.286621 	 0.025576 
 1.289062 	 0.026434 
 1.291504 	 0.025529 
 1.293945 	 0.027687 
 1.296387 	 0.023173 
 1.298828 	 0.028131 
 1.301270 	 0.022231 
 1.303711 	 0.027233 
 1.306152 	 0.026392 
 1.308594 	 0.030819 
 1.311035 	 0.028832 
 1.313477 	 0.030973 
 1.315918 	 0.031704 
 1.318359 	 0.036196 
 1.320801 	 0.042557 
 1.323242 	 0.043162 
 1.325684 	 0.045894 
 1.328125 	 0.047596 
 1.330566 	 0.051184 
 1.333008 	 0.053291 
 1.335449 	 0.058994 
 1.337891 	 0.059340 
 1.340332 	 0.060667 
 1.342773 	 0.065104 
 1.345215 	 0.062043 
 1.347656 	 0.062457 
 1.350098 	 0.050513 
 1.352539 	 0.055225 
 1.354980 	 0.051065 
 1.357422 	 0.065498 
 1.359863 	 0.063102 
 1.362305 	 0.063645 
 1.364746 	 0.063008 
 1.367188 	 0.067130 
 1.369629 	 0.071590 
 1.372070 	 0.060330 
 1.374512 	 0.064725 
 1.376953 	 0.059003 
 1.379395 	 0.054275 
 1.381836 	 0.052282 
 1.384277 	 0.051927 
 1.386719 	 0.053856 
 1.389160 	 0.050328 
 1.391602 	 0.052406 
 1.394043 	 0.043463 
 1.396484 	 0.037683 
 1.398926 	 0.038648 
 1.401367 	 0.036792 
 1.403809 	 0.037835 
 1.406250 	 0.029582 
 1.408691 	 0.032830 
 1.411133 	 0.031163 
 1.413574 	 0.034017 
 1.416016 	 0.033955 
 1.418457 	 0.027545 
 1.420898 	 0.030308 
 1.423340 	 0.028640 
 1.425781 	 0.027228 
 1.428223 	 0.024377 
 1.430664 	 0.026682 
 1.433105 	 0.025722 
 1.435547 	 0.028260 
 1.437988 	 0.026247 
 1.440430 	 0.029500 
 1.442871 	 0.029840 
 1.445312 	 0.031265 
 1.447754 	 0.030724 
 1.450195 	 0.031842 
 1.452637 	 0.029560 
 1.455078 	 0.032226 
 1.457520 	 0.031393 
 1.459961 	 0.032982 
 1.462402 	 0.032134 
 1.464844 	 0.034601 
 1.467285 	 0.031839 
 1.469727 	 0.036441 
 1.472168 	 0.042469 
 1.474609 	 0.040403 
 1.477051 	 0.044307 
 1.479492 	 0.041355 
 1.481934 	 0.038591 
 1.484375 	 0.041556 
 1.486816 	 0.042401 
 1.489258 	 0.042232 
 1.491699 	 0.039771 
 1.494141 	 0.044645 
 1.496582 	 0.046388 
 1.499023 	 0.044682 
 1.501465 	 0.049292 
 1.503906 	 0.042890 
 1.506348 	 0.044692 
 1.508789 	 0.039424 
 1.511230 	 0.036797 
 1.513672 	 0.037439 
 1.516113 	 0.043434 
 1.518555 	 0.037826 
 1.520996 	 0.035619 
 1.523438 	 0.033980 
 1.525879 	 0.035773 
 1.528320 	 0.035869 
 1.530762 	 0.040740 
 1.533203 	 0.035030 
 1.535645 	 0.040992 
 1.538086 	 0.037611 
 1.540527 	 0.039830 
 1.542969 	 0.040134 
 1.545410 	 0.044826 
 1.547852 	 0.044232 
 1.550293 	 0.043411 
 1.552734 	 0.042777 
 1.555176 	 0.040835 
 1.557617 	 0.040897 
 1.560059 	 0.043482 
 1.562500 	 0.042510 
 1.564941 	 0.038658 
 1.567383 	 0.040384 
 1.569824 	 0.039347 
 1.572266 	 0.039863 
 1.574707 	 0.039817 
 1.577148 	 0.041116 
 1.579590 	 0.038792 
 1.582031 	 0.039496 
 1.584473 	 0.041025 
 1.586914 	 0.041830 
 1.589355 	 0.045760 
 1.591797 	 0.039908 
 1.594238 	 0.042132 
 1.596680 	 0.039807 
 1.599121 	 0.046823 
 1.601562 	 0.050408 
 1.604004 	 0.055481 
 1.606445 	 0.053649 
 1.608887 	 0.053319 
 1.611328 	 0.051821 
 1.613770 	 0.053000 
 1.616211 	 0.057216 
 1.618652 	 0.054994 
 1.621094 	 0.058063 
 1.623535 	 0.057126 
 1.625977 	 0.049686 
 1.628418 	 0.047616 
 1.630859 	 0.050383 
 1.633301 	 0.049731 
 1.635742 	 0.054703 
 1.638184 	 0.052793 
 1.640625 	 0.049682 
 1.643066 	 0.045503 
 1.645508 	 0.045473 
 1.647949 	 0.046687 
 1.650391 	 0.044144 
 1.652832 	 0.042696 
 1.655273 	 0.046046 
 1.657715 	 0.042918 
 1.660156 	 0.045090 
 1.662598 	 0.043939 
 1.665039 	 0.038027 
 1.667480 	 0.039573 
 1.669922 	 0.036078 
 1.672363 	 0.038719 
 1.674805 	 0.038282 
 1.677246 	 0.039589 
 1.679688 	 0.036983 
 1.682129 	 0.036508 
 1.684570 	 0.040867 
 1.687012 	 0.040581 
 1.689453 	 0.041640 
 1.691895 	 0.043732 
 1.694336 	 0.045800 
 1.696777 	 0.043302 
 1.699219 	 0.050307 
 1.701660 	 0.051037 
 1.704102 	 0.049745 
 1.706543 	 0.049408 
 1.708984 	 0.050159 
 1.711426 	 0.046746 
 1.713867 	 0.049730 
 1.716309 	 0.047955 
 1.718750 	 0.044894 
 1.721191 	 0.046987 
 1.723633 	 0.043987 
 1.726074 	 0.040694 
 1.728516 	 0.033915 
 1.730957 	 0.029436 
 1.733398 	 0.033299 
 1.735840 	 0.027867 
 1.738281 	 0.031827 
 1.740723 	 0.030225 
 1.743164 	 0.026118 
 1.745605 	 0.024276 
 1.748047 	 0.021865 
 1.750488 	 0.022393 
 1.752930 	 0.019419 
 1.755371 	 0.019309 
 1.757812 	 0.017525 
 1.760254 	 0.017999 
 1.762695 	 0.018538 
 1.765137 	 0.018055 
 1.767578 	 0.016372 
 1.770020 	 0.016907 
 1.772461 	 0.016422 
 1.774902 	 0.017316 
 1.777344 	 0.017199 
 1.779785 	 0.017424 
 1.782227 	 0.019809 
 1.784668 	 0.021114 
 1.787109 	 0.020877 
 1.789551 	 0.021030 
 1.791992 	 0.022119 
 1.794434 	 0.023895 
 1.796875 	 0.025906 
 1.799316 	 0.024471 
 1.801758 	 0.030587 
 1.804199 	 0.029394 
 1.806641 	 0.031495 
 1.809082 	 0.033511 
 1.811523 	 0.041150 
 1.813965 	 0.039660 
 1.816406 	 0.045604 
 1.818848 	 0.044871 
 1.821289 	 0.036985 
 1.823730 	 0.039908 
 1.826172 	 0.032254 
 1.828613 	 0.031784 
 1.831055 	 0.033037 
 1.833496 	 0.032590 
 1.835938 	 0.031214 
 1.838379 	 0.028818 
 1.840820 	 0.036283 
 1.843262 	 0.035381 
 1.845703 	 0.034923 
 1.848145 	 0.033132 
 1.850586 	 0.029615 
 1.853027 	 0.029058 
 1.855469 	 0.026189 
 1.857910 	 0.030122 
 1.860352 	 0.023330 
 1.862793 	 0.022976 
 1.865234 	 0.019472 
 1.867676 	 0.021909 
 1.870117 	 0.020378 
 1.872559 	 0.022319 
 1.875000 	 0.025451 
 1.877441 	 0.022457 
 1.879883 	 0.024059 
 1.882324 	 0.028280 
 1.884766 	 0.024729 
 1.887207 	 0.024434 
 1.889648 	 0.027470 
 1.892090 	 0.035514 
 1.894531 	 0.038605 
 1.896973 	 0.041564 
 1.899414 	 0.036163 
 1.901855 	 0.033394 
 1.904297 	 0.033409 
 1.906738 	 0.028251 
 1.909180 	 0.033522 
 1.911621 	 0.031012 
 1.914062 	 0.028645 
 1.916504 	 0.023889 
 1.918945 	 0.022089 
 1.921387 	 0.019037 
 1.923828 	 0.020395 
 1.926270 	 0.018766 
 1.928711 	 0.020251 
 1.931152 	 0.019152 
 1.933594 	 0.014681 
 1.936035 	 0.015214 
 1.938477 	 0.013808 
 1.940918 	 0.014241 
 1.943359 	 0.012440 
 1.945801 	 0.010373 
 1.948242 	 0.011543 
 1.950684 	 0.008966 
 1.953125 	 0.009295 
 1.955566 	 0.007915 
 1.958008 	 0.008554 
 1.960449 	 0.007838 
 1.962891 	 0.007650 
 1.965332 	 0.007524 
 1.967773 	 0.006381 
 1.970215 	 0.007036 
 1.972656 	 0.005893 
 1.975098 	 0.006616 
 1.977539 	 0.006481 
 1.979980 	 0.005321 
 1.982422 	 0.005516 
 1.984863 	 0.004451 
 1.987305 	 0.004829 
 1.989746 	 0.004466 
 1.992188 	 0.004737 
 1.994629 	 0.004133 
 1.997070 	 0.004404 
 1.999512 	 0.003939 
 2.001953 	 0.003852 
 2.004395 	 0.003511 
 2.006836 	 0.003757 
 2.009277 	 0.003450 
 2.011719 	 0.003863 
 2.014160 	 0.003369 
 2.016602 	 0.003478 
 2.019043 	 0.003062 
 2.021484 	 0.003064 
 2.023926 	 0.002905 
 2.026367 	 0.003219 
 2.028809 	 0.003005 
 2.031250 	 0.003276 
 2.033691 	 0.002551 
 2.036133 	 0.002910 
 2.038574 	 0.002651 
 2.041016 	 0.002884 
 2.043457 	 0.002948 
 2.045898 	 0.002789 
 2.048340 	 0.002588 
 2.050781 	 0.002609 
 2.053223 	 0.002549 
 2.055664 	 0.002554 
 2.058105 	 0.002471 
 2.060547 	 0.002579 
 2.062988 	 0.002286 
 2.065430 	 0.002441 
 2.067871 	 0.002225 
 2.070312 	 0.002457 
 2.072754 	 0.002117 
 2.075195 	 0.002379 
 2.077637 	 0.002199 
 2.080078 	 0.002414 
 2.082520 	 0.002081 
 2.084961 	 0.002281 
 2.087402 	 0.002075 
 2.089844 	 0.002322 
 2.092285 	 0.002137 
 2.094727 	 0.002100 
 2.097168 	 0.002041 
 2.099609 	 0.002190 
 2.102051 	 0.001951 
 2.104492 	 0.002008 
 2.106934 	 0.001931 
 2.109375 	 0.002069 
 2.111816 	 0.002005 
 2.114258 	 0.002103 
 2.116699 	 0.001795 
 2.119141 	 0.001942 
 2.121582 	 0.001715 
 2.124023 	 0.002082 
 2.126465 	 0.001727 
 2.128906 	 0.001843 
 2.131348 	 0.001587 
 2.133789 	 0.001792 
 2.136230 	 0.001626 
 2.138672 	 0.001878 
 2.141113 	 0.001803 
 2.143555 	 0.001795 
 2.145996 	 0.001751 
 2.148438 	 0.001719 
 2.150879 	 0.001520 
 2.153320 	 0.001730 
 2.155762 	 0.001523 
 2.158203 	 0.001729 
 2.160645 	 0.001565 
 2.163086 	 0.001609 
 2.165527 	 0.001488 
 2.167969 	 0.001576 
 2.170410 	 0.001565 
 2.172852 	 0.001614 
 2.175293 	 0.001528 
 2.177734 	 0.001631 
 2.180176 	 0.001482 
 2.182617 	 0.001600 
 2.185059 	 0.001427 
 2.187500 	 0.001546 
 2.189941 	 0.001374 
 2.192383 	 0.001485 
 2.194824 	 0.001335 
 2.197266 	 0.001455 
 2.199707 	 0.001299 
 2.202148 	 0.001452 
 2.204590 	 0.001269 
 2.207031 	 0.001433 
 2.209473 	 0.001212 
 2.211914 	 0.001439 
 2.214355 	 0.001329 
 2.216797 	 0.001451 
 2.219238 	 0.001303 
 2.221680 	 0.001446 
 2.224121 	 0.001251 
 2.226562 	 0.001356 
 2.229004 	 0.001281 
 2.231445 	 0.001311 
 2.233887 	 0.001296 
 2.236328 	 0.001315 
 2.238770 	 0.001267 
 2.241211 	 0.001339 
 2.243652 	 0.001246 
 2.246094 	 0.001357 
 2.248535 	 0.001287 
 2.250977 	 0.001396 
 2.253418 	 0.001161 
 2.255859 	 0.001344 
 2.258301 	 0.001205 
 2.260742 	 0.001316 
 2.263184 	 0.001281 
 2.265625 	 0.001257 
 2.268066 	 0.001218 
 2.270508 	 0.001287 
 2.272949 	 0.001219 
 2.275391 	 0.001324 
 2.277832 	 0.001199 
 2.280273 	 0.001290 
 2.282715 	 0.001231 
 2.285156 	 0.001307 
 2.287598 	 0.001123 
 2.290039 	 0.001242 
 2.292480 	 0.001075 
 2.294922 	 0.001232 
 2.297363 	 0.001129 
 2.299805 	 0.001278 
 2.302246 	 0.001149 
 2.304688 	 0.001289 
 2.307129 	 0.001124 
 2.309570 	 0.001257 
 2.312012 	 0.001107 
 2.314453 	 0.001202 
 2.316895 	 0.001120 
 2.319336 	 0.001243 
 2.321777 	 0.001139 
 2.324219 	 0.001265 
 2.326660 	 0.001190 
 2.329102 	 0.001098 
 2.331543 	 0.001023 
 2.333984 	 0.001157 
 2.336426 	 0.001059 
 2.338867 	 0.001212 
 2.341309 	 0.001091 
 2.343750 	 0.001192 
 2.346191 	 0.001078 
 2.348633 	 0.001184 
 2.351074 	 0.001077 
 2.353516 	 0.001269 
 2.355957 	 0.001036 
 2.358398 	 0.001097 
 2.360840 	 0.000997 
 2.363281 	 0.001114 
 2.365723 	 0.000990 
 2.368164 	 0.001083 
 2.370605 	 0.001052 
 2.373047 	 0.001120 
 2.375488 	 0.001022 
 2.377930 	 0.001149 
 2.380371 	 0.001048 
 2.382812 	 0.001113 
 2.385254 	 0.000976 
 2.387695 	 0.001121 
 2.390137 	 0.001018 
 2.392578 	 0.001161 
 2.395020 	 0.001014 
 2.397461 	 0.001118 
 2.399902 	 0.001122 
 2.402344 	 0.001089 
 2.404785 	 0.001061 
 2.407227 	 0.001155 
 2.409668 	 0.001053 
 2.412109 	 0.001183 
 2.414551 	 0.001101 
 2.416992 	 0.001244 
 2.419434 	 0.001061 
 2.421875 	 0.001121 
 2.424316 	 0.001032 
 2.426758 	 0.001184 
 2.429199 	 0.001075 
 2.431641 	 0.001203 
 2.434082 	 0.001046 
 2.436523 	 0.001198 
 2.438965 	 0.001049 
 2.441406 	 0.001192 
 2.443848 	 0.001000 
 2.446289 	 0.001174 
 2.448730 	 0.001023 
 2.451172 	 0.001178 
 2.453613 	 0.001021 
 2.456055 	 0.001128 
 2.458496 	 0.001012 
 2.460938 	 0.001195 
 2.463379 	 0.001011 
 2.465820 	 0.001152 
 2.468262 	 0.001060 
 2.470703 	 0.001080 
 2.473145 	 0.001037 
 2.475586 	 0.001098 
 2.478027 	 0.001050 
 2.480469 	 0.001036 
 2.482910 	 0.001008 
 2.485352 	 0.001147 
 2.487793 	 0.000960 
 2.490234 	 0.001143 
 2.492676 	 0.001009 
 2.495117 	 0.001146 
 2.497559 	 0.001003 
