 0.000000 	 0.177338 
 0.002441 	 1.138785 
 0.004883 	 0.504826 
 0.007324 	 0.147875 
 0.009766 	 0.074318 
 0.012207 	 0.045204 
 0.014648 	 0.030792 
 0.017090 	 0.022222 
 0.019531 	 0.017025 
 0.021973 	 0.013260 
 0.024414 	 0.010875 
 0.026855 	 0.008851 
 0.029297 	 0.007573 
 0.031738 	 0.006350 
 0.034180 	 0.005603 
 0.036621 	 0.004791 
 0.039062 	 0.004341 
 0.041504 	 0.003758 
 0.043945 	 0.003492 
 0.046387 	 0.003006 
 0.048828 	 0.002885 
 0.051270 	 0.002469 
 0.053711 	 0.002437 
 0.056152 	 0.002052 
 0.058594 	 0.002112 
 0.061035 	 0.001751 
 0.063477 	 0.001848 
 0.065918 	 0.001486 
 0.068359 	 0.001666 
 0.070801 	 0.001288 
 0.073242 	 0.001497 
 0.075684 	 0.001108 
 0.078125 	 0.001366 
 0.080566 	 0.000967 
 0.083008 	 0.001267 
 0.085449 	 0.000819 
 0.087891 	 0.001210 
 0.090332 	 0.000700 
 0.092773 	 0.001154 
 0.095215 	 0.000618 
 0.097656 	 0.001100 
 0.100098 	 0.000529 
 0.102539 	 0.001039 
 0.104980 	 0.000447 
 0.107422 	 0.001048 
 0.109863 	 0.000359 
 0.112305 	 0.001023 
 0.114746 	 0.000253 
 0.117188 	 0.000989 
 0.119629 	 0.000188 
 0.122070 	 0.001053 
 0.124512 	 0.000062 
 0.126953 	 0.001060 
 0.129395 	 0.000000 
 0.131836 	 0.001050 
 0.134277 	 0.000028 
 0.136719 	 0.001041 
 0.139160 	 0.000158 
 0.141602 	 0.001117 
 0.144043 	 0.000284 
 0.146484 	 0.001164 
 0.148926 	 0.000347 
 0.151367 	 0.001270 
 0.153809 	 0.000475 
 0.156250 	 0.001207 
 0.158691 	 0.000667 
 0.161133 	 0.001340 
 0.163574 	 0.000730 
 0.166016 	 0.001537 
 0.168457 	 0.000790 
 0.170898 	 0.001394 
 0.173340 	 0.000864 
 0.175781 	 0.001526 
 0.178223 	 0.001184 
 0.180664 	 0.001783 
 0.183105 	 0.001466 
 0.185547 	 0.001835 
 0.187988 	 0.001563 
 0.190430 	 0.002011 
 0.192871 	 0.001739 
 0.195312 	 0.002067 
 0.197754 	 0.001753 
 0.200195 	 0.002222 
 0.202637 	 0.002001 
 0.205078 	 0.002973 
 0.207520 	 0.002622 
 0.209961 	 0.003213 
 0.212402 	 0.003029 
 0.214844 	 0.003033 
 0.217285 	 0.003013 
 0.219727 	 0.004011 
 0.222168 	 0.004532 
 0.224609 	 0.005336 
 0.227051 	 0.008113 
 0.229492 	 0.008136 
 0.231934 	 0.009594 
 0.234375 	 0.010282 
 0.236816 	 0.014945 
 0.239258 	 0.019977 
 0.241699 	 0.026503 
 0.244141 	 0.032615 
 0.246582 	 0.048119 
 0.249023 	 0.071849 
 0.251465 	 0.093103 
 0.253906 	 0.102016 
 0.256348 	 0.080160 
 0.258789 	 0.064257 
 0.261230 	 0.047491 
 0.263672 	 0.032761 
 0.266113 	 0.029161 
 0.268555 	 0.031147 
 0.270996 	 0.025743 
 0.273438 	 0.030002 
 0.275879 	 0.026838 
 0.278320 	 0.035635 
 0.280762 	 0.028029 
 0.283203 	 0.030510 
 0.285645 	 0.031860 
 0.288086 	 0.026878 
 0.290527 	 0.034714 
 0.292969 	 0.041708 
 0.295410 	 0.045983 
 0.297852 	 0.060024 
 0.300293 	 0.064968 
 0.302734 	 0.053020 
 0.305176 	 0.054032 
 0.307617 	 0.038089 
 0.310059 	 0.023148 
 0.312500 	 0.022643 
 0.314941 	 0.014939 
 0.317383 	 0.012826 
 0.319824 	 0.009345 
 0.322266 	 0.011370 
 0.324707 	 0.007271 
 0.327148 	 0.009225 
 0.329590 	 0.007262 
 0.332031 	 0.008117 
 0.334473 	 0.005586 
 0.336914 	 0.007782 
 0.339355 	 0.005218 
 0.341797 	 0.006954 
 0.344238 	 0.005275 
 0.346680 	 0.006783 
 0.349121 	 0.005007 
 0.351562 	 0.007567 
 0.354004 	 0.005617 
 0.356445 	 0.006947 
 0.358887 	 0.005637 
 0.361328 	 0.006769 
 0.363770 	 0.006176 
 0.366211 	 0.007435 
 0.368652 	 0.006512 
 0.371094 	 0.008589 
 0.373535 	 0.008452 
 0.375977 	 0.010159 
 0.378418 	 0.007476 
 0.380859 	 0.009961 
 0.383301 	 0.010381 
 0.385742 	 0.010658 
 0.388184 	 0.009849 
 0.390625 	 0.012182 
 0.393066 	 0.011805 
 0.395508 	 0.018043 
 0.397949 	 0.015761 
 0.400391 	 0.020190 
 0.402832 	 0.021920 
 0.405273 	 0.024509 
 0.407715 	 0.028172 
 0.410156 	 0.034653 
 0.412598 	 0.036995 
 0.415039 	 0.041505 
 0.417480 	 0.058693 
 0.419922 	 0.075427 
 0.422363 	 0.077247 
 0.424805 	 0.112304 
 0.427246 	 0.107077 
 0.429688 	 0.089938 
 0.432129 	 0.096621 
 0.434570 	 0.100901 
 0.437012 	 0.082594 
 0.439453 	 0.084029 
 0.441895 	 0.072912 
 0.444336 	 0.042921 
 0.446777 	 0.042755 
 0.449219 	 0.033462 
 0.451660 	 0.035105 
 0.454102 	 0.035174 
 0.456543 	 0.036121 
 0.458984 	 0.036764 
 0.461426 	 0.035266 
 0.463867 	 0.034872 
 0.466309 	 0.041276 
 0.468750 	 0.044554 
 0.471191 	 0.056601 
 0.473633 	 0.059062 
 0.476074 	 0.063389 
 0.478516 	 0.084257 
 0.480957 	 0.085274 
 0.483398 	 0.091661 
 0.485840 	 0.113846 
 0.488281 	 0.133394 
 0.490723 	 0.151694 
 0.493164 	 0.158858 
 0.495605 	 0.144881 
 0.498047 	 0.139254 
 0.500488 	 0.123990 
 0.502930 	 0.109283 
 0.505371 	 0.110607 
 0.507812 	 0.100125 
 0.510254 	 0.098437 
 0.512695 	 0.097776 
 0.515137 	 0.075405 
 0.517578 	 0.080376 
 0.520020 	 0.078214 
 0.522461 	 0.059544 
 0.524902 	 0.064089 
 0.527344 	 0.067213 
 0.529785 	 0.058134 
 0.532227 	 0.065840 
 0.534668 	 0.066404 
 0.537109 	 0.057444 
 0.539551 	 0.064485 
 0.541992 	 0.059583 
 0.544434 	 0.063670 
 0.546875 	 0.066520 
 0.549316 	 0.063320 
 0.551758 	 0.074240 
 0.554199 	 0.077064 
 0.556641 	 0.081753 
 0.559082 	 0.085588 
 0.561523 	 0.088623 
 0.563965 	 0.096794 
 0.566406 	 0.098909 
 0.568848 	 0.128716 
 0.571289 	 0.131908 
 0.573730 	 0.125848 
 0.576172 	 0.125105 
 0.578613 	 0.118966 
 0.581055 	 0.125282 
 0.583496 	 0.140170 
 0.585938 	 0.133113 
 0.588379 	 0.152801 
 0.590820 	 0.158042 
 0.593262 	 0.148901 
 0.595703 	 0.158409 
 0.598145 	 0.131658 
 0.600586 	 0.128412 
 0.603027 	 0.108555 
 0.605469 	 0.104239 
 0.607910 	 0.091685 
 0.610352 	 0.086570 
 0.612793 	 0.081856 
 0.615234 	 0.082571 
 0.617676 	 0.069742 
 0.620117 	 0.079227 
 0.622559 	 0.072462 
 0.625000 	 0.078210 
 0.627441 	 0.082108 
 0.629883 	 0.091788 
 0.632324 	 0.095108 
 0.634766 	 0.114768 
 0.637207 	 0.103712 
 0.639648 	 0.100259 
 0.642090 	 0.115662 
 0.644531 	 0.090516 
 0.646973 	 0.095557 
 0.649414 	 0.097094 
 0.651855 	 0.104332 
 0.654297 	 0.114954 
 0.656738 	 0.110622 
 0.659180 	 0.122757 
 0.661621 	 0.106761 
 0.664062 	 0.117876 
 0.666504 	 0.122349 
 0.668945 	 0.128612 
 0.671387 	 0.125901 
 0.673828 	 0.116924 
 0.676270 	 0.126151 
 0.678711 	 0.115572 
 0.681152 	 0.138074 
 0.683594 	 0.126151 
 0.686035 	 0.136012 
 0.688477 	 0.140494 
 0.690918 	 0.143351 
 0.693359 	 0.150497 
 0.695801 	 0.169524 
 0.698242 	 0.190540 
 0.700684 	 0.182403 
 0.703125 	 0.173070 
 0.705566 	 0.186323 
 0.708008 	 0.174237 
 0.710449 	 0.173266 
 0.712891 	 0.157661 
 0.715332 	 0.158569 
 0.717773 	 0.151084 
 0.720215 	 0.147642 
 0.722656 	 0.139400 
 0.725098 	 0.143181 
 0.727539 	 0.131978 
 0.729980 	 0.126956 
 0.732422 	 0.131420 
 0.734863 	 0.120517 
 0.737305 	 0.129538 
 0.739746 	 0.131274 
 0.742188 	 0.124873 
 0.744629 	 0.127335 
 0.747070 	 0.118040 
 0.749512 	 0.126899 
 0.751953 	 0.122942 
 0.754395 	 0.117930 
 0.756836 	 0.112937 
 0.759277 	 0.126311 
 0.761719 	 0.132782 
 0.764160 	 0.137742 
 0.766602 	 0.144276 
 0.769043 	 0.148820 
 0.771484 	 0.147793 
 0.773926 	 0.144274 
 0.776367 	 0.165493 
 0.778809 	 0.166201 
 0.781250 	 0.170735 
 0.783691 	 0.164656 
 0.786133 	 0.162551 
 0.788574 	 0.146726 
 0.791016 	 0.153504 
 0.793457 	 0.138842 
 0.795898 	 0.121404 
 0.798340 	 0.119047 
 0.800781 	 0.114059 
 0.803223 	 0.111070 
 0.805664 	 0.115827 
 0.808105 	 0.116809 
 0.810547 	 0.106491 
 0.812988 	 0.098638 
 0.815430 	 0.101411 
 0.817871 	 0.103801 
 0.820312 	 0.102611 
 0.822754 	 0.110490 
 0.825195 	 0.109087 
 0.827637 	 0.098028 
 0.830078 	 0.093979 
 0.832520 	 0.083253 
 0.834961 	 0.078176 
 0.837402 	 0.076123 
 0.839844 	 0.076763 
 0.842285 	 0.073073 
 0.844727 	 0.073750 
 0.847168 	 0.083442 
 0.849609 	 0.078916 
 0.852051 	 0.084965 
 0.854492 	 0.081545 
 0.856934 	 0.083624 
 0.859375 	 0.092365 
 0.861816 	 0.094119 
 0.864258 	 0.094877 
 0.866699 	 0.101371 
 0.869141 	 0.117694 
 0.871582 	 0.130318 
 0.874023 	 0.138994 
 0.876465 	 0.151632 
 0.878906 	 0.171475 
 0.881348 	 0.174924 
 0.883789 	 0.192309 
 0.886230 	 0.192581 
 0.888672 	 0.176703 
 0.891113 	 0.171754 
 0.893555 	 0.167162 
 0.895996 	 0.171054 
 0.898438 	 0.174181 
 0.900879 	 0.180062 
 0.903320 	 0.167951 
 0.905762 	 0.159354 
 0.908203 	 0.145116 
 0.910645 	 0.146277 
 0.913086 	 0.147974 
 0.915527 	 0.156978 
 0.917969 	 0.162931 
 0.920410 	 0.166917 
 0.922852 	 0.161850 
 0.925293 	 0.168160 
 0.927734 	 0.177278 
 0.930176 	 0.172873 
 0.932617 	 0.198006 
 0.935059 	 0.218861 
 0.937500 	 0.202224 
 0.939941 	 0.200751 
 0.942383 	 0.181009 
 0.944824 	 0.172861 
 0.947266 	 0.158654 
 0.949707 	 0.144653 
 0.952148 	 0.165122 
 0.954590 	 0.139683 
 0.957031 	 0.132274 
 0.959473 	 0.127118 
 0.961914 	 0.122481 
 0.964355 	 0.116950 
 0.966797 	 0.112185 
 0.969238 	 0.109378 
 0.971680 	 0.112303 
 0.974121 	 0.095199 
 0.976562 	 0.102308 
 0.979004 	 0.095480 
 0.981445 	 0.086217 
 0.983887 	 0.088820 
 0.986328 	 0.088413 
 0.988770 	 0.081086 
 0.991211 	 0.085070 
 0.993652 	 0.081415 
 0.996094 	 0.078777 
 0.998535 	 0.078384 
 1.000977 	 0.081043 
 1.003418 	 0.070302 
 1.005859 	 0.071895 
 1.008301 	 0.072051 
 1.010742 	 0.068536 
 1.013184 	 0.063721 
 1.015625 	 0.064223 
 1.018066 	 0.070540 
 1.020508 	 0.065829 
 1.022949 	 0.066962 
 1.025391 	 0.070573 
 1.027832 	 0.063838 
 1.030273 	 0.060454 
 1.032715 	 0.059768 
 1.035156 	 0.063758 
 1.037598 	 0.066992 
 1.040039 	 0.069605 
 1.042480 	 0.080562 
 1.044922 	 0.079908 
 1.047363 	 0.088422 
 1.049805 	 0.090007 
 1.052246 	 0.083005 
 1.054688 	 0.085728 
 1.057129 	 0.082485 
 1.059570 	 0.093951 
 1.062012 	 0.097416 
 1.064453 	 0.094314 
 1.066895 	 0.098521 
 1.069336 	 0.098107 
 1.071777 	 0.094808 
 1.074219 	 0.098023 
 1.076660 	 0.100541 
 1.079102 	 0.101682 
 1.081543 	 0.111229 
 1.083984 	 0.109449 
 1.086426 	 0.135476 
 1.088867 	 0.131096 
 1.091309 	 0.143656 
 1.093750 	 0.147947 
 1.096191 	 0.138707 
 1.098633 	 0.144989 
 1.101074 	 0.146045 
 1.103516 	 0.158929 
 1.105957 	 0.155464 
 1.108398 	 0.154798 
 1.110840 	 0.159766 
 1.113281 	 0.154745 
 1.115723 	 0.156780 
 1.118164 	 0.174092 
 1.120605 	 0.144803 
 1.123047 	 0.139355 
 1.125488 	 0.126599 
 1.127930 	 0.109538 
 1.130371 	 0.110452 
 1.132812 	 0.104629 
 1.135254 	 0.112829 
 1.137695 	 0.105947 
 1.140137 	 0.104796 
 1.142578 	 0.096837 
 1.145020 	 0.105734 
 1.147461 	 0.104729 
 1.149902 	 0.104266 
 1.152344 	 0.107642 
 1.154785 	 0.111635 
 1.157227 	 0.109712 
 1.159668 	 0.117023 
 1.162109 	 0.123754 
 1.164551 	 0.123469 
 1.166992 	 0.118662 
 1.169434 	 0.128682 
 1.171875 	 0.130388 
 1.174316 	 0.128659 
 1.176758 	 0.128684 
 1.179199 	 0.135933 
 1.181641 	 0.127816 
 1.184082 	 0.128093 
 1.186523 	 0.129654 
 1.188965 	 0.107768 
 1.191406 	 0.113643 
 1.193848 	 0.121484 
 1.196289 	 0.110683 
 1.198730 	 0.101775 
 1.201172 	 0.108047 
 1.203613 	 0.099762 
 1.206055 	 0.099502 
 1.208496 	 0.097785 
 1.210938 	 0.098395 
 1.213379 	 0.089141 
 1.215820 	 0.090634 
 1.218262 	 0.099095 
 1.220703 	 0.091973 
 1.223145 	 0.098595 
 1.225586 	 0.099857 
 1.228027 	 0.100344 
 1.230469 	 0.099085 
 1.232910 	 0.099236 
 1.235352 	 0.097621 
 1.237793 	 0.097281 
 1.240234 	 0.094849 
 1.242676 	 0.091429 
 1.245117 	 0.090876 
 1.247559 	 0.091114 
 1.250000 	 0.082877 
 1.252441 	 0.084060 
 1.254883 	 0.085642 
 1.257324 	 0.074494 
 1.259766 	 0.079744 
 1.262207 	 0.074801 
 1.264648 	 0.078891 
 1.267090 	 0.078812 
 1.269531 	 0.078061 
 1.271973 	 0.077026 
 1.274414 	 0.074119 
 1.276855 	 0.078355 
 1.279297 	 0.075660 
 1.281738 	 0.084629 
 1.284180 	 0.093505 
 1.286621 	 0.093320 
 1.289062 	 0.092591 
 1.291504 	 0.094730 
 1.293945 	 0.099001 
 1.296387 	 0.096222 
 1.298828 	 0.097824 
 1.301270 	 0.099309 
 1.303711 	 0.092207 
 1.306152 	 0.091403 
 1.308594 	 0.092794 
 1.311035 	 0.104888 
 1.313477 	 0.108321 
 1.315918 	 0.103989 
 1.318359 	 0.114977 
 1.320801 	 0.094513 
 1.323242 	 0.098177 
 1.325684 	 0.095551 
 1.328125 	 0.104088 
 1.330566 	 0.095873 
 1.333008 	 0.094113 
 1.335449 	 0.101454 
 1.337891 	 0.093961 
 1.340332 	 0.095103 
 1.342773 	 0.095044 
 1.345215 	 0.089558 
 1.347656 	 0.086795 
 1.350098 	 0.088633 
 1.352539 	 0.079805 
 1.354980 	 0.080541 
 1.357422 	 0.084872 
 1.359863 	 0.071343 
 1.362305 	 0.073219 
 1.364746 	 0.083434 
 1.367188 	 0.080470 
 1.369629 	 0.081852 
 1.372070 	 0.071889 
 1.374512 	 0.071137 
 1.376953 	 0.077198 
 1.379395 	 0.073965 
 1.381836 	 0.077887 
 1.384277 	 0.074084 
 1.386719 	 0.072512 
 1.389160 	 0.071645 
 1.391602 	 0.074469 
 1.394043 	 0.068816 
 1.396484 	 0.069965 
 1.398926 	 0.070588 
 1.401367 	 0.068598 
 1.403809 	 0.067148 
 1.406250 	 0.069752 
 1.408691 	 0.069907 
 1.411133 	 0.072300 
 1.413574 	 0.062186 
 1.416016 	 0.069361 
 1.418457 	 0.069276 
 1.420898 	 0.065549 
 1.423340 	 0.072934 
 1.425781 	 0.073003 
 1.428223 	 0.070349 
 1.430664 	 0.076415 
 1.433105 	 0.070432 
 1.435547 	 0.073721 
 1.437988 	 0.072656 
 1.440430 	 0.074905 
 1.442871 	 0.073684 
 1.445312 	 0.076250 
 1.447754 	 0.074161 
 1.450195 	 0.073786 
 1.452637 	 0.082284 
 1.455078 	 0.075797 
 1.457520 	 0.074793 
 1.459961 	 0.078768 
 1.462402 	 0.077504 
 1.464844 	 0.071219 
 1.467285 	 0.075678 
 1.469727 	 0.074040 
 1.472168 	 0.074062 
 1.474609 	 0.080561 
 1.477051 	 0.077120 
 1.479492 	 0.080629 
 1.481934 	 0.073249 
 1.484375 	 0.078987 
 1.486816 	 0.078139 
 1.489258 	 0.073712 
 1.491699 	 0.072261 
 1.494141 	 0.070227 
 1.496582 	 0.072193 
 1.499023 	 0.077482 
 1.501465 	 0.073778 
 1.503906 	 0.072201 
 1.506348 	 0.077249 
 1.508789 	 0.077081 
 1.511230 	 0.075235 
 1.513672 	 0.078235 
 1.516113 	 0.080662 
 1.518555 	 0.076485 
 1.520996 	 0.073224 
 1.523438 	 0.090740 
 1.525879 	 0.083726 
 1.528320 	 0.081027 
 1.530762 	 0.082422 
 1.533203 	 0.077039 
 1.535645 	 0.077491 
 1.538086 	 0.080218 
 1.540527 	 0.082050 
 1.542969 	 0.082683 
 1.545410 	 0.080514 
 1.547852 	 0.083985 
 1.550293 	 0.084581 
 1.552734 	 0.086705 
 1.555176 	 0.084600 
 1.557617 	 0.079477 
 1.560059 	 0.082424 
 1.562500 	 0.083061 
 1.564941 	 0.078745 
 1.567383 	 0.091764 
 1.569824 	 0.086492 
 1.572266 	 0.089645 
 1.574707 	 0.094819 
 1.577148 	 0.087446 
 1.579590 	 0.090025 
 1.582031 	 0.085386 
 1.584473 	 0.089255 
 1.586914 	 0.095949 
 1.589355 	 0.095595 
 1.591797 	 0.095731 
 1.594238 	 0.094547 
 1.596680 	 0.088739 
 1.599121 	 0.093343 
 1.601562 	 0.080795 
 1.604004 	 0.082768 
 1.606445 	 0.082876 
 1.608887 	 0.086306 
 1.611328 	 0.089926 
 1.613770 	 0.080456 
 1.616211 	 0.080585 
 1.618652 	 0.078198 
 1.621094 	 0.079281 
 1.623535 	 0.075750 
 1.625977 	 0.078294 
 1.628418 	 0.083551 
 1.630859 	 0.077858 
 1.633301 	 0.072740 
 1.635742 	 0.073549 
 1.638184 	 0.071077 
 1.640625 	 0.076345 
 1.643066 	 0.076844 
 1.645508 	 0.073288 
 1.647949 	 0.068716 
 1.650391 	 0.071341 
 1.652832 	 0.069853 
 1.655273 	 0.075823 
 1.657715 	 0.074028 
 1.660156 	 0.076197 
 1.662598 	 0.076290 
 1.665039 	 0.074209 
 1.667480 	 0.074426 
 1.669922 	 0.072014 
 1.672363 	 0.070713 
 1.674805 	 0.069797 
 1.677246 	 0.064836 
 1.679688 	 0.072395 
 1.682129 	 0.065091 
 1.684570 	 0.060912 
 1.687012 	 0.077060 
 1.689453 	 0.079979 
 1.691895 	 0.069532 
 1.694336 	 0.076673 
 1.696777 	 0.073840 
 1.699219 	 0.070667 
 1.701660 	 0.068336 
 1.704102 	 0.063920 
 1.706543 	 0.057312 
 1.708984 	 0.064608 
 1.711426 	 0.058760 
 1.713867 	 0.058495 
 1.716309 	 0.056815 
 1.718750 	 0.059500 
 1.721191 	 0.048128 
 1.723633 	 0.055426 
 1.726074 	 0.060810 
 1.728516 	 0.059609 
 1.730957 	 0.053485 
 1.733398 	 0.056602 
 1.735840 	 0.052926 
 1.738281 	 0.051443 
 1.740723 	 0.048552 
 1.743164 	 0.051924 
 1.745605 	 0.048660 
 1.748047 	 0.053774 
 1.750488 	 0.053369 
 1.752930 	 0.051103 
 1.755371 	 0.051606 
 1.757812 	 0.050057 
 1.760254 	 0.049440 
 1.762695 	 0.050240 
 1.765137 	 0.053479 
 1.767578 	 0.058279 
 1.770020 	 0.057711 
 1.772461 	 0.055957 
 1.774902 	 0.055775 
 1.777344 	 0.053664 
 1.779785 	 0.050609 
 1.782227 	 0.051562 
 1.784668 	 0.053908 
 1.787109 	 0.051565 
 1.789551 	 0.061122 
 1.791992 	 0.059554 
 1.794434 	 0.062843 
 1.796875 	 0.065562 
 1.799316 	 0.059724 
 1.801758 	 0.064034 
 1.804199 	 0.057509 
 1.806641 	 0.061696 
 1.809082 	 0.062719 
 1.811523 	 0.056476 
 1.813965 	 0.060643 
 1.816406 	 0.059042 
 1.818848 	 0.060005 
 1.821289 	 0.056916 
 1.823730 	 0.053971 
 1.826172 	 0.055223 
 1.828613 	 0.051075 
 1.831055 	 0.045723 
 1.833496 	 0.045622 
 1.835938 	 0.049692 
 1.838379 	 0.048249 
 1.840820 	 0.043591 
 1.843262 	 0.048292 
 1.845703 	 0.052449 
 1.848145 	 0.045289 
 1.850586 	 0.054983 
 1.853027 	 0.049587 
 1.855469 	 0.048146 
 1.857910 	 0.055395 
 1.860352 	 0.052598 
 1.862793 	 0.047517 
 1.865234 	 0.053169 
 1.867676 	 0.056088 
 1.870117 	 0.055131 
 1.872559 	 0.052194 
 1.875000 	 0.051552 
 1.877441 	 0.050932 
 1.879883 	 0.046597 
 1.882324 	 0.056883 
 1.884766 	 0.052429 
 1.887207 	 0.044877 
 1.889648 	 0.051840 
 1.892090 	 0.040374 
 1.894531 	 0.042214 
 1.896973 	 0.041681 
 1.899414 	 0.046636 
 1.901855 	 0.042247 
 1.904297 	 0.043643 
 1.906738 	 0.041804 
 1.909180 	 0.037961 
 1.911621 	 0.034922 
 1.914062 	 0.033861 
 1.916504 	 0.030289 
 1.918945 	 0.035149 
 1.921387 	 0.035062 
 1.923828 	 0.032093 
 1.926270 	 0.028420 
 1.928711 	 0.028253 
 1.931152 	 0.024487 
 1.933594 	 0.026275 
 1.936035 	 0.024074 
 1.938477 	 0.023705 
 1.940918 	 0.021498 
 1.943359 	 0.022157 
 1.945801 	 0.018761 
 1.948242 	 0.022065 
 1.950684 	 0.020586 
 1.953125 	 0.019783 
 1.955566 	 0.019129 
 1.958008 	 0.018112 
 1.960449 	 0.016609 
 1.962891 	 0.017311 
 1.965332 	 0.015365 
 1.967773 	 0.015036 
 1.970215 	 0.015795 
 1.972656 	 0.016003 
 1.975098 	 0.015217 
 1.977539 	 0.015062 
 1.979980 	 0.013811 
 1.982422 	 0.015620 
 1.984863 	 0.013700 
 1.987305 	 0.013699 
 1.989746 	 0.013255 
 1.992188 	 0.013127 
 1.994629 	 0.012799 
 1.997070 	 0.013425 
 1.999512 	 0.012779 
 2.001953 	 0.012645 
 2.004395 	 0.012565 
 2.006836 	 0.011493 
 2.009277 	 0.011118 
 2.011719 	 0.011064 
 2.014160 	 0.010200 
 2.016602 	 0.010673 
 2.019043 	 0.009932 
 2.021484 	 0.010572 
 2.023926 	 0.009747 
 2.026367 	 0.009984 
 2.028809 	 0.009615 
 2.031250 	 0.009183 
 2.033691 	 0.009081 
 2.036133 	 0.010787 
 2.038574 	 0.009344 
 2.041016 	 0.009282 
 2.043457 	 0.009132 
 2.045898 	 0.009089 
 2.048340 	 0.008158 
 2.050781 	 0.008964 
 2.053223 	 0.008351 
 2.055664 	 0.008620 
 2.058105 	 0.007793 
 2.060547 	 0.008282 
 2.062988 	 0.008418 
 2.065430 	 0.008134 
 2.067871 	 0.007574 
 2.070312 	 0.008035 
 2.072754 	 0.007160 
 2.075195 	 0.007788 
 2.077637 	 0.006984 
 2.080078 	 0.007843 
 2.082520 	 0.006936 
 2.084961 	 0.007716 
 2.087402 	 0.006849 
 2.089844 	 0.007672 
 2.092285 	 0.006493 
 2.094727 	 0.007129 
 2.097168 	 0.006343 
 2.099609 	 0.007425 
 2.102051 	 0.005986 
 2.104492 	 0.007097 
 2.106934 	 0.006392 
 2.109375 	 0.006356 
 2.111816 	 0.006007 
 2.114258 	 0.006312 
 2.116699 	 0.005673 
 2.119141 	 0.006946 
 2.121582 	 0.005780 
 2.124023 	 0.006689 
 2.126465 	 0.005722 
 2.128906 	 0.006407 
 2.131348 	 0.005800 
 2.133789 	 0.006662 
 2.136230 	 0.005853 
 2.138672 	 0.006063 
 2.141113 	 0.005475 
 2.143555 	 0.005994 
 2.145996 	 0.005175 
 2.148438 	 0.005800 
 2.150879 	 0.005117 
 2.153320 	 0.005902 
 2.155762 	 0.005225 
 2.158203 	 0.005538 
 2.160645 	 0.005136 
 2.163086 	 0.005777 
 2.165527 	 0.005042 
 2.167969 	 0.005304 
 2.170410 	 0.004774 
 2.172852 	 0.005247 
 2.175293 	 0.004833 
 2.177734 	 0.005221 
 2.180176 	 0.004996 
 2.182617 	 0.005350 
 2.185059 	 0.005059 
 2.187500 	 0.005524 
 2.189941 	 0.004484 
 2.192383 	 0.005690 
 2.194824 	 0.004380 
 2.197266 	 0.005379 
 2.199707 	 0.004766 
 2.202148 	 0.005092 
 2.204590 	 0.004594 
 2.207031 	 0.005244 
 2.209473 	 0.004937 
 2.211914 	 0.005399 
 2.214355 	 0.004603 
 2.216797 	 0.005176 
 2.219238 	 0.004442 
 2.221680 	 0.005062 
 2.224121 	 0.004409 
 2.226562 	 0.004758 
 2.229004 	 0.004145 
 2.231445 	 0.004924 
 2.233887 	 0.004316 
 2.236328 	 0.004841 
 2.238770 	 0.004328 
 2.241211 	 0.004915 
 2.243652 	 0.004134 
 2.246094 	 0.004766 
 2.248535 	 0.004077 
 2.250977 	 0.004710 
 2.253418 	 0.004099 
 2.255859 	 0.004814 
 2.258301 	 0.004461 
 2.260742 	 0.004321 
 2.263184 	 0.003966 
 2.265625 	 0.004865 
 2.268066 	 0.003936 
 2.270508 	 0.004841 
 2.272949 	 0.004277 
 2.275391 	 0.004652 
 2.277832 	 0.003959 
 2.280273 	 0.004444 
 2.282715 	 0.004028 
 2.285156 	 0.004406 
 2.287598 	 0.003989 
 2.290039 	 0.004842 
 2.292480 	 0.003992 
 2.294922 	 0.004610 
 2.297363 	 0.003930 
 2.299805 	 0.004404 
 2.302246 	 0.003822 
 2.304688 	 0.004273 
 2.307129 	 0.003843 
 2.309570 	 0.004586 
 2.312012 	 0.003743 
 2.314453 	 0.004066 
 2.316895 	 0.003604 
 2.319336 	 0.004353 
 2.321777 	 0.003766 
 2.324219 	 0.004293 
 2.326660 	 0.003646 
 2.329102 	 0.004365 
 2.331543 	 0.003713 
 2.333984 	 0.004224 
 2.336426 	 0.003827 
 2.338867 	 0.004209 
 2.341309 	 0.003626 
 2.343750 	 0.004368 
 2.346191 	 0.003561 
 2.348633 	 0.004269 
 2.351074 	 0.003582 
 2.353516 	 0.004282 
 2.355957 	 0.003581 
 2.358398 	 0.004497 
 2.360840 	 0.003492 
 2.363281 	 0.004099 
 2.365723 	 0.003466 
 2.368164 	 0.003901 
 2.370605 	 0.003262 
 2.373047 	 0.004109 
 2.375488 	 0.003146 
 2.377930 	 0.004211 
 2.380371 	 0.003632 
 2.382812 	 0.003986 
 2.385254 	 0.003581 
 2.387695 	 0.003943 
 2.390137 	 0.003389 
 2.392578 	 0.004281 
 2.395020 	 0.003451 
 2.397461 	 0.004257 
 2.399902 	 0.003167 
 2.402344 	 0.004136 
 2.404785 	 0.003439 
 2.407227 	 0.004120 
 2.409668 	 0.003662 
 2.412109 	 0.004162 
 2.414551 	 0.003454 
 2.416992 	 0.004027 
 2.419434 	 0.003514 
 2.421875 	 0.003919 
 2.424316 	 0.003359 
 2.426758 	 0.004119 
 2.429199 	 0.003410 
 2.431641 	 0.004323 
 2.434082 	 0.003267 
 2.436523 	 0.003983 
 2.438965 	 0.003428 
 2.441406 	 0.004039 
 2.443848 	 0.003191 
 2.446289 	 0.003720 
 2.448730 	 0.003361 
 2.451172 	 0.004218 
 2.453613 	 0.003127 
 2.456055 	 0.004284 
 2.458496 	 0.003594 
 2.460938 	 0.004227 
 2.463379 	 0.003489 
 2.465820 	 0.004218 
 2.468262 	 0.003207 
 2.470703 	 0.004151 
 2.473145 	 0.003502 
 2.475586 	 0.004228 
 2.478027 	 0.003429 
 2.480469 	 0.004083 
 2.482910 	 0.003154 
 2.485352 	 0.004056 
 2.487793 	 0.003691 
 2.490234 	 0.004189 
 2.492676 	 0.003503 
 2.495117 	 0.004282 
 2.497559 	 0.003329 
