 0.000000 	 1.319095 
 0.002441 	 0.174271 
 0.004883 	 0.469074 
 0.007324 	 5.718265 
 0.009766 	 0.276859 
 0.012207 	 0.129974 
 0.014648 	 0.072467 
 0.017090 	 0.050319 
 0.019531 	 0.033418 
 0.021973 	 0.026232 
 0.024414 	 0.018170 
 0.026855 	 0.015356 
 0.029297 	 0.010555 
 0.031738 	 0.009480 
 0.034180 	 0.006036 
 0.036621 	 0.006107 
 0.039062 	 0.003123 
 0.041504 	 0.003866 
 0.043945 	 0.001126 
 0.046387 	 0.002426 
 0.048828 	 0.000423 
 0.051270 	 0.001423 
 0.053711 	 0.001540 
 0.056152 	 0.000808 
 0.058594 	 0.002598 
 0.061035 	 0.000321 
 0.063477 	 0.003486 
 0.065918 	 0.000236 
 0.068359 	 0.004190 
 0.070801 	 0.000318 
 0.073242 	 0.004845 
 0.075684 	 0.000259 
 0.078125 	 0.005842 
 0.080566 	 0.000193 
 0.083008 	 0.006135 
 0.085449 	 0.000665 
 0.087891 	 0.006783 
 0.090332 	 0.000749 
 0.092773 	 0.007926 
 0.095215 	 0.000569 
 0.097656 	 0.007865 
 0.100098 	 0.001969 
 0.102539 	 0.008198 
 0.104980 	 0.001994 
 0.107422 	 0.009582 
 0.109863 	 0.001751 
 0.112305 	 0.010647 
 0.114746 	 0.003444 
 0.117188 	 0.010253 
 0.119629 	 0.004417 
 0.122070 	 0.011502 
 0.124512 	 0.004009 
 0.126953 	 0.013458 
 0.129395 	 0.004639 
 0.131836 	 0.015184 
 0.134277 	 0.007130 
 0.136719 	 0.015470 
 0.139160 	 0.009124 
 0.141602 	 0.016824 
 0.144043 	 0.009481 
 0.146484 	 0.020170 
 0.148926 	 0.012098 
 0.151367 	 0.020392 
 0.153809 	 0.016432 
 0.156250 	 0.025483 
 0.158691 	 0.014865 
 0.161133 	 0.031241 
 0.163574 	 0.024161 
 0.166016 	 0.026850 
 0.168457 	 0.030165 
 0.170898 	 0.037445 
 0.173340 	 0.036248 
 0.175781 	 0.053344 
 0.178223 	 0.043701 
 0.180664 	 0.052606 
 0.183105 	 0.052697 
 0.185547 	 0.068178 
 0.187988 	 0.063353 
 0.190430 	 0.080048 
 0.192871 	 0.068801 
 0.195312 	 0.101598 
 0.197754 	 0.081562 
 0.200195 	 0.089532 
 0.202637 	 0.119602 
 0.205078 	 0.098554 
 0.207520 	 0.108881 
 0.209961 	 0.136767 
 0.212402 	 0.100088 
 0.214844 	 0.126283 
 0.217285 	 0.108373 
 0.219727 	 0.107734 
 0.222168 	 0.102085 
 0.224609 	 0.106488 
 0.227051 	 0.089713 
 0.229492 	 0.075117 
 0.231934 	 0.071447 
 0.234375 	 0.074300 
 0.236816 	 0.070513 
 0.239258 	 0.069230 
 0.241699 	 0.078962 
 0.244141 	 0.075830 
 0.246582 	 0.077679 
 0.249023 	 0.084902 
 0.251465 	 0.075970 
 0.253906 	 0.090052 
 0.256348 	 0.091336 
 0.258789 	 0.088164 
 0.261230 	 0.090691 
 0.263672 	 0.086514 
 0.266113 	 0.072276 
 0.268555 	 0.099972 
 0.270996 	 0.066066 
 0.273438 	 0.077384 
 0.275879 	 0.078424 
 0.278320 	 0.070631 
 0.280762 	 0.072053 
 0.283203 	 0.072176 
 0.285645 	 0.053496 
 0.288086 	 0.071145 
 0.290527 	 0.050265 
 0.292969 	 0.064299 
 0.295410 	 0.054892 
 0.297852 	 0.055235 
 0.300293 	 0.052305 
 0.302734 	 0.058028 
 0.305176 	 0.054240 
 0.307617 	 0.059675 
 0.310059 	 0.049152 
 0.312500 	 0.064085 
 0.314941 	 0.051750 
 0.317383 	 0.061611 
 0.319824 	 0.059197 
 0.322266 	 0.061924 
 0.324707 	 0.055969 
 0.327148 	 0.075172 
 0.329590 	 0.060691 
 0.332031 	 0.076457 
 0.334473 	 0.073358 
 0.336914 	 0.073470 
 0.339355 	 0.077826 
 0.341797 	 0.091930 
 0.344238 	 0.084792 
 0.346680 	 0.101015 
 0.349121 	 0.090917 
 0.351562 	 0.114217 
 0.354004 	 0.113744 
 0.356445 	 0.120967 
 0.358887 	 0.124007 
 0.361328 	 0.133723 
 0.363770 	 0.137505 
 0.366211 	 0.146267 
 0.368652 	 0.131103 
 0.371094 	 0.164414 
 0.373535 	 0.195114 
 0.375977 	 0.169033 
 0.378418 	 0.179230 
 0.380859 	 0.212683 
 0.383301 	 0.157418 
 0.385742 	 0.195820 
 0.388184 	 0.207685 
 0.390625 	 0.169476 
 0.393066 	 0.168547 
 0.395508 	 0.219178 
 0.397949 	 0.163927 
 0.400391 	 0.179182 
 0.402832 	 0.197445 
 0.405273 	 0.192277 
 0.407715 	 0.176079 
 0.410156 	 0.185186 
 0.412598 	 0.187249 
 0.415039 	 0.201079 
 0.417480 	 0.194560 
 0.419922 	 0.236733 
 0.422363 	 0.212590 
 0.424805 	 0.229032 
 0.427246 	 0.227668 
 0.429688 	 0.215825 
 0.432129 	 0.226235 
 0.434570 	 0.245087 
 0.437012 	 0.239103 
 0.439453 	 0.244793 
 0.441895 	 0.241529 
 0.444336 	 0.240612 
 0.446777 	 0.220377 
 0.449219 	 0.250090 
 0.451660 	 0.233853 
 0.454102 	 0.236972 
 0.456543 	 0.242021 
 0.458984 	 0.250481 
 0.461426 	 0.212308 
 0.463867 	 0.241426 
 0.466309 	 0.206183 
 0.468750 	 0.224808 
 0.471191 	 0.237864 
 0.473633 	 0.239490 
 0.476074 	 0.201479 
 0.478516 	 0.232395 
 0.480957 	 0.210044 
 0.483398 	 0.238933 
 0.485840 	 0.235889 
 0.488281 	 0.260354 
 0.490723 	 0.213570 
 0.493164 	 0.257502 
 0.495605 	 0.236903 
 0.498047 	 0.257118 
 0.500488 	 0.239622 
 0.502930 	 0.259974 
 0.505371 	 0.227328 
 0.507812 	 0.252194 
 0.510254 	 0.250216 
 0.512695 	 0.255568 
 0.515137 	 0.235524 
 0.517578 	 0.262904 
 0.520020 	 0.241224 
 0.522461 	 0.266495 
 0.524902 	 0.253196 
 0.527344 	 0.290631 
 0.529785 	 0.279093 
 0.532227 	 0.289975 
 0.534668 	 0.274829 
 0.537109 	 0.286611 
 0.539551 	 0.262075 
 0.541992 	 0.289357 
 0.544434 	 0.265849 
 0.546875 	 0.279760 
 0.549316 	 0.274752 
 0.551758 	 0.276259 
 0.554199 	 0.291697 
 0.556641 	 0.302950 
 0.559082 	 0.273746 
 0.561523 	 0.292480 
 0.563965 	 0.279540 
 0.566406 	 0.280258 
 0.568848 	 0.299801 
 0.571289 	 0.288943 
 0.573730 	 0.273863 
 0.576172 	 0.285652 
 0.578613 	 0.306906 
 0.581055 	 0.315366 
 0.583496 	 0.284515 
 0.585938 	 0.294583 
 0.588379 	 0.287063 
 0.590820 	 0.281796 
 0.593262 	 0.281131 
 0.595703 	 0.331338 
 0.598145 	 0.296122 
 0.600586 	 0.329045 
 0.603027 	 0.290221 
 0.605469 	 0.318415 
 0.607910 	 0.322638 
 0.610352 	 0.331860 
 0.612793 	 0.301337 
 0.615234 	 0.332071 
 0.617676 	 0.314305 
 0.620117 	 0.318806 
 0.622559 	 0.322143 
 0.625000 	 0.326869 
 0.627441 	 0.320871 
 0.629883 	 0.344320 
 0.632324 	 0.323611 
 0.634766 	 0.323904 
 0.637207 	 0.314188 
 0.639648 	 0.336857 
 0.642090 	 0.332900 
 0.644531 	 0.317651 
 0.646973 	 0.315103 
 0.649414 	 0.339192 
 0.651855 	 0.328824 
 0.654297 	 0.325942 
 0.656738 	 0.345208 
 0.659180 	 0.352717 
 0.661621 	 0.315135 
 0.664062 	 0.343184 
 0.666504 	 0.346372 
 0.668945 	 0.328494 
 0.671387 	 0.339967 
 0.673828 	 0.347909 
 0.676270 	 0.309996 
 0.678711 	 0.331707 
 0.681152 	 0.300574 
 0.683594 	 0.320981 
 0.686035 	 0.323757 
 0.688477 	 0.332487 
 0.690918 	 0.319650 
 0.693359 	 0.329268 
 0.695801 	 0.323687 
 0.698242 	 0.341851 
 0.700684 	 0.293378 
 0.703125 	 0.341695 
 0.705566 	 0.311689 
 0.708008 	 0.320443 
 0.710449 	 0.314690 
 0.712891 	 0.316596 
 0.715332 	 0.299132 
 0.717773 	 0.331842 
 0.720215 	 0.302886 
 0.722656 	 0.294814 
 0.725098 	 0.290450 
 0.727539 	 0.304740 
 0.729980 	 0.306537 
 0.732422 	 0.303749 
 0.734863 	 0.291719 
 0.737305 	 0.324249 
 0.739746 	 0.309101 
 0.742188 	 0.301890 
 0.744629 	 0.284570 
 0.747070 	 0.316824 
 0.749512 	 0.301281 
 0.751953 	 0.294807 
 0.754395 	 0.283588 
 0.756836 	 0.309852 
 0.759277 	 0.272004 
 0.761719 	 0.288455 
 0.764160 	 0.285862 
 0.766602 	 0.285157 
 0.769043 	 0.319281 
 0.771484 	 0.296290 
 0.773926 	 0.318692 
 0.776367 	 0.321018 
 0.778809 	 0.294292 
 0.781250 	 0.310362 
 0.783691 	 0.303956 
 0.786133 	 0.312097 
 0.788574 	 0.306167 
 0.791016 	 0.325802 
 0.793457 	 0.310267 
 0.795898 	 0.320312 
 0.798340 	 0.294760 
 0.800781 	 0.337101 
 0.803223 	 0.337240 
 0.805664 	 0.339691 
 0.808105 	 0.334822 
 0.810547 	 0.350230 
 0.812988 	 0.316029 
 0.815430 	 0.344645 
 0.817871 	 0.343502 
 0.820312 	 0.345262 
 0.822754 	 0.338717 
 0.825195 	 0.350638 
 0.827637 	 0.331375 
 0.830078 	 0.354132 
 0.832520 	 0.346223 
 0.834961 	 0.355317 
 0.837402 	 0.375596 
 0.839844 	 0.351051 
 0.842285 	 0.363311 
 0.844727 	 0.361822 
 0.847168 	 0.347674 
 0.849609 	 0.357961 
 0.852051 	 0.365316 
 0.854492 	 0.353859 
 0.856934 	 0.334277 
 0.859375 	 0.373866 
 0.861816 	 0.338981 
 0.864258 	 0.360200 
 0.866699 	 0.329493 
 0.869141 	 0.367800 
 0.871582 	 0.318865 
 0.874023 	 0.314727 
 0.876465 	 0.314647 
 0.878906 	 0.306278 
 0.881348 	 0.295295 
 0.883789 	 0.300895 
 0.886230 	 0.296033 
 0.888672 	 0.301624 
 0.891113 	 0.281424 
 0.893555 	 0.296659 
 0.895996 	 0.295657 
 0.898438 	 0.279429 
 0.900879 	 0.298864 
 0.903320 	 0.307300 
 0.905762 	 0.278619 
 0.908203 	 0.285020 
 0.910645 	 0.279070 
 0.913086 	 0.266460 
 0.915527 	 0.270851 
 0.917969 	 0.297103 
 0.920410 	 0.253025 
 0.922852 	 0.280457 
 0.925293 	 0.264277 
 0.927734 	 0.268249 
 0.930176 	 0.242460 
 0.932617 	 0.259092 
 0.935059 	 0.260909 
 0.937500 	 0.255891 
 0.939941 	 0.262484 
 0.942383 	 0.263498 
 0.944824 	 0.266918 
 0.947266 	 0.250503 
 0.949707 	 0.252535 
 0.952148 	 0.273462 
 0.954590 	 0.230131 
 0.957031 	 0.259468 
 0.959473 	 0.247923 
 0.961914 	 0.248033 
 0.964355 	 0.272939 
 0.966797 	 0.278438 
 0.969238 	 0.257961 
 0.971680 	 0.278653 
 0.974121 	 0.255828 
 0.976562 	 0.282914 
 0.979004 	 0.271772 
 0.981445 	 0.279331 
 0.983887 	 0.265597 
 0.986328 	 0.293115 
 0.988770 	 0.266022 
 0.991211 	 0.289286 
 0.993652 	 0.277512 
 0.996094 	 0.293993 
 0.998535 	 0.272111 
 1.000977 	 0.284542 
 1.003418 	 0.280916 
 1.005859 	 0.282620 
 1.008301 	 0.271902 
 1.010742 	 0.283511 
 1.013184 	 0.273948 
 1.015625 	 0.287706 
 1.018066 	 0.289048 
 1.020508 	 0.275528 
 1.022949 	 0.279578 
 1.025391 	 0.298771 
 1.027832 	 0.270257 
 1.030273 	 0.279594 
 1.032715 	 0.287394 
 1.035156 	 0.282485 
 1.037598 	 0.281836 
 1.040039 	 0.280561 
 1.042480 	 0.273030 
 1.044922 	 0.272567 
 1.047363 	 0.256725 
 1.049805 	 0.290051 
 1.052246 	 0.276054 
 1.054688 	 0.262988 
 1.057129 	 0.256670 
 1.059570 	 0.264844 
 1.062012 	 0.265207 
 1.064453 	 0.249917 
 1.066895 	 0.255223 
 1.069336 	 0.276422 
 1.071777 	 0.248300 
 1.074219 	 0.281284 
 1.076660 	 0.263325 
 1.079102 	 0.241894 
 1.081543 	 0.266880 
 1.083984 	 0.293298 
 1.086426 	 0.236853 
 1.088867 	 0.261401 
 1.091309 	 0.259421 
 1.093750 	 0.245230 
 1.096191 	 0.252315 
 1.098633 	 0.263382 
 1.101074 	 0.237805 
 1.103516 	 0.248058 
 1.105957 	 0.250721 
 1.108398 	 0.258958 
 1.110840 	 0.234483 
 1.113281 	 0.270230 
 1.115723 	 0.219636 
 1.118164 	 0.248636 
 1.120605 	 0.234711 
 1.123047 	 0.228394 
 1.125488 	 0.234240 
 1.127930 	 0.254733 
 1.130371 	 0.241472 
 1.132812 	 0.246083 
 1.135254 	 0.234070 
 1.137695 	 0.239908 
 1.140137 	 0.241800 
 1.142578 	 0.232762 
 1.145020 	 0.227944 
 1.147461 	 0.246748 
 1.149902 	 0.231090 
 1.152344 	 0.243849 
 1.154785 	 0.240617 
 1.157227 	 0.233429 
 1.159668 	 0.232620 
 1.162109 	 0.244660 
 1.164551 	 0.217393 
 1.166992 	 0.250016 
 1.169434 	 0.214130 
 1.171875 	 0.229395 
 1.174316 	 0.234218 
 1.176758 	 0.237545 
 1.179199 	 0.233486 
 1.181641 	 0.231459 
 1.184082 	 0.230165 
 1.186523 	 0.220518 
 1.188965 	 0.220965 
 1.191406 	 0.229326 
 1.193848 	 0.220909 
 1.196289 	 0.231697 
 1.198730 	 0.212169 
 1.201172 	 0.237720 
 1.203613 	 0.213948 
 1.206055 	 0.225609 
 1.208496 	 0.217106 
 1.210938 	 0.218697 
 1.213379 	 0.214258 
 1.215820 	 0.216380 
 1.218262 	 0.212073 
 1.220703 	 0.213828 
 1.223145 	 0.226332 
 1.225586 	 0.228517 
 1.228027 	 0.197622 
 1.230469 	 0.211977 
 1.232910 	 0.214407 
 1.235352 	 0.219942 
 1.237793 	 0.199566 
 1.240234 	 0.219755 
 1.242676 	 0.211196 
 1.245117 	 0.208157 
 1.247559 	 0.193776 
 1.250000 	 0.203355 
 1.252441 	 0.190965 
 1.254883 	 0.211461 
 1.257324 	 0.195489 
 1.259766 	 0.198897 
 1.262207 	 0.186087 
 1.264648 	 0.211473 
 1.267090 	 0.202656 
 1.269531 	 0.203607 
 1.271973 	 0.189292 
 1.274414 	 0.200188 
 1.276855 	 0.194060 
 1.279297 	 0.221512 
 1.281738 	 0.191021 
 1.284180 	 0.200708 
 1.286621 	 0.195184 
 1.289062 	 0.200245 
 1.291504 	 0.187948 
 1.293945 	 0.207212 
 1.296387 	 0.195373 
 1.298828 	 0.193060 
 1.301270 	 0.184698 
 1.303711 	 0.197144 
 1.306152 	 0.186691 
 1.308594 	 0.202226 
 1.311035 	 0.176344 
 1.313477 	 0.186088 
 1.315918 	 0.186681 
 1.318359 	 0.195068 
 1.320801 	 0.181873 
 1.323242 	 0.198775 
 1.325684 	 0.196038 
 1.328125 	 0.172156 
 1.330566 	 0.185497 
 1.333008 	 0.187579 
 1.335449 	 0.189011 
 1.337891 	 0.189564 
 1.340332 	 0.185394 
 1.342773 	 0.186159 
 1.345215 	 0.179470 
 1.347656 	 0.194901 
 1.350098 	 0.183367 
 1.352539 	 0.180060 
 1.354980 	 0.174570 
 1.357422 	 0.184538 
 1.359863 	 0.182413 
 1.362305 	 0.197294 
 1.364746 	 0.177651 
 1.367188 	 0.196344 
 1.369629 	 0.172062 
 1.372070 	 0.172624 
 1.374512 	 0.167248 
 1.376953 	 0.188428 
 1.379395 	 0.179258 
 1.381836 	 0.186555 
 1.384277 	 0.172927 
 1.386719 	 0.177881 
 1.389160 	 0.173594 
 1.391602 	 0.192528 
 1.394043 	 0.182944 
 1.396484 	 0.194313 
 1.398926 	 0.166564 
 1.401367 	 0.185561 
 1.403809 	 0.166408 
 1.406250 	 0.182980 
 1.408691 	 0.172421 
 1.411133 	 0.190012 
 1.413574 	 0.181078 
 1.416016 	 0.186814 
 1.418457 	 0.170254 
 1.420898 	 0.184228 
 1.423340 	 0.168991 
 1.425781 	 0.181792 
 1.428223 	 0.167930 
 1.430664 	 0.179027 
 1.433105 	 0.170786 
 1.435547 	 0.176708 
 1.437988 	 0.170580 
 1.440430 	 0.196185 
 1.442871 	 0.166928 
 1.445312 	 0.180662 
 1.447754 	 0.163967 
 1.450195 	 0.185367 
 1.452637 	 0.175138 
 1.455078 	 0.188625 
 1.457520 	 0.177454 
 1.459961 	 0.190537 
 1.462402 	 0.170264 
 1.464844 	 0.184625 
 1.467285 	 0.174271 
 1.469727 	 0.177276 
 1.472168 	 0.187019 
 1.474609 	 0.201221 
 1.477051 	 0.160934 
 1.479492 	 0.194129 
 1.481934 	 0.173896 
 1.484375 	 0.179460 
 1.486816 	 0.184687 
 1.489258 	 0.190557 
 1.491699 	 0.169996 
 1.494141 	 0.182523 
 1.496582 	 0.183750 
 1.499023 	 0.180174 
 1.501465 	 0.187632 
 1.503906 	 0.172301 
 1.506348 	 0.183006 
 1.508789 	 0.179970 
 1.511230 	 0.165316 
 1.513672 	 0.188634 
 1.516113 	 0.166314 
 1.518555 	 0.180907 
 1.520996 	 0.176014 
 1.523438 	 0.183553 
 1.525879 	 0.182190 
 1.528320 	 0.181430 
 1.530762 	 0.165430 
 1.533203 	 0.186985 
 1.535645 	 0.171142 
 1.538086 	 0.183001 
 1.540527 	 0.185077 
 1.542969 	 0.170542 
 1.545410 	 0.171297 
 1.547852 	 0.191053 
 1.550293 	 0.170292 
 1.552734 	 0.177696 
 1.555176 	 0.175136 
 1.557617 	 0.173323 
 1.560059 	 0.167768 
 1.562500 	 0.167425 
 1.564941 	 0.167239 
 1.567383 	 0.166583 
 1.569824 	 0.158983 
 1.572266 	 0.170337 
 1.574707 	 0.163246 
 1.577148 	 0.171797 
 1.579590 	 0.161622 
 1.582031 	 0.174854 
 1.584473 	 0.143606 
 1.586914 	 0.173909 
 1.589355 	 0.153912 
 1.591797 	 0.158530 
 1.594238 	 0.156778 
 1.596680 	 0.167033 
 1.599121 	 0.164882 
 1.601562 	 0.155616 
 1.604004 	 0.158731 
 1.606445 	 0.162519 
 1.608887 	 0.138593 
 1.611328 	 0.165904 
 1.613770 	 0.147242 
 1.616211 	 0.155385 
 1.618652 	 0.147586 
 1.621094 	 0.158014 
 1.623535 	 0.137786 
 1.625977 	 0.153930 
 1.628418 	 0.136019 
 1.630859 	 0.149766 
 1.633301 	 0.138822 
 1.635742 	 0.152197 
 1.638184 	 0.148356 
 1.640625 	 0.141897 
 1.643066 	 0.139567 
 1.645508 	 0.147879 
 1.647949 	 0.128568 
 1.650391 	 0.138346 
 1.652832 	 0.131885 
 1.655273 	 0.135016 
 1.657715 	 0.130439 
 1.660156 	 0.145299 
 1.662598 	 0.125430 
 1.665039 	 0.128381 
 1.667480 	 0.135164 
 1.669922 	 0.140650 
 1.672363 	 0.127654 
 1.674805 	 0.151973 
 1.677246 	 0.132469 
 1.679688 	 0.138258 
 1.682129 	 0.129754 
 1.684570 	 0.143424 
 1.687012 	 0.134927 
 1.689453 	 0.138608 
 1.691895 	 0.131960 
 1.694336 	 0.136501 
 1.696777 	 0.128742 
 1.699219 	 0.125692 
 1.701660 	 0.133789 
 1.704102 	 0.143653 
 1.706543 	 0.116637 
 1.708984 	 0.143109 
 1.711426 	 0.116763 
 1.713867 	 0.131713 
 1.716309 	 0.133172 
 1.718750 	 0.130974 
 1.721191 	 0.119677 
 1.723633 	 0.127148 
 1.726074 	 0.117544 
 1.728516 	 0.122159 
 1.730957 	 0.120783 
 1.733398 	 0.124016 
 1.735840 	 0.115701 
 1.738281 	 0.139104 
 1.740723 	 0.115629 
 1.743164 	 0.120127 
 1.745605 	 0.122933 
 1.748047 	 0.122574 
 1.750488 	 0.116451 
 1.752930 	 0.126303 
 1.755371 	 0.113279 
 1.757812 	 0.124426 
 1.760254 	 0.106554 
 1.762695 	 0.119044 
 1.765137 	 0.117374 
 1.767578 	 0.119053 
 1.770020 	 0.111842 
 1.772461 	 0.117291 
 1.774902 	 0.114926 
 1.777344 	 0.121578 
 1.779785 	 0.108072 
 1.782227 	 0.120994 
 1.784668 	 0.101362 
 1.787109 	 0.117294 
 1.789551 	 0.106198 
 1.791992 	 0.113936 
 1.794434 	 0.109499 
 1.796875 	 0.114895 
 1.799316 	 0.099791 
 1.801758 	 0.120474 
 1.804199 	 0.098951 
 1.806641 	 0.108094 
 1.809082 	 0.111498 
 1.811523 	 0.100046 
 1.813965 	 0.110451 
 1.816406 	 0.109979 
 1.818848 	 0.098863 
 1.821289 	 0.114517 
 1.823730 	 0.094035 
 1.826172 	 0.103398 
 1.828613 	 0.098174 
 1.831055 	 0.101700 
 1.833496 	 0.093457 
 1.835938 	 0.111860 
 1.838379 	 0.089578 
 1.840820 	 0.092119 
 1.843262 	 0.093858 
 1.845703 	 0.099699 
 1.848145 	 0.091021 
 1.850586 	 0.085737 
 1.853027 	 0.088318 
 1.855469 	 0.103445 
 1.857910 	 0.082653 
 1.860352 	 0.091904 
 1.862793 	 0.079079 
 1.865234 	 0.082148 
 1.867676 	 0.079104 
 1.870117 	 0.081780 
 1.872559 	 0.072560 
 1.875000 	 0.084278 
 1.877441 	 0.073316 
 1.879883 	 0.075181 
 1.882324 	 0.068317 
 1.884766 	 0.082413 
 1.887207 	 0.073038 
 1.889648 	 0.077743 
 1.892090 	 0.064488 
 1.894531 	 0.078366 
 1.896973 	 0.063359 
 1.899414 	 0.073652 
 1.901855 	 0.063745 
 1.904297 	 0.073220 
 1.906738 	 0.066977 
 1.909180 	 0.068385 
 1.911621 	 0.056052 
 1.914062 	 0.071199 
 1.916504 	 0.053492 
 1.918945 	 0.066569 
 1.921387 	 0.055520 
 1.923828 	 0.059886 
 1.926270 	 0.055069 
 1.928711 	 0.065665 
 1.931152 	 0.048800 
 1.933594 	 0.058057 
 1.936035 	 0.049735 
 1.938477 	 0.062862 
 1.940918 	 0.047221 
 1.943359 	 0.059048 
 1.945801 	 0.048343 
 1.948242 	 0.056152 
 1.950684 	 0.047191 
 1.953125 	 0.054388 
 1.955566 	 0.046419 
 1.958008 	 0.054356 
 1.960449 	 0.044424 
 1.962891 	 0.056728 
 1.965332 	 0.041323 
 1.967773 	 0.052425 
 1.970215 	 0.041939 
 1.972656 	 0.050970 
 1.975098 	 0.039555 
 1.977539 	 0.053817 
 1.979980 	 0.038454 
 1.982422 	 0.048243 
 1.984863 	 0.038864 
 1.987305 	 0.050144 
 1.989746 	 0.039266 
 1.992188 	 0.049191 
 1.994629 	 0.037452 
 1.997070 	 0.049839 
 1.999512 	 0.033272 
 2.001953 	 0.047985 
 2.004395 	 0.036163 
 2.006836 	 0.045946 
 2.009277 	 0.035632 
 2.011719 	 0.044470 
 2.014160 	 0.033228 
 2.016602 	 0.044562 
 2.019043 	 0.033974 
 2.021484 	 0.043592 
 2.023926 	 0.030953 
 2.026367 	 0.042832 
 2.028809 	 0.031024 
 2.031250 	 0.041378 
 2.033691 	 0.032156 
 2.036133 	 0.039595 
 2.038574 	 0.031015 
 2.041016 	 0.040649 
 2.043457 	 0.030734 
 2.045898 	 0.040529 
 2.048340 	 0.027948 
 2.050781 	 0.037496 
 2.053223 	 0.029073 
 2.055664 	 0.038637 
 2.058105 	 0.027238 
 2.060547 	 0.037548 
 2.062988 	 0.028350 
 2.065430 	 0.036045 
 2.067871 	 0.025049 
 2.070312 	 0.037405 
 2.072754 	 0.024726 
 2.075195 	 0.037508 
 2.077637 	 0.026777 
 2.080078 	 0.034340 
 2.082520 	 0.025746 
 2.084961 	 0.035638 
 2.087402 	 0.024862 
 2.089844 	 0.036504 
 2.092285 	 0.023657 
 2.094727 	 0.033999 
 2.097168 	 0.024949 
 2.099609 	 0.031626 
 2.102051 	 0.022671 
 2.104492 	 0.033360 
 2.106934 	 0.022296 
 2.109375 	 0.031162 
 2.111816 	 0.022497 
 2.114258 	 0.031299 
 2.116699 	 0.022184 
 2.119141 	 0.033385 
 2.121582 	 0.022138 
 2.124023 	 0.031742 
 2.126465 	 0.022192 
 2.128906 	 0.031895 
 2.131348 	 0.019767 
 2.133789 	 0.031363 
 2.136230 	 0.020707 
 2.138672 	 0.032542 
 2.141113 	 0.020194 
 2.143555 	 0.031646 
 2.145996 	 0.019152 
 2.148438 	 0.031457 
 2.150879 	 0.019572 
 2.153320 	 0.029209 
 2.155762 	 0.018549 
 2.158203 	 0.030642 
 2.160645 	 0.018685 
 2.163086 	 0.028761 
 2.165527 	 0.019280 
 2.167969 	 0.029422 
 2.170410 	 0.016962 
 2.172852 	 0.030566 
 2.175293 	 0.018282 
 2.177734 	 0.027395 
 2.180176 	 0.020408 
 2.182617 	 0.028367 
 2.185059 	 0.017574 
 2.187500 	 0.028541 
 2.189941 	 0.018983 
 2.192383 	 0.029219 
 2.194824 	 0.016520 
 2.197266 	 0.029407 
 2.199707 	 0.016352 
 2.202148 	 0.026559 
 2.204590 	 0.017655 
 2.207031 	 0.027655 
 2.209473 	 0.016368 
 2.211914 	 0.027938 
 2.214355 	 0.017597 
 2.216797 	 0.029445 
 2.219238 	 0.015784 
 2.221680 	 0.028338 
 2.224121 	 0.016373 
 2.226562 	 0.025840 
 2.229004 	 0.016473 
 2.231445 	 0.025461 
 2.233887 	 0.016571 
 2.236328 	 0.027132 
 2.238770 	 0.016459 
 2.241211 	 0.025453 
 2.243652 	 0.015393 
 2.246094 	 0.026420 
 2.248535 	 0.015064 
 2.250977 	 0.026195 
 2.253418 	 0.015570 
 2.255859 	 0.025376 
 2.258301 	 0.015097 
 2.260742 	 0.025346 
 2.263184 	 0.015505 
 2.265625 	 0.026171 
 2.268066 	 0.014986 
 2.270508 	 0.025842 
 2.272949 	 0.013973 
 2.275391 	 0.024452 
 2.277832 	 0.016708 
 2.280273 	 0.024152 
 2.282715 	 0.014524 
 2.285156 	 0.025849 
 2.287598 	 0.014474 
 2.290039 	 0.025320 
 2.292480 	 0.014076 
 2.294922 	 0.025556 
 2.297363 	 0.013902 
 2.299805 	 0.025086 
 2.302246 	 0.014290 
 2.304688 	 0.025335 
 2.307129 	 0.014178 
 2.309570 	 0.023358 
 2.312012 	 0.014396 
 2.314453 	 0.024683 
 2.316895 	 0.014804 
 2.319336 	 0.023093 
 2.321777 	 0.013603 
 2.324219 	 0.023055 
 2.326660 	 0.013572 
 2.329102 	 0.023856 
 2.331543 	 0.013369 
 2.333984 	 0.022871 
 2.336426 	 0.013693 
 2.338867 	 0.023928 
 2.341309 	 0.013815 
 2.343750 	 0.024296 
 2.346191 	 0.012639 
 2.348633 	 0.023966 
 2.351074 	 0.014390 
 2.353516 	 0.023465 
 2.355957 	 0.013425 
 2.358398 	 0.023868 
 2.360840 	 0.013669 
 2.363281 	 0.023524 
 2.365723 	 0.012253 
 2.368164 	 0.023797 
 2.370605 	 0.012351 
 2.373047 	 0.022706 
 2.375488 	 0.012654 
 2.377930 	 0.023149 
 2.380371 	 0.013738 
 2.382812 	 0.021866 
 2.385254 	 0.012879 
 2.387695 	 0.023342 
 2.390137 	 0.012677 
 2.392578 	 0.023251 
 2.395020 	 0.013069 
 2.397461 	 0.023942 
 2.399902 	 0.011586 
 2.402344 	 0.024088 
 2.404785 	 0.012231 
 2.407227 	 0.022214 
 2.409668 	 0.012614 
 2.412109 	 0.022204 
 2.414551 	 0.011874 
 2.416992 	 0.023455 
 2.419434 	 0.012191 
 2.421875 	 0.022294 
 2.424316 	 0.010967 
 2.426758 	 0.024042 
 2.429199 	 0.011732 
 2.431641 	 0.022332 
 2.434082 	 0.011291 
 2.436523 	 0.021618 
 2.438965 	 0.010515 
 2.441406 	 0.022004 
 2.443848 	 0.011025 
 2.446289 	 0.021774 
 2.448730 	 0.011415 
 2.451172 	 0.022926 
 2.453613 	 0.011742 
 2.456055 	 0.021976 
 2.458496 	 0.011453 
 2.460938 	 0.021780 
 2.463379 	 0.012371 
 2.465820 	 0.022858 
 2.468262 	 0.010479 
 2.470703 	 0.022946 
 2.473145 	 0.012226 
 2.475586 	 0.022360 
 2.478027 	 0.011940 
 2.480469 	 0.022173 
 2.482910 	 0.012503 
 2.485352 	 0.022207 
 2.487793 	 0.012047 
 2.490234 	 0.021461 
 2.492676 	 0.011380 
 2.495117 	 0.022335 
 2.497559 	 0.011914 
