 0.000000 	 3.170041 
 0.002441 	 0.151083 
 0.004883 	 1.899632 
 0.007324 	 3.433738 
 0.009766 	 0.590038 
 0.012207 	 0.313087 
 0.014648 	 0.171253 
 0.017090 	 0.132644 
 0.019531 	 0.086197 
 0.021973 	 0.073578 
 0.024414 	 0.052218 
 0.026855 	 0.047171 
 0.029297 	 0.034323 
 0.031738 	 0.033110 
 0.034180 	 0.023840 
 0.036621 	 0.024349 
 0.039062 	 0.017527 
 0.041504 	 0.018356 
 0.043945 	 0.013328 
 0.046387 	 0.014317 
 0.048828 	 0.010206 
 0.051270 	 0.011529 
 0.053711 	 0.007756 
 0.056152 	 0.009668 
 0.058594 	 0.005775 
 0.061035 	 0.008152 
 0.063477 	 0.004211 
 0.065918 	 0.007028 
 0.068359 	 0.003118 
 0.070801 	 0.006254 
 0.073242 	 0.001998 
 0.075684 	 0.005603 
 0.078125 	 0.001029 
 0.080566 	 0.005189 
 0.083008 	 0.000500 
 0.085449 	 0.005035 
 0.087891 	 0.000672 
 0.090332 	 0.004633 
 0.092773 	 0.001257 
 0.095215 	 0.004510 
 0.097656 	 0.002240 
 0.100098 	 0.004647 
 0.102539 	 0.002457 
 0.104980 	 0.004609 
 0.107422 	 0.003707 
 0.109863 	 0.005140 
 0.112305 	 0.003366 
 0.114746 	 0.005492 
 0.117188 	 0.004142 
 0.119629 	 0.005200 
 0.122070 	 0.005700 
 0.124512 	 0.005162 
 0.126953 	 0.006698 
 0.129395 	 0.006594 
 0.131836 	 0.007461 
 0.134277 	 0.007384 
 0.136719 	 0.008182 
 0.139160 	 0.007981 
 0.141602 	 0.010489 
 0.144043 	 0.009074 
 0.146484 	 0.010092 
 0.148926 	 0.009751 
 0.151367 	 0.012384 
 0.153809 	 0.012261 
 0.156250 	 0.012796 
 0.158691 	 0.012927 
 0.161133 	 0.016009 
 0.163574 	 0.015720 
 0.166016 	 0.018133 
 0.168457 	 0.018262 
 0.170898 	 0.020460 
 0.173340 	 0.021050 
 0.175781 	 0.025988 
 0.178223 	 0.023548 
 0.180664 	 0.030858 
 0.183105 	 0.028848 
 0.185547 	 0.040984 
 0.187988 	 0.045529 
 0.190430 	 0.039389 
 0.192871 	 0.047148 
 0.195312 	 0.060279 
 0.197754 	 0.051135 
 0.200195 	 0.075133 
 0.202637 	 0.083039 
 0.205078 	 0.091231 
 0.207520 	 0.121818 
 0.209961 	 0.087632 
 0.212402 	 0.105437 
 0.214844 	 0.112341 
 0.217285 	 0.107581 
 0.219727 	 0.121565 
 0.222168 	 0.109734 
 0.224609 	 0.087630 
 0.227051 	 0.091036 
 0.229492 	 0.093791 
 0.231934 	 0.076059 
 0.234375 	 0.088784 
 0.236816 	 0.073199 
 0.239258 	 0.078645 
 0.241699 	 0.071799 
 0.244141 	 0.071936 
 0.246582 	 0.068242 
 0.249023 	 0.069628 
 0.251465 	 0.067893 
 0.253906 	 0.075520 
 0.256348 	 0.066707 
 0.258789 	 0.086670 
 0.261230 	 0.083957 
 0.263672 	 0.075043 
 0.266113 	 0.076743 
 0.268555 	 0.089763 
 0.270996 	 0.074736 
 0.273438 	 0.080971 
 0.275879 	 0.075379 
 0.278320 	 0.073179 
 0.280762 	 0.054912 
 0.283203 	 0.065205 
 0.285645 	 0.059964 
 0.288086 	 0.050468 
 0.290527 	 0.049212 
 0.292969 	 0.054869 
 0.295410 	 0.046073 
 0.297852 	 0.049970 
 0.300293 	 0.047507 
 0.302734 	 0.049088 
 0.305176 	 0.039295 
 0.307617 	 0.044843 
 0.310059 	 0.040242 
 0.312500 	 0.046793 
 0.314941 	 0.039349 
 0.317383 	 0.048590 
 0.319824 	 0.040136 
 0.322266 	 0.042836 
 0.324707 	 0.045884 
 0.327148 	 0.047409 
 0.329590 	 0.048814 
 0.332031 	 0.054422 
 0.334473 	 0.051045 
 0.336914 	 0.052824 
 0.339355 	 0.055091 
 0.341797 	 0.058302 
 0.344238 	 0.056199 
 0.346680 	 0.071987 
 0.349121 	 0.064493 
 0.351562 	 0.078135 
 0.354004 	 0.061710 
 0.356445 	 0.085546 
 0.358887 	 0.086271 
 0.361328 	 0.120026 
 0.363770 	 0.093176 
 0.366211 	 0.114542 
 0.368652 	 0.116446 
 0.371094 	 0.100719 
 0.373535 	 0.143384 
 0.375977 	 0.135770 
 0.378418 	 0.130083 
 0.380859 	 0.171946 
 0.383301 	 0.136378 
 0.385742 	 0.160108 
 0.388184 	 0.156558 
 0.390625 	 0.175149 
 0.393066 	 0.148841 
 0.395508 	 0.145804 
 0.397949 	 0.162906 
 0.400391 	 0.174522 
 0.402832 	 0.173985 
 0.405273 	 0.148780 
 0.407715 	 0.193750 
 0.410156 	 0.185326 
 0.412598 	 0.186729 
 0.415039 	 0.200633 
 0.417480 	 0.171308 
 0.419922 	 0.202873 
 0.422363 	 0.188289 
 0.424805 	 0.180183 
 0.427246 	 0.202475 
 0.429688 	 0.198611 
 0.432129 	 0.216832 
 0.434570 	 0.219292 
 0.437012 	 0.202201 
 0.439453 	 0.234800 
 0.441895 	 0.220575 
 0.444336 	 0.232035 
 0.446777 	 0.220570 
 0.449219 	 0.234614 
 0.451660 	 0.229650 
 0.454102 	 0.232808 
 0.456543 	 0.248721 
 0.458984 	 0.224146 
 0.461426 	 0.216104 
 0.463867 	 0.228466 
 0.466309 	 0.203635 
 0.468750 	 0.215024 
 0.471191 	 0.217228 
 0.473633 	 0.212202 
 0.476074 	 0.202524 
 0.478516 	 0.205940 
 0.480957 	 0.184946 
 0.483398 	 0.218066 
 0.485840 	 0.228701 
 0.488281 	 0.201420 
 0.490723 	 0.208475 
 0.493164 	 0.213378 
 0.495605 	 0.198365 
 0.498047 	 0.218135 
 0.500488 	 0.208413 
 0.502930 	 0.196799 
 0.505371 	 0.219443 
 0.507812 	 0.209881 
 0.510254 	 0.222354 
 0.512695 	 0.223498 
 0.515137 	 0.244755 
 0.517578 	 0.248496 
 0.520020 	 0.220611 
 0.522461 	 0.228122 
 0.524902 	 0.221441 
 0.527344 	 0.249801 
 0.529785 	 0.231435 
 0.532227 	 0.249249 
 0.534668 	 0.270853 
 0.537109 	 0.253508 
 0.539551 	 0.273265 
 0.541992 	 0.261203 
 0.544434 	 0.248790 
 0.546875 	 0.239615 
 0.549316 	 0.267582 
 0.551758 	 0.249716 
 0.554199 	 0.256202 
 0.556641 	 0.270267 
 0.559082 	 0.258520 
 0.561523 	 0.261693 
 0.563965 	 0.258138 
 0.566406 	 0.243745 
 0.568848 	 0.256736 
 0.571289 	 0.243047 
 0.573730 	 0.291460 
 0.576172 	 0.269382 
 0.578613 	 0.265442 
 0.581055 	 0.276645 
 0.583496 	 0.248223 
 0.585938 	 0.283978 
 0.588379 	 0.269194 
 0.590820 	 0.275383 
 0.593262 	 0.297545 
 0.595703 	 0.290775 
 0.598145 	 0.285301 
 0.600586 	 0.291856 
 0.603027 	 0.274209 
 0.605469 	 0.293802 
 0.607910 	 0.275283 
 0.610352 	 0.297375 
 0.612793 	 0.253443 
 0.615234 	 0.295432 
 0.617676 	 0.300551 
 0.620117 	 0.285840 
 0.622559 	 0.289462 
 0.625000 	 0.298996 
 0.627441 	 0.273116 
 0.629883 	 0.292445 
 0.632324 	 0.293913 
 0.634766 	 0.300200 
 0.637207 	 0.309554 
 0.639648 	 0.289796 
 0.642090 	 0.341951 
 0.644531 	 0.291686 
 0.646973 	 0.308159 
 0.649414 	 0.308802 
 0.651855 	 0.294474 
 0.654297 	 0.310516 
 0.656738 	 0.323893 
 0.659180 	 0.292486 
 0.661621 	 0.296652 
 0.664062 	 0.327094 
 0.666504 	 0.324413 
 0.668945 	 0.317003 
 0.671387 	 0.302086 
 0.673828 	 0.325052 
 0.676270 	 0.297697 
 0.678711 	 0.309041 
 0.681152 	 0.306718 
 0.683594 	 0.290503 
 0.686035 	 0.284585 
 0.688477 	 0.288430 
 0.690918 	 0.295040 
 0.693359 	 0.282368 
 0.695801 	 0.291027 
 0.698242 	 0.283856 
 0.700684 	 0.317709 
 0.703125 	 0.297599 
 0.705566 	 0.293148 
 0.708008 	 0.310809 
 0.710449 	 0.313836 
 0.712891 	 0.283722 
 0.715332 	 0.313194 
 0.717773 	 0.306148 
 0.720215 	 0.290884 
 0.722656 	 0.313938 
 0.725098 	 0.286440 
 0.727539 	 0.290428 
 0.729980 	 0.326271 
 0.732422 	 0.306125 
 0.734863 	 0.292766 
 0.737305 	 0.318017 
 0.739746 	 0.269842 
 0.742188 	 0.286484 
 0.744629 	 0.289598 
 0.747070 	 0.255879 
 0.749512 	 0.264378 
 0.751953 	 0.289466 
 0.754395 	 0.263216 
 0.756836 	 0.279014 
 0.759277 	 0.239768 
 0.761719 	 0.273254 
 0.764160 	 0.265514 
 0.766602 	 0.267590 
 0.769043 	 0.260386 
 0.771484 	 0.251088 
 0.773926 	 0.285228 
 0.776367 	 0.267956 
 0.778809 	 0.254230 
 0.781250 	 0.274816 
 0.783691 	 0.274631 
 0.786133 	 0.272551 
 0.788574 	 0.277497 
 0.791016 	 0.260466 
 0.793457 	 0.271945 
 0.795898 	 0.286091 
 0.798340 	 0.281593 
 0.800781 	 0.286462 
 0.803223 	 0.282492 
 0.805664 	 0.296458 
 0.808105 	 0.307517 
 0.810547 	 0.290585 
 0.812988 	 0.307522 
 0.815430 	 0.289629 
 0.817871 	 0.285202 
 0.820312 	 0.317943 
 0.822754 	 0.326901 
 0.825195 	 0.330336 
 0.827637 	 0.304461 
 0.830078 	 0.319097 
 0.832520 	 0.317269 
 0.834961 	 0.315514 
 0.837402 	 0.309203 
 0.839844 	 0.333779 
 0.842285 	 0.314931 
 0.844727 	 0.358133 
 0.847168 	 0.340342 
 0.849609 	 0.347360 
 0.852051 	 0.337901 
 0.854492 	 0.301698 
 0.856934 	 0.345624 
 0.859375 	 0.315653 
 0.861816 	 0.335361 
 0.864258 	 0.355534 
 0.866699 	 0.323448 
 0.869141 	 0.317240 
 0.871582 	 0.325201 
 0.874023 	 0.319078 
 0.876465 	 0.309656 
 0.878906 	 0.322021 
 0.881348 	 0.292887 
 0.883789 	 0.306669 
 0.886230 	 0.272040 
 0.888672 	 0.298221 
 0.891113 	 0.277556 
 0.893555 	 0.264976 
 0.895996 	 0.290406 
 0.898438 	 0.263194 
 0.900879 	 0.283460 
 0.903320 	 0.292534 
 0.905762 	 0.254005 
 0.908203 	 0.275249 
 0.910645 	 0.249414 
 0.913086 	 0.262414 
 0.915527 	 0.245835 
 0.917969 	 0.249843 
 0.920410 	 0.245900 
 0.922852 	 0.249889 
 0.925293 	 0.236714 
 0.927734 	 0.240837 
 0.930176 	 0.235823 
 0.932617 	 0.244795 
 0.935059 	 0.226164 
 0.937500 	 0.242906 
 0.939941 	 0.245629 
 0.942383 	 0.234491 
 0.944824 	 0.225234 
 0.947266 	 0.232549 
 0.949707 	 0.211983 
 0.952148 	 0.236610 
 0.954590 	 0.228508 
 0.957031 	 0.226453 
 0.959473 	 0.214552 
 0.961914 	 0.247188 
 0.964355 	 0.222844 
 0.966797 	 0.223111 
 0.969238 	 0.237655 
 0.971680 	 0.232280 
 0.974121 	 0.224494 
 0.976562 	 0.250468 
 0.979004 	 0.244923 
 0.981445 	 0.246122 
 0.983887 	 0.240579 
 0.986328 	 0.265112 
 0.988770 	 0.251710 
 0.991211 	 0.244902 
 0.993652 	 0.250796 
 0.996094 	 0.259537 
 0.998535 	 0.240957 
 1.000977 	 0.256573 
 1.003418 	 0.247009 
 1.005859 	 0.261910 
 1.008301 	 0.268868 
 1.010742 	 0.255450 
 1.013184 	 0.247720 
 1.015625 	 0.273092 
 1.018066 	 0.260250 
 1.020508 	 0.264926 
 1.022949 	 0.261290 
 1.025391 	 0.265389 
 1.027832 	 0.246362 
 1.030273 	 0.268113 
 1.032715 	 0.265735 
 1.035156 	 0.257628 
 1.037598 	 0.265360 
 1.040039 	 0.252101 
 1.042480 	 0.242408 
 1.044922 	 0.246528 
 1.047363 	 0.242632 
 1.049805 	 0.262574 
 1.052246 	 0.252209 
 1.054688 	 0.223680 
 1.057129 	 0.248448 
 1.059570 	 0.244426 
 1.062012 	 0.250392 
 1.064453 	 0.269905 
 1.066895 	 0.236306 
 1.069336 	 0.256434 
 1.071777 	 0.255807 
 1.074219 	 0.257007 
 1.076660 	 0.251012 
 1.079102 	 0.264221 
 1.081543 	 0.244193 
 1.083984 	 0.249556 
 1.086426 	 0.252150 
 1.088867 	 0.247592 
 1.091309 	 0.243613 
 1.093750 	 0.245797 
 1.096191 	 0.249465 
 1.098633 	 0.244327 
 1.101074 	 0.239283 
 1.103516 	 0.252149 
 1.105957 	 0.234401 
 1.108398 	 0.238638 
 1.110840 	 0.242093 
 1.113281 	 0.225926 
 1.115723 	 0.234986 
 1.118164 	 0.222473 
 1.120605 	 0.241852 
 1.123047 	 0.237922 
 1.125488 	 0.240352 
 1.127930 	 0.229157 
 1.130371 	 0.240041 
 1.132812 	 0.252326 
 1.135254 	 0.237504 
 1.137695 	 0.238059 
 1.140137 	 0.206529 
 1.142578 	 0.221638 
 1.145020 	 0.223327 
 1.147461 	 0.215717 
 1.149902 	 0.222870 
 1.152344 	 0.222327 
 1.154785 	 0.218684 
 1.157227 	 0.227564 
 1.159668 	 0.210675 
 1.162109 	 0.209540 
 1.164551 	 0.222621 
 1.166992 	 0.213285 
 1.169434 	 0.216911 
 1.171875 	 0.212352 
 1.174316 	 0.219333 
 1.176758 	 0.219044 
 1.179199 	 0.198829 
 1.181641 	 0.222487 
 1.184082 	 0.212345 
 1.186523 	 0.199621 
 1.188965 	 0.211015 
 1.191406 	 0.215904 
 1.193848 	 0.208999 
 1.196289 	 0.201461 
 1.198730 	 0.205616 
 1.201172 	 0.195910 
 1.203613 	 0.202516 
 1.206055 	 0.185237 
 1.208496 	 0.185499 
 1.210938 	 0.193248 
 1.213379 	 0.190667 
 1.215820 	 0.193401 
 1.218262 	 0.204130 
 1.220703 	 0.186665 
 1.223145 	 0.205166 
 1.225586 	 0.199999 
 1.228027 	 0.183980 
 1.230469 	 0.207685 
 1.232910 	 0.206494 
 1.235352 	 0.199708 
 1.237793 	 0.199557 
 1.240234 	 0.202795 
 1.242676 	 0.185193 
 1.245117 	 0.201539 
 1.247559 	 0.191302 
 1.250000 	 0.195561 
 1.252441 	 0.202683 
 1.254883 	 0.190855 
 1.257324 	 0.193802 
 1.259766 	 0.193138 
 1.262207 	 0.190891 
 1.264648 	 0.179476 
 1.267090 	 0.192649 
 1.269531 	 0.182765 
 1.271973 	 0.199771 
 1.274414 	 0.186459 
 1.276855 	 0.176662 
 1.279297 	 0.196631 
 1.281738 	 0.182040 
 1.284180 	 0.198126 
 1.286621 	 0.171514 
 1.289062 	 0.184483 
 1.291504 	 0.178382 
 1.293945 	 0.180521 
 1.296387 	 0.183981 
 1.298828 	 0.181279 
 1.301270 	 0.184346 
 1.303711 	 0.185134 
 1.306152 	 0.181538 
 1.308594 	 0.172914 
 1.311035 	 0.185112 
 1.313477 	 0.169739 
 1.315918 	 0.178585 
 1.318359 	 0.167600 
 1.320801 	 0.179478 
 1.323242 	 0.173282 
 1.325684 	 0.178576 
 1.328125 	 0.170500 
 1.330566 	 0.171484 
 1.333008 	 0.173468 
 1.335449 	 0.171494 
 1.337891 	 0.169145 
 1.340332 	 0.163035 
 1.342773 	 0.178518 
 1.345215 	 0.169814 
 1.347656 	 0.170415 
 1.350098 	 0.174515 
 1.352539 	 0.181064 
 1.354980 	 0.168147 
 1.357422 	 0.181535 
 1.359863 	 0.177800 
 1.362305 	 0.167942 
 1.364746 	 0.166864 
 1.367188 	 0.171254 
 1.369629 	 0.169521 
 1.372070 	 0.178338 
 1.374512 	 0.170218 
 1.376953 	 0.179989 
 1.379395 	 0.170572 
 1.381836 	 0.172724 
 1.384277 	 0.165949 
 1.386719 	 0.172971 
 1.389160 	 0.171021 
 1.391602 	 0.168369 
 1.394043 	 0.164552 
 1.396484 	 0.163871 
 1.398926 	 0.154176 
 1.401367 	 0.173405 
 1.403809 	 0.152061 
 1.406250 	 0.162084 
 1.408691 	 0.160667 
 1.411133 	 0.166456 
 1.413574 	 0.157308 
 1.416016 	 0.166451 
 1.418457 	 0.164879 
 1.420898 	 0.163737 
 1.423340 	 0.159321 
 1.425781 	 0.174872 
 1.428223 	 0.171792 
 1.430664 	 0.177893 
 1.433105 	 0.169334 
 1.435547 	 0.162998 
 1.437988 	 0.162203 
 1.440430 	 0.161544 
 1.442871 	 0.160043 
 1.445312 	 0.182691 
 1.447754 	 0.142645 
 1.450195 	 0.160802 
 1.452637 	 0.172314 
 1.455078 	 0.157952 
 1.457520 	 0.165723 
 1.459961 	 0.176031 
 1.462402 	 0.158679 
 1.464844 	 0.173883 
 1.467285 	 0.183592 
 1.469727 	 0.173766 
 1.472168 	 0.161659 
 1.474609 	 0.174304 
 1.477051 	 0.168284 
 1.479492 	 0.179486 
 1.481934 	 0.176848 
 1.484375 	 0.174743 
 1.486816 	 0.171040 
 1.489258 	 0.171277 
 1.491699 	 0.158094 
 1.494141 	 0.166625 
 1.496582 	 0.161164 
 1.499023 	 0.162592 
 1.501465 	 0.169216 
 1.503906 	 0.166631 
 1.506348 	 0.164198 
 1.508789 	 0.184089 
 1.511230 	 0.150652 
 1.513672 	 0.169224 
 1.516113 	 0.164224 
 1.518555 	 0.162254 
 1.520996 	 0.166831 
 1.523438 	 0.160079 
 1.525879 	 0.162494 
 1.528320 	 0.179303 
 1.530762 	 0.159764 
 1.533203 	 0.175818 
 1.535645 	 0.162796 
 1.538086 	 0.175614 
 1.540527 	 0.161257 
 1.542969 	 0.162591 
 1.545410 	 0.167794 
 1.547852 	 0.159984 
 1.550293 	 0.170790 
 1.552734 	 0.162433 
 1.555176 	 0.158224 
 1.557617 	 0.155722 
 1.560059 	 0.155547 
 1.562500 	 0.159307 
 1.564941 	 0.155440 
 1.567383 	 0.152713 
 1.569824 	 0.150253 
 1.572266 	 0.153454 
 1.574707 	 0.144704 
 1.577148 	 0.159714 
 1.579590 	 0.148646 
 1.582031 	 0.151914 
 1.584473 	 0.139051 
 1.586914 	 0.146538 
 1.589355 	 0.154616 
 1.591797 	 0.145434 
 1.594238 	 0.135314 
 1.596680 	 0.149425 
 1.599121 	 0.144510 
 1.601562 	 0.150860 
 1.604004 	 0.145420 
 1.606445 	 0.142318 
 1.608887 	 0.151507 
 1.611328 	 0.147545 
 1.613770 	 0.143566 
 1.616211 	 0.150602 
 1.618652 	 0.137261 
 1.621094 	 0.148746 
 1.623535 	 0.147978 
 1.625977 	 0.135334 
 1.628418 	 0.153983 
 1.630859 	 0.140486 
 1.633301 	 0.134591 
 1.635742 	 0.142485 
 1.638184 	 0.139006 
 1.640625 	 0.134779 
 1.643066 	 0.140821 
 1.645508 	 0.135696 
 1.647949 	 0.136701 
 1.650391 	 0.131865 
 1.652832 	 0.127821 
 1.655273 	 0.143934 
 1.657715 	 0.124470 
 1.660156 	 0.123273 
 1.662598 	 0.127155 
 1.665039 	 0.125623 
 1.667480 	 0.121398 
 1.669922 	 0.125175 
 1.672363 	 0.124282 
 1.674805 	 0.123798 
 1.677246 	 0.121492 
 1.679688 	 0.132196 
 1.682129 	 0.120338 
 1.684570 	 0.124535 
 1.687012 	 0.131976 
 1.689453 	 0.129201 
 1.691895 	 0.124296 
 1.694336 	 0.125615 
 1.696777 	 0.116611 
 1.699219 	 0.128129 
 1.701660 	 0.114467 
 1.704102 	 0.119860 
 1.706543 	 0.117794 
 1.708984 	 0.126744 
 1.711426 	 0.123963 
 1.713867 	 0.116601 
 1.716309 	 0.112776 
 1.718750 	 0.110748 
 1.721191 	 0.116851 
 1.723633 	 0.110918 
 1.726074 	 0.123722 
 1.728516 	 0.123452 
 1.730957 	 0.111792 
 1.733398 	 0.120654 
 1.735840 	 0.102519 
 1.738281 	 0.120118 
 1.740723 	 0.118827 
 1.743164 	 0.124462 
 1.745605 	 0.119659 
 1.748047 	 0.113649 
 1.750488 	 0.113625 
 1.752930 	 0.113274 
 1.755371 	 0.111549 
 1.757812 	 0.114392 
 1.760254 	 0.109345 
 1.762695 	 0.116702 
 1.765137 	 0.101722 
 1.767578 	 0.112271 
 1.770020 	 0.110055 
 1.772461 	 0.106208 
 1.774902 	 0.109287 
 1.777344 	 0.110702 
 1.779785 	 0.095358 
 1.782227 	 0.110341 
 1.784668 	 0.103810 
 1.787109 	 0.099104 
 1.789551 	 0.107742 
 1.791992 	 0.112239 
 1.794434 	 0.104558 
 1.796875 	 0.117165 
 1.799316 	 0.098991 
 1.801758 	 0.104177 
 1.804199 	 0.101839 
 1.806641 	 0.105477 
 1.809082 	 0.098297 
 1.811523 	 0.098313 
 1.813965 	 0.104664 
 1.816406 	 0.110940 
 1.818848 	 0.097263 
 1.821289 	 0.109190 
 1.823730 	 0.095945 
 1.826172 	 0.100912 
 1.828613 	 0.091380 
 1.831055 	 0.100180 
 1.833496 	 0.104382 
 1.835938 	 0.094462 
 1.838379 	 0.098669 
 1.840820 	 0.091236 
 1.843262 	 0.088566 
 1.845703 	 0.094246 
 1.848145 	 0.085582 
 1.850586 	 0.091956 
 1.853027 	 0.088456 
 1.855469 	 0.083832 
 1.857910 	 0.088818 
 1.860352 	 0.078394 
 1.862793 	 0.079446 
 1.865234 	 0.076805 
 1.867676 	 0.076034 
 1.870117 	 0.082184 
 1.872559 	 0.071887 
 1.875000 	 0.081863 
 1.877441 	 0.072175 
 1.879883 	 0.079238 
 1.882324 	 0.072995 
 1.884766 	 0.073056 
 1.887207 	 0.073835 
 1.889648 	 0.075765 
 1.892090 	 0.068722 
 1.894531 	 0.067418 
 1.896973 	 0.061824 
 1.899414 	 0.062334 
 1.901855 	 0.064346 
 1.904297 	 0.071929 
 1.906738 	 0.064131 
 1.909180 	 0.064777 
 1.911621 	 0.063490 
 1.914062 	 0.065270 
 1.916504 	 0.054969 
 1.918945 	 0.063712 
 1.921387 	 0.058674 
 1.923828 	 0.060522 
 1.926270 	 0.058355 
 1.928711 	 0.053320 
 1.931152 	 0.053445 
 1.933594 	 0.062944 
 1.936035 	 0.050049 
 1.938477 	 0.054618 
 1.940918 	 0.055239 
 1.943359 	 0.047885 
 1.945801 	 0.050292 
 1.948242 	 0.051207 
 1.950684 	 0.050884 
 1.953125 	 0.048855 
 1.955566 	 0.044611 
 1.958008 	 0.045440 
 1.960449 	 0.043269 
 1.962891 	 0.048858 
 1.965332 	 0.042548 
 1.967773 	 0.047420 
 1.970215 	 0.038952 
 1.972656 	 0.045409 
 1.975098 	 0.038940 
 1.977539 	 0.044479 
 1.979980 	 0.039747 
 1.982422 	 0.037959 
 1.984863 	 0.039723 
 1.987305 	 0.037668 
 1.989746 	 0.037374 
 1.992188 	 0.039001 
 1.994629 	 0.036371 
 1.997070 	 0.039223 
 1.999512 	 0.036332 
 2.001953 	 0.041706 
 2.004395 	 0.034721 
 2.006836 	 0.038421 
 2.009277 	 0.033051 
 2.011719 	 0.036978 
 2.014160 	 0.037588 
 2.016602 	 0.035102 
 2.019043 	 0.032090 
 2.021484 	 0.035444 
 2.023926 	 0.032388 
 2.026367 	 0.034089 
 2.028809 	 0.031058 
 2.031250 	 0.033745 
 2.033691 	 0.029215 
 2.036133 	 0.035687 
 2.038574 	 0.029216 
 2.041016 	 0.032338 
 2.043457 	 0.028798 
 2.045898 	 0.030065 
 2.048340 	 0.029561 
 2.050781 	 0.032283 
 2.053223 	 0.027828 
 2.055664 	 0.029731 
 2.058105 	 0.028868 
 2.060547 	 0.028056 
 2.062988 	 0.026063 
 2.065430 	 0.030032 
 2.067871 	 0.027959 
 2.070312 	 0.028545 
 2.072754 	 0.026620 
 2.075195 	 0.028980 
 2.077637 	 0.023951 
 2.080078 	 0.028446 
 2.082520 	 0.026433 
 2.084961 	 0.027110 
 2.087402 	 0.025491 
 2.089844 	 0.028216 
 2.092285 	 0.022620 
 2.094727 	 0.029155 
 2.097168 	 0.024242 
 2.099609 	 0.026716 
 2.102051 	 0.024203 
 2.104492 	 0.025222 
 2.106934 	 0.022424 
 2.109375 	 0.026129 
 2.111816 	 0.022914 
 2.114258 	 0.025332 
 2.116699 	 0.022096 
 2.119141 	 0.026457 
 2.121582 	 0.022849 
 2.124023 	 0.023576 
 2.126465 	 0.021583 
 2.128906 	 0.025106 
 2.131348 	 0.021092 
 2.133789 	 0.023692 
 2.136230 	 0.021058 
 2.138672 	 0.025105 
 2.141113 	 0.021857 
 2.143555 	 0.024333 
 2.145996 	 0.021364 
 2.148438 	 0.023441 
 2.150879 	 0.021802 
 2.153320 	 0.023779 
 2.155762 	 0.019951 
 2.158203 	 0.023746 
 2.160645 	 0.019129 
 2.163086 	 0.023754 
 2.165527 	 0.021630 
 2.167969 	 0.022598 
 2.170410 	 0.019441 
 2.172852 	 0.023800 
 2.175293 	 0.018663 
 2.177734 	 0.023212 
 2.180176 	 0.019683 
 2.182617 	 0.022532 
 2.185059 	 0.018803 
 2.187500 	 0.021926 
 2.189941 	 0.019174 
 2.192383 	 0.022234 
 2.194824 	 0.018873 
 2.197266 	 0.021106 
 2.199707 	 0.017970 
 2.202148 	 0.020710 
 2.204590 	 0.017732 
 2.207031 	 0.020856 
 2.209473 	 0.017867 
 2.211914 	 0.020307 
 2.214355 	 0.016306 
 2.216797 	 0.020610 
 2.219238 	 0.018420 
 2.221680 	 0.019340 
 2.224121 	 0.016954 
 2.226562 	 0.019822 
 2.229004 	 0.016039 
 2.231445 	 0.021676 
 2.233887 	 0.016863 
 2.236328 	 0.019801 
 2.238770 	 0.017351 
 2.241211 	 0.021109 
 2.243652 	 0.016142 
 2.246094 	 0.018947 
 2.248535 	 0.017483 
 2.250977 	 0.019892 
 2.253418 	 0.016138 
 2.255859 	 0.019325 
 2.258301 	 0.016239 
 2.260742 	 0.018686 
 2.263184 	 0.016832 
 2.265625 	 0.019452 
 2.268066 	 0.015180 
 2.270508 	 0.019528 
 2.272949 	 0.016171 
 2.275391 	 0.019420 
 2.277832 	 0.015928 
 2.280273 	 0.018876 
 2.282715 	 0.016846 
 2.285156 	 0.018733 
 2.287598 	 0.016229 
 2.290039 	 0.019163 
 2.292480 	 0.015915 
 2.294922 	 0.019375 
 2.297363 	 0.015206 
 2.299805 	 0.018355 
 2.302246 	 0.015015 
 2.304688 	 0.018244 
 2.307129 	 0.015871 
 2.309570 	 0.018472 
 2.312012 	 0.015529 
 2.314453 	 0.017883 
 2.316895 	 0.015488 
 2.319336 	 0.018185 
 2.321777 	 0.015247 
 2.324219 	 0.018727 
 2.326660 	 0.015085 
 2.329102 	 0.018085 
 2.331543 	 0.014366 
 2.333984 	 0.018553 
 2.336426 	 0.014258 
 2.338867 	 0.018884 
 2.341309 	 0.015352 
 2.343750 	 0.017767 
 2.346191 	 0.014968 
 2.348633 	 0.016955 
 2.351074 	 0.015059 
 2.353516 	 0.018137 
 2.355957 	 0.014902 
 2.358398 	 0.017688 
 2.360840 	 0.015173 
 2.363281 	 0.017611 
 2.365723 	 0.014035 
 2.368164 	 0.017603 
 2.370605 	 0.014460 
 2.373047 	 0.016996 
 2.375488 	 0.015205 
 2.377930 	 0.017375 
 2.380371 	 0.013847 
 2.382812 	 0.017972 
 2.385254 	 0.013317 
 2.387695 	 0.017887 
 2.390137 	 0.014714 
 2.392578 	 0.016734 
 2.395020 	 0.012840 
 2.397461 	 0.016950 
 2.399902 	 0.014608 
 2.402344 	 0.017132 
 2.404785 	 0.013758 
 2.407227 	 0.016276 
 2.409668 	 0.013366 
 2.412109 	 0.016663 
 2.414551 	 0.014528 
 2.416992 	 0.016845 
 2.419434 	 0.013305 
 2.421875 	 0.016377 
 2.424316 	 0.013835 
 2.426758 	 0.016959 
 2.429199 	 0.013801 
 2.431641 	 0.016872 
 2.434082 	 0.014784 
 2.436523 	 0.017168 
 2.438965 	 0.013427 
 2.441406 	 0.017101 
 2.443848 	 0.013313 
 2.446289 	 0.017355 
 2.448730 	 0.013925 
 2.451172 	 0.016960 
 2.453613 	 0.014371 
 2.456055 	 0.016066 
 2.458496 	 0.014448 
 2.460938 	 0.016430 
 2.463379 	 0.014167 
 2.465820 	 0.016677 
 2.468262 	 0.012959 
 2.470703 	 0.016072 
 2.473145 	 0.013765 
 2.475586 	 0.016684 
 2.478027 	 0.013642 
 2.480469 	 0.016607 
 2.482910 	 0.013311 
 2.485352 	 0.017582 
 2.487793 	 0.012846 
 2.490234 	 0.017230 
 2.492676 	 0.014133 
 2.495117 	 0.017482 
 2.497559 	 0.013481 
