 0.000000 	 0.804315 
 0.002441 	 0.453899 
 0.004883 	 2.148264 
 0.007324 	 0.075072 
 0.009766 	 0.037492 
 0.012207 	 0.015568 
 0.014648 	 0.013502 
 0.017090 	 0.006004 
 0.019531 	 0.006252 
 0.021973 	 0.002509 
 0.024414 	 0.003083 
 0.026855 	 0.000807 
 0.029297 	 0.001404 
 0.031738 	 0.000143 
 0.034180 	 0.000436 
 0.036621 	 0.000760 
 0.039062 	 0.000132 
 0.041504 	 0.001163 
 0.043945 	 0.000562 
 0.046387 	 0.001507 
 0.048828 	 0.000856 
 0.051270 	 0.001719 
 0.053711 	 0.001016 
 0.056152 	 0.001915 
 0.058594 	 0.001124 
 0.061035 	 0.002095 
 0.063477 	 0.001171 
 0.065918 	 0.002260 
 0.068359 	 0.001228 
 0.070801 	 0.002461 
 0.073242 	 0.001285 
 0.075684 	 0.002577 
 0.078125 	 0.001279 
 0.080566 	 0.002676 
 0.083008 	 0.001219 
 0.085449 	 0.002832 
 0.087891 	 0.001140 
 0.090332 	 0.002948 
 0.092773 	 0.001167 
 0.095215 	 0.003113 
 0.097656 	 0.000975 
 0.100098 	 0.003197 
 0.102539 	 0.000924 
 0.104980 	 0.003404 
 0.107422 	 0.000679 
 0.109863 	 0.003557 
 0.112305 	 0.000680 
 0.114746 	 0.003744 
 0.117188 	 0.000437 
 0.119629 	 0.003965 
 0.122070 	 0.000409 
 0.124512 	 0.004219 
 0.126953 	 0.000099 
 0.129395 	 0.004428 
 0.131836 	 0.000045 
 0.134277 	 0.004693 
 0.136719 	 0.000128 
 0.139160 	 0.004844 
 0.141602 	 0.000118 
 0.144043 	 0.005311 
 0.146484 	 0.000615 
 0.148926 	 0.005702 
 0.151367 	 0.001309 
 0.153809 	 0.006237 
 0.156250 	 0.001786 
 0.158691 	 0.006415 
 0.161133 	 0.002224 
 0.163574 	 0.007166 
 0.166016 	 0.002842 
 0.168457 	 0.007743 
 0.170898 	 0.003439 
 0.173340 	 0.007847 
 0.175781 	 0.003695 
 0.178223 	 0.008520 
 0.180664 	 0.004298 
 0.183105 	 0.008810 
 0.185547 	 0.005349 
 0.187988 	 0.012830 
 0.190430 	 0.008158 
 0.192871 	 0.014169 
 0.195312 	 0.011538 
 0.197754 	 0.017832 
 0.200195 	 0.014666 
 0.202637 	 0.018464 
 0.205078 	 0.016484 
 0.207520 	 0.019325 
 0.209961 	 0.018585 
 0.212402 	 0.026841 
 0.214844 	 0.032349 
 0.217285 	 0.042710 
 0.219727 	 0.050618 
 0.222168 	 0.071341 
 0.224609 	 0.054156 
 0.227051 	 0.107572 
 0.229492 	 0.093731 
 0.231934 	 0.088590 
 0.234375 	 0.094434 
 0.236816 	 0.120094 
 0.239258 	 0.099181 
 0.241699 	 0.083555 
 0.244141 	 0.080036 
 0.246582 	 0.089435 
 0.249023 	 0.058048 
 0.251465 	 0.068734 
 0.253906 	 0.049171 
 0.256348 	 0.056824 
 0.258789 	 0.043525 
 0.261230 	 0.048363 
 0.263672 	 0.042166 
 0.266113 	 0.047689 
 0.268555 	 0.040830 
 0.270996 	 0.056128 
 0.273438 	 0.049408 
 0.275879 	 0.089160 
 0.278320 	 0.045046 
 0.280762 	 0.114949 
 0.283203 	 0.072447 
 0.285645 	 0.104821 
 0.288086 	 0.074117 
 0.290527 	 0.074020 
 0.292969 	 0.049874 
 0.295410 	 0.054236 
 0.297852 	 0.038568 
 0.300293 	 0.035512 
 0.302734 	 0.029900 
 0.305176 	 0.029838 
 0.307617 	 0.026084 
 0.310059 	 0.027098 
 0.312500 	 0.022530 
 0.314941 	 0.025204 
 0.317383 	 0.022130 
 0.319824 	 0.023894 
 0.322266 	 0.020358 
 0.324707 	 0.021748 
 0.327148 	 0.019399 
 0.329590 	 0.020123 
 0.332031 	 0.019522 
 0.334473 	 0.021044 
 0.336914 	 0.019330 
 0.339355 	 0.022647 
 0.341797 	 0.020182 
 0.344238 	 0.023936 
 0.346680 	 0.020278 
 0.349121 	 0.026432 
 0.351562 	 0.023283 
 0.354004 	 0.024760 
 0.356445 	 0.024454 
 0.358887 	 0.026743 
 0.361328 	 0.025541 
 0.363770 	 0.029306 
 0.366211 	 0.030464 
 0.368652 	 0.032086 
 0.371094 	 0.033491 
 0.373535 	 0.034133 
 0.375977 	 0.038761 
 0.378418 	 0.052749 
 0.380859 	 0.041267 
 0.383301 	 0.063017 
 0.385742 	 0.071639 
 0.388184 	 0.068006 
 0.390625 	 0.074255 
 0.393066 	 0.076380 
 0.395508 	 0.094580 
 0.397949 	 0.083401 
 0.400391 	 0.093061 
 0.402832 	 0.110714 
 0.405273 	 0.132605 
 0.407715 	 0.118877 
 0.410156 	 0.128574 
 0.412598 	 0.145049 
 0.415039 	 0.148448 
 0.417480 	 0.132003 
 0.419922 	 0.107837 
 0.422363 	 0.115663 
 0.424805 	 0.110340 
 0.427246 	 0.112568 
 0.429688 	 0.096220 
 0.432129 	 0.113353 
 0.434570 	 0.094002 
 0.437012 	 0.103593 
 0.439453 	 0.097495 
 0.441895 	 0.119258 
 0.444336 	 0.107462 
 0.446777 	 0.121142 
 0.449219 	 0.114095 
 0.451660 	 0.139258 
 0.454102 	 0.131713 
 0.456543 	 0.157597 
 0.458984 	 0.183113 
 0.461426 	 0.167623 
 0.463867 	 0.189236 
 0.466309 	 0.189158 
 0.468750 	 0.208539 
 0.471191 	 0.190304 
 0.473633 	 0.212642 
 0.476074 	 0.192710 
 0.478516 	 0.182608 
 0.480957 	 0.183737 
 0.483398 	 0.176538 
 0.485840 	 0.172115 
 0.488281 	 0.146189 
 0.490723 	 0.154888 
 0.493164 	 0.159828 
 0.495605 	 0.148076 
 0.498047 	 0.142346 
 0.500488 	 0.147296 
 0.502930 	 0.145114 
 0.505371 	 0.137375 
 0.507812 	 0.126359 
 0.510254 	 0.123240 
 0.512695 	 0.121828 
 0.515137 	 0.139173 
 0.517578 	 0.134910 
 0.520020 	 0.139927 
 0.522461 	 0.130024 
 0.524902 	 0.140842 
 0.527344 	 0.156076 
 0.529785 	 0.146951 
 0.532227 	 0.141063 
 0.534668 	 0.155152 
 0.537109 	 0.147279 
 0.539551 	 0.168391 
 0.541992 	 0.166045 
 0.544434 	 0.178931 
 0.546875 	 0.190737 
 0.549316 	 0.188667 
 0.551758 	 0.172705 
 0.554199 	 0.198095 
 0.556641 	 0.215491 
 0.559082 	 0.199705 
 0.561523 	 0.187754 
 0.563965 	 0.202815 
 0.566406 	 0.223495 
 0.568848 	 0.199303 
 0.571289 	 0.205257 
 0.573730 	 0.200684 
 0.576172 	 0.187585 
 0.578613 	 0.171912 
 0.581055 	 0.162126 
 0.583496 	 0.177530 
 0.585938 	 0.180339 
 0.588379 	 0.170515 
 0.590820 	 0.176535 
 0.593262 	 0.171581 
 0.595703 	 0.167689 
 0.598145 	 0.172055 
 0.600586 	 0.170727 
 0.603027 	 0.162940 
 0.605469 	 0.170001 
 0.607910 	 0.166386 
 0.610352 	 0.178774 
 0.612793 	 0.158235 
 0.615234 	 0.183051 
 0.617676 	 0.171377 
 0.620117 	 0.173199 
 0.622559 	 0.168130 
 0.625000 	 0.183865 
 0.627441 	 0.180816 
 0.629883 	 0.202719 
 0.632324 	 0.198792 
 0.634766 	 0.221169 
 0.637207 	 0.208257 
 0.639648 	 0.207289 
 0.642090 	 0.229232 
 0.644531 	 0.200733 
 0.646973 	 0.220909 
 0.649414 	 0.220887 
 0.651855 	 0.232152 
 0.654297 	 0.215343 
 0.656738 	 0.217626 
 0.659180 	 0.205049 
 0.661621 	 0.240725 
 0.664062 	 0.242809 
 0.666504 	 0.216215 
 0.668945 	 0.226727 
 0.671387 	 0.235032 
 0.673828 	 0.232099 
 0.676270 	 0.256286 
 0.678711 	 0.242338 
 0.681152 	 0.242600 
 0.683594 	 0.238079 
 0.686035 	 0.244487 
 0.688477 	 0.220595 
 0.690918 	 0.230887 
 0.693359 	 0.212361 
 0.695801 	 0.233861 
 0.698242 	 0.205143 
 0.700684 	 0.221736 
 0.703125 	 0.202104 
 0.705566 	 0.216152 
 0.708008 	 0.204939 
 0.710449 	 0.222234 
 0.712891 	 0.215188 
 0.715332 	 0.215668 
 0.717773 	 0.204598 
 0.720215 	 0.220232 
 0.722656 	 0.214479 
 0.725098 	 0.217843 
 0.727539 	 0.199198 
 0.729980 	 0.228266 
 0.732422 	 0.222723 
 0.734863 	 0.228866 
 0.737305 	 0.202463 
 0.739746 	 0.232608 
 0.742188 	 0.207645 
 0.744629 	 0.249061 
 0.747070 	 0.237172 
 0.749512 	 0.247403 
 0.751953 	 0.235623 
 0.754395 	 0.256531 
 0.756836 	 0.217456 
 0.759277 	 0.226789 
 0.761719 	 0.215181 
 0.764160 	 0.207826 
 0.766602 	 0.199236 
 0.769043 	 0.206282 
 0.771484 	 0.213152 
 0.773926 	 0.195342 
 0.776367 	 0.208175 
 0.778809 	 0.181788 
 0.781250 	 0.182424 
 0.783691 	 0.185746 
 0.786133 	 0.183647 
 0.788574 	 0.193801 
 0.791016 	 0.183652 
 0.793457 	 0.183873 
 0.795898 	 0.173576 
 0.798340 	 0.179008 
 0.800781 	 0.178736 
 0.803223 	 0.173800 
 0.805664 	 0.170116 
 0.808105 	 0.166328 
 0.810547 	 0.175010 
 0.812988 	 0.167750 
 0.815430 	 0.171459 
 0.817871 	 0.179167 
 0.820312 	 0.172929 
 0.822754 	 0.177013 
 0.825195 	 0.181715 
 0.827637 	 0.181668 
 0.830078 	 0.181282 
 0.832520 	 0.196142 
 0.834961 	 0.174072 
 0.837402 	 0.207016 
 0.839844 	 0.201265 
 0.842285 	 0.217678 
 0.844727 	 0.232556 
 0.847168 	 0.240498 
 0.849609 	 0.244662 
 0.852051 	 0.256768 
 0.854492 	 0.233457 
 0.856934 	 0.271127 
 0.859375 	 0.256262 
 0.861816 	 0.276958 
 0.864258 	 0.251099 
 0.866699 	 0.265059 
 0.869141 	 0.264475 
 0.871582 	 0.255112 
 0.874023 	 0.265826 
 0.876465 	 0.261390 
 0.878906 	 0.249996 
 0.881348 	 0.243103 
 0.883789 	 0.260822 
 0.886230 	 0.254396 
 0.888672 	 0.259446 
 0.891113 	 0.269874 
 0.893555 	 0.266313 
 0.895996 	 0.240509 
 0.898438 	 0.235318 
 0.900879 	 0.255202 
 0.903320 	 0.233490 
 0.905762 	 0.244104 
 0.908203 	 0.247245 
 0.910645 	 0.238158 
 0.913086 	 0.249920 
 0.915527 	 0.226245 
 0.917969 	 0.238687 
 0.920410 	 0.242571 
 0.922852 	 0.217213 
 0.925293 	 0.209888 
 0.927734 	 0.201395 
 0.930176 	 0.208875 
 0.932617 	 0.179223 
 0.935059 	 0.193375 
 0.937500 	 0.180293 
 0.939941 	 0.180248 
 0.942383 	 0.184937 
 0.944824 	 0.177413 
 0.947266 	 0.163597 
 0.949707 	 0.164672 
 0.952148 	 0.163274 
 0.954590 	 0.171571 
 0.957031 	 0.155507 
 0.959473 	 0.158482 
 0.961914 	 0.163771 
 0.964355 	 0.151876 
 0.966797 	 0.143527 
 0.969238 	 0.152666 
 0.971680 	 0.145308 
 0.974121 	 0.142745 
 0.976562 	 0.148924 
 0.979004 	 0.139532 
 0.981445 	 0.136141 
 0.983887 	 0.143710 
 0.986328 	 0.146429 
 0.988770 	 0.149976 
 0.991211 	 0.142933 
 0.993652 	 0.148136 
 0.996094 	 0.149922 
 0.998535 	 0.156579 
 1.000977 	 0.155336 
 1.003418 	 0.166094 
 1.005859 	 0.171401 
 1.008301 	 0.167118 
 1.010742 	 0.158304 
 1.013184 	 0.168004 
 1.015625 	 0.167614 
 1.018066 	 0.171137 
 1.020508 	 0.157611 
 1.022949 	 0.169632 
 1.025391 	 0.183859 
 1.027832 	 0.181808 
 1.030273 	 0.174088 
 1.032715 	 0.181358 
 1.035156 	 0.191285 
 1.037598 	 0.190694 
 1.040039 	 0.189432 
 1.042480 	 0.185936 
 1.044922 	 0.186117 
 1.047363 	 0.185461 
 1.049805 	 0.176964 
 1.052246 	 0.211547 
 1.054688 	 0.216513 
 1.057129 	 0.215169 
 1.059570 	 0.238773 
 1.062012 	 0.212871 
 1.064453 	 0.234540 
 1.066895 	 0.221632 
 1.069336 	 0.241637 
 1.071777 	 0.222371 
 1.074219 	 0.227299 
 1.076660 	 0.221292 
 1.079102 	 0.210764 
 1.081543 	 0.216161 
 1.083984 	 0.198227 
 1.086426 	 0.202521 
 1.088867 	 0.200788 
 1.091309 	 0.194773 
 1.093750 	 0.184707 
 1.096191 	 0.192653 
 1.098633 	 0.188313 
 1.101074 	 0.210395 
 1.103516 	 0.192456 
 1.105957 	 0.191226 
 1.108398 	 0.185754 
 1.110840 	 0.196524 
 1.113281 	 0.181511 
 1.115723 	 0.199762 
 1.118164 	 0.189686 
 1.120605 	 0.189908 
 1.123047 	 0.169834 
 1.125488 	 0.188273 
 1.127930 	 0.190816 
 1.130371 	 0.196584 
 1.132812 	 0.189691 
 1.135254 	 0.211718 
 1.137695 	 0.186825 
 1.140137 	 0.197828 
 1.142578 	 0.181588 
 1.145020 	 0.187280 
 1.147461 	 0.185689 
 1.149902 	 0.188532 
 1.152344 	 0.190721 
 1.154785 	 0.189979 
 1.157227 	 0.167576 
 1.159668 	 0.180105 
 1.162109 	 0.182110 
 1.164551 	 0.180997 
 1.166992 	 0.153485 
 1.169434 	 0.181766 
 1.171875 	 0.164473 
 1.174316 	 0.162715 
 1.176758 	 0.148509 
 1.179199 	 0.175225 
 1.181641 	 0.155593 
 1.184082 	 0.163307 
 1.186523 	 0.153309 
 1.188965 	 0.168955 
 1.191406 	 0.164667 
 1.193848 	 0.160188 
 1.196289 	 0.155128 
 1.198730 	 0.160911 
 1.201172 	 0.161431 
 1.203613 	 0.160851 
 1.206055 	 0.159230 
 1.208496 	 0.147509 
 1.210938 	 0.155037 
 1.213379 	 0.155400 
 1.215820 	 0.150362 
 1.218262 	 0.149899 
 1.220703 	 0.151205 
 1.223145 	 0.147907 
 1.225586 	 0.149296 
 1.228027 	 0.153064 
 1.230469 	 0.147943 
 1.232910 	 0.146980 
 1.235352 	 0.155288 
 1.237793 	 0.153734 
 1.240234 	 0.151573 
 1.242676 	 0.149494 
 1.245117 	 0.145869 
 1.247559 	 0.154279 
 1.250000 	 0.159186 
 1.252441 	 0.152587 
 1.254883 	 0.154411 
 1.257324 	 0.155385 
 1.259766 	 0.144215 
 1.262207 	 0.152151 
 1.264648 	 0.148731 
 1.267090 	 0.149196 
 1.269531 	 0.151409 
 1.271973 	 0.154345 
 1.274414 	 0.139570 
 1.276855 	 0.147863 
 1.279297 	 0.141233 
 1.281738 	 0.146599 
 1.284180 	 0.131572 
 1.286621 	 0.150892 
 1.289062 	 0.141899 
 1.291504 	 0.136816 
 1.293945 	 0.140439 
 1.296387 	 0.135354 
 1.298828 	 0.140912 
 1.301270 	 0.141478 
 1.303711 	 0.143393 
 1.306152 	 0.148698 
 1.308594 	 0.141615 
 1.311035 	 0.150033 
 1.313477 	 0.135372 
 1.315918 	 0.135634 
 1.318359 	 0.142307 
 1.320801 	 0.147285 
 1.323242 	 0.143797 
 1.325684 	 0.135101 
 1.328125 	 0.137821 
 1.330566 	 0.130254 
 1.333008 	 0.143910 
 1.335449 	 0.136371 
 1.337891 	 0.132667 
 1.340332 	 0.131964 
 1.342773 	 0.127569 
 1.345215 	 0.123453 
 1.347656 	 0.124279 
 1.350098 	 0.129357 
 1.352539 	 0.122492 
 1.354980 	 0.126163 
 1.357422 	 0.123082 
 1.359863 	 0.137437 
 1.362305 	 0.125033 
 1.364746 	 0.124025 
 1.367188 	 0.112425 
 1.369629 	 0.122972 
 1.372070 	 0.116803 
 1.374512 	 0.127814 
 1.376953 	 0.118435 
 1.379395 	 0.121146 
 1.381836 	 0.123864 
 1.384277 	 0.123899 
 1.386719 	 0.122821 
 1.389160 	 0.130089 
 1.391602 	 0.121542 
 1.394043 	 0.116469 
 1.396484 	 0.115443 
 1.398926 	 0.122618 
 1.401367 	 0.115879 
 1.403809 	 0.124327 
 1.406250 	 0.116820 
 1.408691 	 0.116153 
 1.411133 	 0.111917 
 1.413574 	 0.118098 
 1.416016 	 0.112203 
 1.418457 	 0.121324 
 1.420898 	 0.121187 
 1.423340 	 0.116985 
 1.425781 	 0.122309 
 1.428223 	 0.132944 
 1.430664 	 0.120671 
 1.433105 	 0.128483 
 1.435547 	 0.123970 
 1.437988 	 0.137617 
 1.440430 	 0.125841 
 1.442871 	 0.133208 
 1.445312 	 0.122309 
 1.447754 	 0.126987 
 1.450195 	 0.119335 
 1.452637 	 0.124726 
 1.455078 	 0.124953 
 1.457520 	 0.117588 
 1.459961 	 0.127102 
 1.462402 	 0.118125 
 1.464844 	 0.120858 
 1.467285 	 0.129094 
 1.469727 	 0.130053 
 1.472168 	 0.114318 
 1.474609 	 0.124540 
 1.477051 	 0.126996 
 1.479492 	 0.123878 
 1.481934 	 0.125119 
 1.484375 	 0.121371 
 1.486816 	 0.130834 
 1.489258 	 0.126320 
 1.491699 	 0.125610 
 1.494141 	 0.126130 
 1.496582 	 0.127888 
 1.499023 	 0.123892 
 1.501465 	 0.126731 
 1.503906 	 0.129359 
 1.506348 	 0.141521 
 1.508789 	 0.124963 
 1.511230 	 0.132919 
 1.513672 	 0.125197 
 1.516113 	 0.136770 
 1.518555 	 0.125134 
 1.520996 	 0.130406 
 1.523438 	 0.129773 
 1.525879 	 0.127677 
 1.528320 	 0.122655 
 1.530762 	 0.125358 
 1.533203 	 0.123064 
 1.535645 	 0.137922 
 1.538086 	 0.120739 
 1.540527 	 0.130515 
 1.542969 	 0.120816 
 1.545410 	 0.140639 
 1.547852 	 0.130067 
 1.550293 	 0.137604 
 1.552734 	 0.128357 
 1.555176 	 0.143565 
 1.557617 	 0.122500 
 1.560059 	 0.134106 
 1.562500 	 0.128383 
 1.564941 	 0.122421 
 1.567383 	 0.116987 
 1.569824 	 0.122220 
 1.572266 	 0.134294 
 1.574707 	 0.128295 
 1.577148 	 0.122231 
 1.579590 	 0.122672 
 1.582031 	 0.121484 
 1.584473 	 0.136320 
 1.586914 	 0.129798 
 1.589355 	 0.132637 
 1.591797 	 0.115802 
 1.594238 	 0.119967 
 1.596680 	 0.128383 
 1.599121 	 0.124020 
 1.601562 	 0.124677 
 1.604004 	 0.129142 
 1.606445 	 0.136133 
 1.608887 	 0.120409 
 1.611328 	 0.120108 
 1.613770 	 0.112474 
 1.616211 	 0.113040 
 1.618652 	 0.121774 
 1.621094 	 0.113745 
 1.623535 	 0.113097 
 1.625977 	 0.118210 
 1.628418 	 0.125597 
 1.630859 	 0.116143 
 1.633301 	 0.117458 
 1.635742 	 0.109748 
 1.638184 	 0.121418 
 1.640625 	 0.113625 
 1.643066 	 0.111514 
 1.645508 	 0.102553 
 1.647949 	 0.117346 
 1.650391 	 0.109222 
 1.652832 	 0.113075 
 1.655273 	 0.103360 
 1.657715 	 0.116278 
 1.660156 	 0.098783 
 1.662598 	 0.107090 
 1.665039 	 0.091098 
 1.667480 	 0.109988 
 1.669922 	 0.099740 
 1.672363 	 0.108675 
 1.674805 	 0.096249 
 1.677246 	 0.100882 
 1.679688 	 0.097277 
 1.682129 	 0.090994 
 1.684570 	 0.098256 
 1.687012 	 0.100081 
 1.689453 	 0.094366 
 1.691895 	 0.093751 
 1.694336 	 0.095715 
 1.696777 	 0.094641 
 1.699219 	 0.085401 
 1.701660 	 0.101983 
 1.704102 	 0.095133 
 1.706543 	 0.090001 
 1.708984 	 0.086800 
 1.711426 	 0.094605 
 1.713867 	 0.095744 
 1.716309 	 0.099833 
 1.718750 	 0.084782 
 1.721191 	 0.096849 
 1.723633 	 0.079135 
 1.726074 	 0.097169 
 1.728516 	 0.083918 
 1.730957 	 0.093504 
 1.733398 	 0.085707 
 1.735840 	 0.086817 
 1.738281 	 0.086822 
 1.740723 	 0.091064 
 1.743164 	 0.083060 
 1.745605 	 0.090287 
 1.748047 	 0.084830 
 1.750488 	 0.094397 
 1.752930 	 0.084318 
 1.755371 	 0.083204 
 1.757812 	 0.095303 
 1.760254 	 0.087674 
 1.762695 	 0.083334 
 1.765137 	 0.094398 
 1.767578 	 0.088690 
 1.770020 	 0.096146 
 1.772461 	 0.092560 
 1.774902 	 0.088735 
 1.777344 	 0.084198 
 1.779785 	 0.085470 
 1.782227 	 0.079910 
 1.784668 	 0.087914 
 1.787109 	 0.086705 
 1.789551 	 0.078105 
 1.791992 	 0.084642 
 1.794434 	 0.085378 
 1.796875 	 0.084387 
 1.799316 	 0.086093 
 1.801758 	 0.077728 
 1.804199 	 0.084459 
 1.806641 	 0.074075 
 1.809082 	 0.084418 
 1.811523 	 0.076777 
 1.813965 	 0.084457 
 1.816406 	 0.074670 
 1.818848 	 0.077958 
 1.821289 	 0.074585 
 1.823730 	 0.077669 
 1.826172 	 0.075476 
 1.828613 	 0.079896 
 1.831055 	 0.068046 
 1.833496 	 0.076103 
 1.835938 	 0.071277 
 1.838379 	 0.079250 
 1.840820 	 0.078512 
 1.843262 	 0.081316 
 1.845703 	 0.068779 
 1.848145 	 0.078930 
 1.850586 	 0.062131 
 1.853027 	 0.075838 
 1.855469 	 0.066773 
 1.857910 	 0.081621 
 1.860352 	 0.068166 
 1.862793 	 0.074439 
 1.865234 	 0.057962 
 1.867676 	 0.065286 
 1.870117 	 0.061471 
 1.872559 	 0.066147 
 1.875000 	 0.062704 
 1.877441 	 0.060987 
 1.879883 	 0.067514 
 1.882324 	 0.061540 
 1.884766 	 0.062147 
 1.887207 	 0.060101 
 1.889648 	 0.058899 
 1.892090 	 0.062913 
 1.894531 	 0.054504 
 1.896973 	 0.053762 
 1.899414 	 0.054189 
 1.901855 	 0.056491 
 1.904297 	 0.051379 
 1.906738 	 0.051400 
 1.909180 	 0.048430 
 1.911621 	 0.049787 
 1.914062 	 0.048840 
 1.916504 	 0.048548 
 1.918945 	 0.042153 
 1.921387 	 0.050601 
 1.923828 	 0.040163 
 1.926270 	 0.045009 
 1.928711 	 0.039278 
 1.931152 	 0.045028 
 1.933594 	 0.036731 
 1.936035 	 0.040656 
 1.938477 	 0.039010 
 1.940918 	 0.038635 
 1.943359 	 0.029341 
 1.945801 	 0.040021 
 1.948242 	 0.034986 
 1.950684 	 0.034257 
 1.953125 	 0.029690 
 1.955566 	 0.034706 
 1.958008 	 0.031884 
 1.960449 	 0.034495 
 1.962891 	 0.028833 
 1.965332 	 0.031758 
 1.967773 	 0.028009 
 1.970215 	 0.034384 
 1.972656 	 0.026828 
 1.975098 	 0.032987 
 1.977539 	 0.027666 
 1.979980 	 0.031755 
 1.982422 	 0.025743 
 1.984863 	 0.027988 
 1.987305 	 0.024091 
 1.989746 	 0.026997 
 1.992188 	 0.024873 
 1.994629 	 0.026230 
 1.997070 	 0.023050 
 1.999512 	 0.028291 
 2.001953 	 0.023368 
 2.004395 	 0.026765 
 2.006836 	 0.021600 
 2.009277 	 0.026046 
 2.011719 	 0.020264 
 2.014160 	 0.024967 
 2.016602 	 0.020796 
 2.019043 	 0.022424 
 2.021484 	 0.020591 
 2.023926 	 0.024655 
 2.026367 	 0.019258 
 2.028809 	 0.022681 
 2.031250 	 0.018884 
 2.033691 	 0.023171 
 2.036133 	 0.018680 
 2.038574 	 0.021247 
 2.041016 	 0.018417 
 2.043457 	 0.021623 
 2.045898 	 0.018563 
 2.048340 	 0.021355 
 2.050781 	 0.018057 
 2.053223 	 0.020678 
 2.055664 	 0.016155 
 2.058105 	 0.020688 
 2.060547 	 0.015977 
 2.062988 	 0.021024 
 2.065430 	 0.014493 
 2.067871 	 0.020242 
 2.070312 	 0.015748 
 2.072754 	 0.018669 
 2.075195 	 0.014507 
 2.077637 	 0.019299 
 2.080078 	 0.015122 
 2.082520 	 0.019510 
 2.084961 	 0.014537 
 2.087402 	 0.017618 
 2.089844 	 0.015095 
 2.092285 	 0.017493 
 2.094727 	 0.013068 
 2.097168 	 0.017420 
 2.099609 	 0.014077 
 2.102051 	 0.016147 
 2.104492 	 0.012473 
 2.106934 	 0.016745 
 2.109375 	 0.013412 
 2.111816 	 0.016902 
 2.114258 	 0.012202 
 2.116699 	 0.016756 
 2.119141 	 0.012420 
 2.121582 	 0.017364 
 2.124023 	 0.012717 
 2.126465 	 0.016096 
 2.128906 	 0.012522 
 2.131348 	 0.016651 
 2.133789 	 0.012406 
 2.136230 	 0.016891 
 2.138672 	 0.010996 
 2.141113 	 0.017260 
 2.143555 	 0.011159 
 2.145996 	 0.015485 
 2.148438 	 0.011418 
 2.150879 	 0.015910 
 2.153320 	 0.010971 
 2.155762 	 0.015922 
 2.158203 	 0.011860 
 2.160645 	 0.014686 
 2.163086 	 0.010496 
 2.165527 	 0.014540 
 2.167969 	 0.010638 
 2.170410 	 0.014574 
 2.172852 	 0.010916 
 2.175293 	 0.015550 
 2.177734 	 0.009788 
 2.180176 	 0.015032 
 2.182617 	 0.009971 
 2.185059 	 0.014436 
 2.187500 	 0.010624 
 2.189941 	 0.014344 
 2.192383 	 0.010360 
 2.194824 	 0.014606 
 2.197266 	 0.009582 
 2.199707 	 0.014319 
 2.202148 	 0.009489 
 2.204590 	 0.014851 
 2.207031 	 0.009323 
 2.209473 	 0.014120 
 2.211914 	 0.009204 
 2.214355 	 0.013373 
 2.216797 	 0.009390 
 2.219238 	 0.014167 
 2.221680 	 0.008810 
 2.224121 	 0.013498 
 2.226562 	 0.009217 
 2.229004 	 0.012945 
 2.231445 	 0.009139 
 2.233887 	 0.013381 
 2.236328 	 0.009036 
 2.238770 	 0.013625 
 2.241211 	 0.009293 
 2.243652 	 0.012767 
 2.246094 	 0.008789 
 2.248535 	 0.012766 
 2.250977 	 0.008108 
 2.253418 	 0.012266 
 2.255859 	 0.007949 
 2.258301 	 0.012372 
 2.260742 	 0.007848 
 2.263184 	 0.013041 
 2.265625 	 0.008128 
 2.268066 	 0.011500 
 2.270508 	 0.008177 
 2.272949 	 0.012371 
 2.275391 	 0.008112 
 2.277832 	 0.012702 
 2.280273 	 0.008601 
 2.282715 	 0.012295 
 2.285156 	 0.008342 
 2.287598 	 0.012178 
 2.290039 	 0.008363 
 2.292480 	 0.012260 
 2.294922 	 0.007510 
 2.297363 	 0.012398 
 2.299805 	 0.007061 
 2.302246 	 0.012170 
 2.304688 	 0.007240 
 2.307129 	 0.012391 
 2.309570 	 0.008206 
 2.312012 	 0.012436 
 2.314453 	 0.007332 
 2.316895 	 0.012257 
 2.319336 	 0.007720 
 2.321777 	 0.012401 
 2.324219 	 0.007235 
 2.326660 	 0.011856 
 2.329102 	 0.007093 
 2.331543 	 0.011635 
 2.333984 	 0.007401 
 2.336426 	 0.012014 
 2.338867 	 0.007368 
 2.341309 	 0.011328 
 2.343750 	 0.007122 
 2.346191 	 0.011442 
 2.348633 	 0.007451 
 2.351074 	 0.011169 
 2.353516 	 0.006893 
 2.355957 	 0.012279 
 2.358398 	 0.007417 
 2.360840 	 0.011559 
 2.363281 	 0.006856 
 2.365723 	 0.011866 
 2.368164 	 0.007159 
 2.370605 	 0.011655 
 2.373047 	 0.007478 
 2.375488 	 0.010855 
 2.377930 	 0.007178 
 2.380371 	 0.011752 
 2.382812 	 0.006918 
 2.385254 	 0.011047 
 2.387695 	 0.007297 
 2.390137 	 0.011120 
 2.392578 	 0.006995 
 2.395020 	 0.011220 
 2.397461 	 0.007888 
 2.399902 	 0.011213 
 2.402344 	 0.006946 
 2.404785 	 0.011198 
 2.407227 	 0.007151 
 2.409668 	 0.011119 
 2.412109 	 0.007217 
 2.414551 	 0.011004 
 2.416992 	 0.006701 
 2.419434 	 0.011366 
 2.421875 	 0.007166 
 2.424316 	 0.011283 
 2.426758 	 0.006974 
 2.429199 	 0.010751 
 2.431641 	 0.006940 
 2.434082 	 0.010791 
 2.436523 	 0.007089 
 2.438965 	 0.010476 
 2.441406 	 0.006903 
 2.443848 	 0.010647 
 2.446289 	 0.006668 
 2.448730 	 0.011042 
 2.451172 	 0.006386 
 2.453613 	 0.010862 
 2.456055 	 0.006393 
 2.458496 	 0.011221 
 2.460938 	 0.006310 
 2.463379 	 0.010671 
 2.465820 	 0.006740 
 2.468262 	 0.011204 
 2.470703 	 0.006409 
 2.473145 	 0.010712 
 2.475586 	 0.005745 
 2.478027 	 0.011082 
 2.480469 	 0.006998 
 2.482910 	 0.010988 
 2.485352 	 0.007050 
 2.487793 	 0.011478 
 2.490234 	 0.006906 
 2.492676 	 0.010912 
 2.495117 	 0.006724 
 2.497559 	 0.011071 
