 0.000000 	 2.106672 
 0.002441 	 1.029675 
 0.004883 	 0.511088 
 0.007324 	 0.113832 
 0.009766 	 0.059652 
 0.012207 	 0.029025 
 0.014648 	 0.023174 
 0.017090 	 0.013090 
 0.019531 	 0.011953 
 0.021973 	 0.007101 
 0.024414 	 0.007077 
 0.026855 	 0.004274 
 0.029297 	 0.004551 
 0.031738 	 0.002698 
 0.034180 	 0.003033 
 0.036621 	 0.001687 
 0.039062 	 0.002026 
 0.041504 	 0.000957 
 0.043945 	 0.001323 
 0.046387 	 0.000407 
 0.048828 	 0.000787 
 0.051270 	 0.000043 
 0.053711 	 0.000440 
 0.056152 	 0.000357 
 0.058594 	 0.000156 
 0.061035 	 0.000592 
 0.063477 	 0.000010 
 0.065918 	 0.000786 
 0.068359 	 0.000119 
 0.070801 	 0.000931 
 0.073242 	 0.000244 
 0.075684 	 0.001134 
 0.078125 	 0.000249 
 0.080566 	 0.001239 
 0.083008 	 0.000381 
 0.085449 	 0.001383 
 0.087891 	 0.000404 
 0.090332 	 0.001468 
 0.092773 	 0.000378 
 0.095215 	 0.001604 
 0.097656 	 0.000470 
 0.100098 	 0.001740 
 0.102539 	 0.000419 
 0.104980 	 0.001868 
 0.107422 	 0.000296 
 0.109863 	 0.001911 
 0.112305 	 0.000274 
 0.114746 	 0.002116 
 0.117188 	 0.000155 
 0.119629 	 0.002316 
 0.122070 	 0.000179 
 0.124512 	 0.002497 
 0.126953 	 0.000131 
 0.129395 	 0.002543 
 0.131836 	 0.000050 
 0.134277 	 0.002791 
 0.136719 	 0.000066 
 0.139160 	 0.002925 
 0.141602 	 0.000099 
 0.144043 	 0.002988 
 0.146484 	 0.000095 
 0.148926 	 0.003229 
 0.151367 	 0.000292 
 0.153809 	 0.003495 
 0.156250 	 0.000503 
 0.158691 	 0.003630 
 0.161133 	 0.000901 
 0.163574 	 0.003946 
 0.166016 	 0.001124 
 0.168457 	 0.004749 
 0.170898 	 0.001278 
 0.173340 	 0.004498 
 0.175781 	 0.001727 
 0.178223 	 0.004810 
 0.180664 	 0.001526 
 0.183105 	 0.005550 
 0.185547 	 0.002052 
 0.187988 	 0.006001 
 0.190430 	 0.002397 
 0.192871 	 0.007162 
 0.195312 	 0.003636 
 0.197754 	 0.007688 
 0.200195 	 0.005466 
 0.202637 	 0.009745 
 0.205078 	 0.004550 
 0.207520 	 0.010355 
 0.209961 	 0.007696 
 0.212402 	 0.012980 
 0.214844 	 0.007329 
 0.217285 	 0.014049 
 0.219727 	 0.010718 
 0.222168 	 0.021227 
 0.224609 	 0.017029 
 0.227051 	 0.038265 
 0.229492 	 0.041412 
 0.231934 	 0.061423 
 0.234375 	 0.059141 
 0.236816 	 0.079941 
 0.239258 	 0.081095 
 0.241699 	 0.078350 
 0.244141 	 0.108402 
 0.246582 	 0.087901 
 0.249023 	 0.073516 
 0.251465 	 0.068592 
 0.253906 	 0.058995 
 0.256348 	 0.043092 
 0.258789 	 0.054519 
 0.261230 	 0.055253 
 0.263672 	 0.052674 
 0.266113 	 0.037221 
 0.268555 	 0.037505 
 0.270996 	 0.032528 
 0.273438 	 0.032641 
 0.275879 	 0.027232 
 0.278320 	 0.034103 
 0.280762 	 0.042958 
 0.283203 	 0.048688 
 0.285645 	 0.075769 
 0.288086 	 0.081947 
 0.290527 	 0.094871 
 0.292969 	 0.100443 
 0.295410 	 0.071317 
 0.297852 	 0.057163 
 0.300293 	 0.052806 
 0.302734 	 0.035156 
 0.305176 	 0.027428 
 0.307617 	 0.019232 
 0.310059 	 0.019250 
 0.312500 	 0.014120 
 0.314941 	 0.016448 
 0.317383 	 0.013899 
 0.319824 	 0.014143 
 0.322266 	 0.012890 
 0.324707 	 0.014096 
 0.327148 	 0.011856 
 0.329590 	 0.013283 
 0.332031 	 0.012049 
 0.334473 	 0.013132 
 0.336914 	 0.012162 
 0.339355 	 0.014810 
 0.341797 	 0.013671 
 0.344238 	 0.015174 
 0.346680 	 0.013028 
 0.349121 	 0.015398 
 0.351562 	 0.013191 
 0.354004 	 0.014181 
 0.356445 	 0.011706 
 0.358887 	 0.015917 
 0.361328 	 0.015086 
 0.363770 	 0.016946 
 0.366211 	 0.016553 
 0.368652 	 0.017834 
 0.371094 	 0.019004 
 0.373535 	 0.020771 
 0.375977 	 0.022275 
 0.378418 	 0.025711 
 0.380859 	 0.024252 
 0.383301 	 0.026604 
 0.385742 	 0.031915 
 0.388184 	 0.039846 
 0.390625 	 0.037155 
 0.393066 	 0.043900 
 0.395508 	 0.056909 
 0.397949 	 0.060775 
 0.400391 	 0.059106 
 0.402832 	 0.067353 
 0.405273 	 0.070905 
 0.407715 	 0.070951 
 0.410156 	 0.089263 
 0.412598 	 0.087812 
 0.415039 	 0.103421 
 0.417480 	 0.093938 
 0.419922 	 0.111871 
 0.422363 	 0.124071 
 0.424805 	 0.097560 
 0.427246 	 0.100694 
 0.429688 	 0.089142 
 0.432129 	 0.080400 
 0.434570 	 0.072870 
 0.437012 	 0.077567 
 0.439453 	 0.064038 
 0.441895 	 0.070652 
 0.444336 	 0.078238 
 0.446777 	 0.075971 
 0.449219 	 0.069498 
 0.451660 	 0.076227 
 0.454102 	 0.086429 
 0.456543 	 0.082030 
 0.458984 	 0.097368 
 0.461426 	 0.103639 
 0.463867 	 0.116489 
 0.466309 	 0.137763 
 0.468750 	 0.124733 
 0.471191 	 0.148851 
 0.473633 	 0.149755 
 0.476074 	 0.147796 
 0.478516 	 0.153546 
 0.480957 	 0.171766 
 0.483398 	 0.157580 
 0.485840 	 0.152997 
 0.488281 	 0.156493 
 0.490723 	 0.145139 
 0.493164 	 0.136711 
 0.495605 	 0.120022 
 0.498047 	 0.129354 
 0.500488 	 0.134442 
 0.502930 	 0.114609 
 0.505371 	 0.110845 
 0.507812 	 0.100641 
 0.510254 	 0.110070 
 0.512695 	 0.099848 
 0.515137 	 0.089312 
 0.517578 	 0.098749 
 0.520020 	 0.098441 
 0.522461 	 0.095403 
 0.524902 	 0.103307 
 0.527344 	 0.102496 
 0.529785 	 0.104759 
 0.532227 	 0.100089 
 0.534668 	 0.100833 
 0.537109 	 0.098014 
 0.539551 	 0.110727 
 0.541992 	 0.104726 
 0.544434 	 0.123114 
 0.546875 	 0.129217 
 0.549316 	 0.136130 
 0.551758 	 0.135198 
 0.554199 	 0.135965 
 0.556641 	 0.143915 
 0.559082 	 0.148627 
 0.561523 	 0.157924 
 0.563965 	 0.155839 
 0.566406 	 0.186039 
 0.568848 	 0.164383 
 0.571289 	 0.178239 
 0.573730 	 0.178590 
 0.576172 	 0.178202 
 0.578613 	 0.189904 
 0.581055 	 0.188515 
 0.583496 	 0.206705 
 0.585938 	 0.184914 
 0.588379 	 0.174089 
 0.590820 	 0.162001 
 0.593262 	 0.154469 
 0.595703 	 0.167401 
 0.598145 	 0.156074 
 0.600586 	 0.150046 
 0.603027 	 0.154155 
 0.605469 	 0.145033 
 0.607910 	 0.138253 
 0.610352 	 0.134889 
 0.612793 	 0.132406 
 0.615234 	 0.130437 
 0.617676 	 0.129038 
 0.620117 	 0.129380 
 0.622559 	 0.136163 
 0.625000 	 0.147184 
 0.627441 	 0.146806 
 0.629883 	 0.149705 
 0.632324 	 0.157224 
 0.634766 	 0.152677 
 0.637207 	 0.139836 
 0.639648 	 0.149373 
 0.642090 	 0.157795 
 0.644531 	 0.152298 
 0.646973 	 0.162225 
 0.649414 	 0.181500 
 0.651855 	 0.177530 
 0.654297 	 0.176945 
 0.656738 	 0.181752 
 0.659180 	 0.174307 
 0.661621 	 0.181289 
 0.664062 	 0.177897 
 0.666504 	 0.177496 
 0.668945 	 0.181015 
 0.671387 	 0.186328 
 0.673828 	 0.200156 
 0.676270 	 0.185805 
 0.678711 	 0.208095 
 0.681152 	 0.224215 
 0.683594 	 0.199979 
 0.686035 	 0.205654 
 0.688477 	 0.221021 
 0.690918 	 0.202744 
 0.693359 	 0.223015 
 0.695801 	 0.213904 
 0.698242 	 0.204558 
 0.700684 	 0.194238 
 0.703125 	 0.186694 
 0.705566 	 0.183858 
 0.708008 	 0.182348 
 0.710449 	 0.182298 
 0.712891 	 0.180563 
 0.715332 	 0.200504 
 0.717773 	 0.185488 
 0.720215 	 0.176238 
 0.722656 	 0.167065 
 0.725098 	 0.175455 
 0.727539 	 0.175308 
 0.729980 	 0.170677 
 0.732422 	 0.175023 
 0.734863 	 0.171386 
 0.737305 	 0.177418 
 0.739746 	 0.187882 
 0.742188 	 0.194896 
 0.744629 	 0.205918 
 0.747070 	 0.222002 
 0.749512 	 0.214629 
 0.751953 	 0.207049 
 0.754395 	 0.195153 
 0.756836 	 0.197054 
 0.759277 	 0.203421 
 0.761719 	 0.199812 
 0.764160 	 0.197403 
 0.766602 	 0.197782 
 0.769043 	 0.175993 
 0.771484 	 0.177236 
 0.773926 	 0.173051 
 0.776367 	 0.183862 
 0.778809 	 0.171422 
 0.781250 	 0.175826 
 0.783691 	 0.161882 
 0.786133 	 0.166680 
 0.788574 	 0.166209 
 0.791016 	 0.148532 
 0.793457 	 0.155736 
 0.795898 	 0.140773 
 0.798340 	 0.150742 
 0.800781 	 0.144313 
 0.803223 	 0.148652 
 0.805664 	 0.144966 
 0.808105 	 0.149966 
 0.810547 	 0.149610 
 0.812988 	 0.146946 
 0.815430 	 0.145155 
 0.817871 	 0.130778 
 0.820312 	 0.135684 
 0.822754 	 0.131916 
 0.825195 	 0.121679 
 0.827637 	 0.135207 
 0.830078 	 0.136247 
 0.832520 	 0.143988 
 0.834961 	 0.152052 
 0.837402 	 0.148800 
 0.839844 	 0.147936 
 0.842285 	 0.138481 
 0.844727 	 0.144923 
 0.847168 	 0.151329 
 0.849609 	 0.167807 
 0.852051 	 0.167447 
 0.854492 	 0.183927 
 0.856934 	 0.187960 
 0.859375 	 0.190112 
 0.861816 	 0.203637 
 0.864258 	 0.202677 
 0.866699 	 0.203800 
 0.869141 	 0.219293 
 0.871582 	 0.229932 
 0.874023 	 0.231868 
 0.876465 	 0.241777 
 0.878906 	 0.239134 
 0.881348 	 0.241804 
 0.883789 	 0.226595 
 0.886230 	 0.225418 
 0.888672 	 0.238307 
 0.891113 	 0.214462 
 0.893555 	 0.214631 
 0.895996 	 0.222192 
 0.898438 	 0.227579 
 0.900879 	 0.228276 
 0.903320 	 0.222534 
 0.905762 	 0.228415 
 0.908203 	 0.224463 
 0.910645 	 0.229862 
 0.913086 	 0.218810 
 0.915527 	 0.226559 
 0.917969 	 0.222929 
 0.920410 	 0.230837 
 0.922852 	 0.218037 
 0.925293 	 0.223825 
 0.927734 	 0.216094 
 0.930176 	 0.233639 
 0.932617 	 0.210442 
 0.935059 	 0.193189 
 0.937500 	 0.179818 
 0.939941 	 0.168812 
 0.942383 	 0.159197 
 0.944824 	 0.153966 
 0.947266 	 0.151272 
 0.949707 	 0.154619 
 0.952148 	 0.155644 
 0.954590 	 0.143036 
 0.957031 	 0.135210 
 0.959473 	 0.138399 
 0.961914 	 0.138016 
 0.964355 	 0.132556 
 0.966797 	 0.130263 
 0.969238 	 0.124653 
 0.971680 	 0.115833 
 0.974121 	 0.124918 
 0.976562 	 0.110315 
 0.979004 	 0.120087 
 0.981445 	 0.116832 
 0.983887 	 0.104632 
 0.986328 	 0.111485 
 0.988770 	 0.109525 
 0.991211 	 0.113258 
 0.993652 	 0.119709 
 0.996094 	 0.101793 
 0.998535 	 0.104227 
 1.000977 	 0.112285 
 1.003418 	 0.101342 
 1.005859 	 0.106770 
 1.008301 	 0.116862 
 1.010742 	 0.104823 
 1.013184 	 0.115605 
 1.015625 	 0.118710 
 1.018066 	 0.120953 
 1.020508 	 0.125511 
 1.022949 	 0.136270 
 1.025391 	 0.124875 
 1.027832 	 0.128242 
 1.030273 	 0.125005 
 1.032715 	 0.139824 
 1.035156 	 0.132252 
 1.037598 	 0.136524 
 1.040039 	 0.139176 
 1.042480 	 0.152234 
 1.044922 	 0.158871 
 1.047363 	 0.153024 
 1.049805 	 0.156393 
 1.052246 	 0.149979 
 1.054688 	 0.150153 
 1.057129 	 0.159304 
 1.059570 	 0.155647 
 1.062012 	 0.169406 
 1.064453 	 0.169568 
 1.066895 	 0.179033 
 1.069336 	 0.208286 
 1.071777 	 0.179830 
 1.074219 	 0.186419 
 1.076660 	 0.205978 
 1.079102 	 0.200568 
 1.081543 	 0.206568 
 1.083984 	 0.190443 
 1.086426 	 0.222058 
 1.088867 	 0.175306 
 1.091309 	 0.180239 
 1.093750 	 0.194068 
 1.096191 	 0.167848 
 1.098633 	 0.173162 
 1.101074 	 0.173986 
 1.103516 	 0.174778 
 1.105957 	 0.175033 
 1.108398 	 0.162721 
 1.110840 	 0.151924 
 1.113281 	 0.145055 
 1.115723 	 0.160420 
 1.118164 	 0.155163 
 1.120605 	 0.156016 
 1.123047 	 0.146466 
 1.125488 	 0.152923 
 1.127930 	 0.145911 
 1.130371 	 0.166532 
 1.132812 	 0.153339 
 1.135254 	 0.161973 
 1.137695 	 0.165905 
 1.140137 	 0.175725 
 1.142578 	 0.180847 
 1.145020 	 0.173497 
 1.147461 	 0.167792 
 1.149902 	 0.169570 
 1.152344 	 0.165300 
 1.154785 	 0.164024 
 1.157227 	 0.162868 
 1.159668 	 0.146369 
 1.162109 	 0.154355 
 1.164551 	 0.135040 
 1.166992 	 0.153536 
 1.169434 	 0.150851 
 1.171875 	 0.152619 
 1.174316 	 0.156980 
 1.176758 	 0.155689 
 1.179199 	 0.147403 
 1.181641 	 0.155995 
 1.184082 	 0.153055 
 1.186523 	 0.143745 
 1.188965 	 0.145136 
 1.191406 	 0.142780 
 1.193848 	 0.139507 
 1.196289 	 0.144622 
 1.198730 	 0.146538 
 1.201172 	 0.141883 
 1.203613 	 0.140633 
 1.206055 	 0.131739 
 1.208496 	 0.142559 
 1.210938 	 0.130399 
 1.213379 	 0.127972 
 1.215820 	 0.138219 
 1.218262 	 0.137311 
 1.220703 	 0.126026 
 1.223145 	 0.129964 
 1.225586 	 0.128049 
 1.228027 	 0.114291 
 1.230469 	 0.124370 
 1.232910 	 0.123673 
 1.235352 	 0.125915 
 1.237793 	 0.125915 
 1.240234 	 0.125255 
 1.242676 	 0.127250 
 1.245117 	 0.129676 
 1.247559 	 0.117120 
 1.250000 	 0.129095 
 1.252441 	 0.123035 
 1.254883 	 0.114565 
 1.257324 	 0.119264 
 1.259766 	 0.121950 
 1.262207 	 0.128830 
 1.264648 	 0.121965 
 1.267090 	 0.119416 
 1.269531 	 0.119935 
 1.271973 	 0.130006 
 1.274414 	 0.120659 
 1.276855 	 0.133662 
 1.279297 	 0.128021 
 1.281738 	 0.125465 
 1.284180 	 0.129749 
 1.286621 	 0.138367 
 1.289062 	 0.123181 
 1.291504 	 0.126010 
 1.293945 	 0.125142 
 1.296387 	 0.115107 
 1.298828 	 0.122515 
 1.301270 	 0.141208 
 1.303711 	 0.124948 
 1.306152 	 0.129266 
 1.308594 	 0.120053 
 1.311035 	 0.127642 
 1.313477 	 0.117606 
 1.315918 	 0.127998 
 1.318359 	 0.129942 
 1.320801 	 0.132192 
 1.323242 	 0.126071 
 1.325684 	 0.114599 
 1.328125 	 0.112049 
 1.330566 	 0.116551 
 1.333008 	 0.112575 
 1.335449 	 0.115475 
 1.337891 	 0.113932 
 1.340332 	 0.112083 
 1.342773 	 0.113959 
 1.345215 	 0.112602 
 1.347656 	 0.107375 
 1.350098 	 0.113345 
 1.352539 	 0.104971 
 1.354980 	 0.102561 
 1.357422 	 0.106952 
 1.359863 	 0.101623 
 1.362305 	 0.103625 
 1.364746 	 0.107938 
 1.367188 	 0.108304 
 1.369629 	 0.104465 
 1.372070 	 0.097951 
 1.374512 	 0.087892 
 1.376953 	 0.099767 
 1.379395 	 0.097856 
 1.381836 	 0.099639 
 1.384277 	 0.105665 
 1.386719 	 0.098429 
 1.389160 	 0.106374 
 1.391602 	 0.103086 
 1.394043 	 0.102847 
 1.396484 	 0.109027 
 1.398926 	 0.103328 
 1.401367 	 0.096298 
 1.403809 	 0.107590 
 1.406250 	 0.096538 
 1.408691 	 0.101017 
 1.411133 	 0.105570 
 1.413574 	 0.097976 
 1.416016 	 0.101985 
 1.418457 	 0.110857 
 1.420898 	 0.106318 
 1.423340 	 0.096328 
 1.425781 	 0.097648 
 1.428223 	 0.102171 
 1.430664 	 0.095868 
 1.433105 	 0.100102 
 1.435547 	 0.099946 
 1.437988 	 0.100893 
 1.440430 	 0.106218 
 1.442871 	 0.106640 
 1.445312 	 0.097965 
 1.447754 	 0.104316 
 1.450195 	 0.104284 
 1.452637 	 0.101891 
 1.455078 	 0.099084 
 1.457520 	 0.096185 
 1.459961 	 0.091808 
 1.462402 	 0.100011 
 1.464844 	 0.102253 
 1.467285 	 0.102755 
 1.469727 	 0.099723 
 1.472168 	 0.101950 
 1.474609 	 0.110355 
 1.477051 	 0.106699 
 1.479492 	 0.112203 
 1.481934 	 0.113617 
 1.484375 	 0.111700 
 1.486816 	 0.110909 
 1.489258 	 0.099294 
 1.491699 	 0.107875 
 1.494141 	 0.114524 
 1.496582 	 0.110560 
 1.499023 	 0.109404 
 1.501465 	 0.111292 
 1.503906 	 0.111467 
 1.506348 	 0.109315 
 1.508789 	 0.108337 
 1.511230 	 0.110273 
 1.513672 	 0.107648 
 1.516113 	 0.108459 
 1.518555 	 0.109818 
 1.520996 	 0.114373 
 1.523438 	 0.108215 
 1.525879 	 0.107217 
 1.528320 	 0.110695 
 1.530762 	 0.115138 
 1.533203 	 0.116596 
 1.535645 	 0.115596 
 1.538086 	 0.116055 
 1.540527 	 0.112740 
 1.542969 	 0.115260 
 1.545410 	 0.110770 
 1.547852 	 0.111630 
 1.550293 	 0.120545 
 1.552734 	 0.106960 
 1.555176 	 0.111273 
 1.557617 	 0.106487 
 1.560059 	 0.108814 
 1.562500 	 0.116245 
 1.564941 	 0.118988 
 1.567383 	 0.107461 
 1.569824 	 0.118428 
 1.572266 	 0.119653 
 1.574707 	 0.111667 
 1.577148 	 0.109009 
 1.579590 	 0.109935 
 1.582031 	 0.113288 
 1.584473 	 0.111376 
 1.586914 	 0.113779 
 1.589355 	 0.106996 
 1.591797 	 0.109602 
 1.594238 	 0.108040 
 1.596680 	 0.107002 
 1.599121 	 0.112597 
 1.601562 	 0.111615 
 1.604004 	 0.110291 
 1.606445 	 0.114461 
 1.608887 	 0.105982 
 1.611328 	 0.109684 
 1.613770 	 0.104826 
 1.616211 	 0.098913 
 1.618652 	 0.102234 
 1.621094 	 0.102692 
 1.623535 	 0.108956 
 1.625977 	 0.096229 
 1.628418 	 0.091495 
 1.630859 	 0.093534 
 1.633301 	 0.099221 
 1.635742 	 0.088518 
 1.638184 	 0.105127 
 1.640625 	 0.095932 
 1.643066 	 0.098145 
 1.645508 	 0.099943 
 1.647949 	 0.103251 
 1.650391 	 0.096856 
 1.652832 	 0.095451 
 1.655273 	 0.098880 
 1.657715 	 0.098696 
 1.660156 	 0.099140 
 1.662598 	 0.094263 
 1.665039 	 0.092482 
 1.667480 	 0.102943 
 1.669922 	 0.098278 
 1.672363 	 0.098400 
 1.674805 	 0.091884 
 1.677246 	 0.093732 
 1.679688 	 0.096551 
 1.682129 	 0.091469 
 1.684570 	 0.081791 
 1.687012 	 0.087160 
 1.689453 	 0.083662 
 1.691895 	 0.086287 
 1.694336 	 0.077743 
 1.696777 	 0.082709 
 1.699219 	 0.084871 
 1.701660 	 0.083441 
 1.704102 	 0.083890 
 1.706543 	 0.085893 
 1.708984 	 0.076864 
 1.711426 	 0.079736 
 1.713867 	 0.086050 
 1.716309 	 0.087679 
 1.718750 	 0.076838 
 1.721191 	 0.076441 
 1.723633 	 0.077368 
 1.726074 	 0.076610 
 1.728516 	 0.078690 
 1.730957 	 0.079951 
 1.733398 	 0.078087 
 1.735840 	 0.071489 
 1.738281 	 0.076052 
 1.740723 	 0.079584 
 1.743164 	 0.074285 
 1.745605 	 0.079159 
 1.748047 	 0.070481 
 1.750488 	 0.078929 
 1.752930 	 0.070325 
 1.755371 	 0.068987 
 1.757812 	 0.079550 
 1.760254 	 0.074503 
 1.762695 	 0.077853 
 1.765137 	 0.078352 
 1.767578 	 0.077744 
 1.770020 	 0.085416 
 1.772461 	 0.079198 
 1.774902 	 0.086302 
 1.777344 	 0.075026 
 1.779785 	 0.073858 
 1.782227 	 0.069881 
 1.784668 	 0.072634 
 1.787109 	 0.070568 
 1.789551 	 0.068125 
 1.791992 	 0.068629 
 1.794434 	 0.076563 
 1.796875 	 0.071005 
 1.799316 	 0.067314 
 1.801758 	 0.066423 
 1.804199 	 0.081618 
 1.806641 	 0.074451 
 1.809082 	 0.072134 
 1.811523 	 0.069366 
 1.813965 	 0.074339 
 1.816406 	 0.073097 
 1.818848 	 0.072871 
 1.821289 	 0.069319 
 1.823730 	 0.068134 
 1.826172 	 0.061443 
 1.828613 	 0.069694 
 1.831055 	 0.063443 
 1.833496 	 0.066847 
 1.835938 	 0.058125 
 1.838379 	 0.069745 
 1.840820 	 0.064793 
 1.843262 	 0.064878 
 1.845703 	 0.059001 
 1.848145 	 0.062380 
 1.850586 	 0.060805 
 1.853027 	 0.065942 
 1.855469 	 0.062455 
 1.857910 	 0.066989 
 1.860352 	 0.064460 
 1.862793 	 0.064125 
 1.865234 	 0.064042 
 1.867676 	 0.066707 
 1.870117 	 0.061675 
 1.872559 	 0.063385 
 1.875000 	 0.059532 
 1.877441 	 0.061638 
 1.879883 	 0.047707 
 1.882324 	 0.059987 
 1.884766 	 0.062023 
 1.887207 	 0.056945 
 1.889648 	 0.051077 
 1.892090 	 0.051971 
 1.894531 	 0.049733 
 1.896973 	 0.048756 
 1.899414 	 0.045582 
 1.901855 	 0.046338 
 1.904297 	 0.046797 
 1.906738 	 0.042608 
 1.909180 	 0.044510 
 1.911621 	 0.048336 
 1.914062 	 0.042145 
 1.916504 	 0.043593 
 1.918945 	 0.040469 
 1.921387 	 0.041370 
 1.923828 	 0.039679 
 1.926270 	 0.038610 
 1.928711 	 0.035598 
 1.931152 	 0.037641 
 1.933594 	 0.033630 
 1.936035 	 0.033326 
 1.938477 	 0.030037 
 1.940918 	 0.030945 
 1.943359 	 0.028305 
 1.945801 	 0.033720 
 1.948242 	 0.028211 
 1.950684 	 0.031709 
 1.953125 	 0.026979 
 1.955566 	 0.026705 
 1.958008 	 0.021936 
 1.960449 	 0.025060 
 1.962891 	 0.022001 
 1.965332 	 0.025577 
 1.967773 	 0.024191 
 1.970215 	 0.024221 
 1.972656 	 0.020979 
 1.975098 	 0.025470 
 1.977539 	 0.023916 
 1.979980 	 0.023604 
 1.982422 	 0.021209 
 1.984863 	 0.022344 
 1.987305 	 0.019086 
 1.989746 	 0.022304 
 1.992188 	 0.019580 
 1.994629 	 0.021474 
 1.997070 	 0.016888 
 1.999512 	 0.020235 
 2.001953 	 0.017411 
 2.004395 	 0.018461 
 2.006836 	 0.017612 
 2.009277 	 0.020028 
 2.011719 	 0.016099 
 2.014160 	 0.018217 
 2.016602 	 0.016232 
 2.019043 	 0.018016 
 2.021484 	 0.015991 
 2.023926 	 0.019395 
 2.026367 	 0.016163 
 2.028809 	 0.017225 
 2.031250 	 0.016097 
 2.033691 	 0.017456 
 2.036133 	 0.013812 
 2.038574 	 0.017581 
 2.041016 	 0.014410 
 2.043457 	 0.015179 
 2.045898 	 0.012253 
 2.048340 	 0.014591 
 2.050781 	 0.012362 
 2.053223 	 0.016373 
 2.055664 	 0.012446 
 2.058105 	 0.014664 
 2.060547 	 0.011949 
 2.062988 	 0.015436 
 2.065430 	 0.013039 
 2.067871 	 0.014333 
 2.070312 	 0.011242 
 2.072754 	 0.013358 
 2.075195 	 0.011421 
 2.077637 	 0.013273 
 2.080078 	 0.011890 
 2.082520 	 0.013585 
 2.084961 	 0.010656 
 2.087402 	 0.013478 
 2.089844 	 0.010928 
 2.092285 	 0.013389 
 2.094727 	 0.010739 
 2.097168 	 0.013025 
 2.099609 	 0.011355 
 2.102051 	 0.012783 
 2.104492 	 0.010254 
 2.106934 	 0.013289 
 2.109375 	 0.010012 
 2.111816 	 0.012511 
 2.114258 	 0.009832 
 2.116699 	 0.012355 
 2.119141 	 0.009556 
 2.121582 	 0.012957 
 2.124023 	 0.009752 
 2.126465 	 0.012147 
 2.128906 	 0.010060 
 2.131348 	 0.011776 
 2.133789 	 0.009630 
 2.136230 	 0.011040 
 2.138672 	 0.009308 
 2.141113 	 0.012324 
 2.143555 	 0.009004 
 2.145996 	 0.011286 
 2.148438 	 0.008951 
 2.150879 	 0.011098 
 2.153320 	 0.009307 
 2.155762 	 0.010954 
 2.158203 	 0.008970 
 2.160645 	 0.011325 
 2.163086 	 0.009214 
 2.165527 	 0.011581 
 2.167969 	 0.008566 
 2.170410 	 0.010511 
 2.172852 	 0.008276 
 2.175293 	 0.010526 
 2.177734 	 0.007642 
 2.180176 	 0.010713 
 2.182617 	 0.008097 
 2.185059 	 0.011001 
 2.187500 	 0.007385 
 2.189941 	 0.009998 
 2.192383 	 0.007729 
 2.194824 	 0.010295 
 2.197266 	 0.007762 
 2.199707 	 0.009792 
 2.202148 	 0.007467 
 2.204590 	 0.009936 
 2.207031 	 0.007194 
 2.209473 	 0.009632 
 2.211914 	 0.006751 
 2.214355 	 0.009651 
 2.216797 	 0.007198 
 2.219238 	 0.009413 
 2.221680 	 0.007463 
 2.224121 	 0.008816 
 2.226562 	 0.007202 
 2.229004 	 0.009170 
 2.231445 	 0.006819 
 2.233887 	 0.009363 
 2.236328 	 0.007457 
 2.238770 	 0.008763 
 2.241211 	 0.006795 
 2.243652 	 0.009281 
 2.246094 	 0.006731 
 2.248535 	 0.009312 
 2.250977 	 0.006994 
 2.253418 	 0.008910 
 2.255859 	 0.006970 
 2.258301 	 0.008682 
 2.260742 	 0.007094 
 2.263184 	 0.008872 
 2.265625 	 0.006246 
 2.268066 	 0.009009 
 2.270508 	 0.006568 
 2.272949 	 0.008987 
 2.275391 	 0.006839 
 2.277832 	 0.009417 
 2.280273 	 0.006205 
 2.282715 	 0.008483 
 2.285156 	 0.005699 
 2.287598 	 0.008298 
 2.290039 	 0.005801 
 2.292480 	 0.008441 
 2.294922 	 0.006328 
 2.297363 	 0.008230 
 2.299805 	 0.005807 
 2.302246 	 0.008123 
 2.304688 	 0.005764 
 2.307129 	 0.008135 
 2.309570 	 0.006067 
 2.312012 	 0.008225 
 2.314453 	 0.005914 
 2.316895 	 0.008361 
 2.319336 	 0.006144 
 2.321777 	 0.008372 
 2.324219 	 0.005760 
 2.326660 	 0.008644 
 2.329102 	 0.006110 
 2.331543 	 0.008163 
 2.333984 	 0.005562 
 2.336426 	 0.008038 
 2.338867 	 0.006128 
 2.341309 	 0.008093 
 2.343750 	 0.005576 
 2.346191 	 0.008404 
 2.348633 	 0.005554 
 2.351074 	 0.008075 
 2.353516 	 0.005254 
 2.355957 	 0.008534 
 2.358398 	 0.005374 
 2.360840 	 0.007747 
 2.363281 	 0.005791 
 2.365723 	 0.007594 
 2.368164 	 0.005781 
 2.370605 	 0.007556 
 2.373047 	 0.005297 
 2.375488 	 0.007898 
 2.377930 	 0.006103 
 2.380371 	 0.008025 
 2.382812 	 0.005919 
 2.385254 	 0.007619 
 2.387695 	 0.005359 
 2.390137 	 0.007355 
 2.392578 	 0.005003 
 2.395020 	 0.007786 
 2.397461 	 0.005516 
 2.399902 	 0.007769 
 2.402344 	 0.005491 
 2.404785 	 0.008086 
 2.407227 	 0.005628 
 2.409668 	 0.007814 
 2.412109 	 0.005961 
 2.414551 	 0.007966 
 2.416992 	 0.005532 
 2.419434 	 0.007480 
 2.421875 	 0.005523 
 2.424316 	 0.007655 
 2.426758 	 0.005391 
 2.429199 	 0.007887 
 2.431641 	 0.005026 
 2.434082 	 0.007705 
 2.436523 	 0.005302 
 2.438965 	 0.007664 
 2.441406 	 0.005656 
 2.443848 	 0.007850 
 2.446289 	 0.005479 
 2.448730 	 0.007619 
 2.451172 	 0.005481 
 2.453613 	 0.007900 
 2.456055 	 0.005148 
 2.458496 	 0.007627 
 2.460938 	 0.005616 
 2.463379 	 0.007944 
 2.465820 	 0.005430 
 2.468262 	 0.008003 
 2.470703 	 0.005405 
 2.473145 	 0.007655 
 2.475586 	 0.005449 
 2.478027 	 0.007500 
 2.480469 	 0.005272 
 2.482910 	 0.007706 
 2.485352 	 0.005453 
 2.487793 	 0.007750 
 2.490234 	 0.005181 
 2.492676 	 0.007764 
 2.495117 	 0.005630 
 2.497559 	 0.007789 
