 0.000000 	 0.220549 
 0.002441 	 1.158553 
 0.004883 	 0.610372 
 0.007324 	 0.161209 
 0.009766 	 0.084214 
 0.012207 	 0.048818 
 0.014648 	 0.034732 
 0.017090 	 0.023994 
 0.019531 	 0.019156 
 0.021973 	 0.014381 
 0.024414 	 0.012229 
 0.026855 	 0.009633 
 0.029297 	 0.008546 
 0.031738 	 0.006943 
 0.034180 	 0.006343 
 0.036621 	 0.005261 
 0.039062 	 0.004925 
 0.041504 	 0.004142 
 0.043945 	 0.003966 
 0.046387 	 0.003351 
 0.048828 	 0.003291 
 0.051270 	 0.002788 
 0.053711 	 0.002783 
 0.056152 	 0.002357 
 0.058594 	 0.002405 
 0.061035 	 0.002018 
 0.063477 	 0.002118 
 0.065918 	 0.001749 
 0.068359 	 0.001899 
 0.070801 	 0.001539 
 0.073242 	 0.001715 
 0.075684 	 0.001364 
 0.078125 	 0.001563 
 0.080566 	 0.001202 
 0.083008 	 0.001460 
 0.085449 	 0.001086 
 0.087891 	 0.001362 
 0.090332 	 0.000950 
 0.092773 	 0.001292 
 0.095215 	 0.000858 
 0.097656 	 0.001244 
 0.100098 	 0.000775 
 0.102539 	 0.001199 
 0.104980 	 0.000693 
 0.107422 	 0.001155 
 0.109863 	 0.000613 
 0.112305 	 0.001150 
 0.114746 	 0.000510 
 0.117188 	 0.001121 
 0.119629 	 0.000470 
 0.122070 	 0.001143 
 0.124512 	 0.000382 
 0.126953 	 0.001153 
 0.129395 	 0.000318 
 0.131836 	 0.001188 
 0.134277 	 0.000308 
 0.136719 	 0.001137 
 0.139160 	 0.000197 
 0.141602 	 0.001125 
 0.144043 	 0.000137 
 0.146484 	 0.001166 
 0.148926 	 0.000056 
 0.151367 	 0.001186 
 0.153809 	 0.000034 
 0.156250 	 0.001262 
 0.158691 	 0.000158 
 0.161133 	 0.001359 
 0.163574 	 0.000220 
 0.166016 	 0.001458 
 0.168457 	 0.000323 
 0.170898 	 0.001488 
 0.173340 	 0.000339 
 0.175781 	 0.001591 
 0.178223 	 0.000433 
 0.180664 	 0.001582 
 0.183105 	 0.000538 
 0.185547 	 0.001609 
 0.187988 	 0.000635 
 0.190430 	 0.001940 
 0.192871 	 0.000867 
 0.195312 	 0.002051 
 0.197754 	 0.000886 
 0.200195 	 0.002145 
 0.202637 	 0.001169 
 0.205078 	 0.002350 
 0.207520 	 0.001519 
 0.209961 	 0.002843 
 0.212402 	 0.001600 
 0.214844 	 0.003273 
 0.217285 	 0.001860 
 0.219727 	 0.003750 
 0.222168 	 0.002898 
 0.224609 	 0.004566 
 0.227051 	 0.003624 
 0.229492 	 0.005537 
 0.231934 	 0.004624 
 0.234375 	 0.008452 
 0.236816 	 0.007697 
 0.239258 	 0.010617 
 0.241699 	 0.013519 
 0.244141 	 0.018584 
 0.246582 	 0.026079 
 0.249023 	 0.030844 
 0.251465 	 0.051540 
 0.253906 	 0.056457 
 0.256348 	 0.075742 
 0.258789 	 0.081563 
 0.261230 	 0.063658 
 0.263672 	 0.051565 
 0.266113 	 0.027852 
 0.268555 	 0.023055 
 0.270996 	 0.020526 
 0.273438 	 0.016132 
 0.275879 	 0.018650 
 0.278320 	 0.024089 
 0.280762 	 0.020598 
 0.283203 	 0.028764 
 0.285645 	 0.026465 
 0.288086 	 0.027706 
 0.290527 	 0.026867 
 0.292969 	 0.031726 
 0.295410 	 0.031351 
 0.297852 	 0.059193 
 0.300293 	 0.076761 
 0.302734 	 0.074708 
 0.305176 	 0.084001 
 0.307617 	 0.044911 
 0.310059 	 0.021332 
 0.312500 	 0.025990 
 0.314941 	 0.016265 
 0.317383 	 0.012930 
 0.319824 	 0.010133 
 0.322266 	 0.008876 
 0.324707 	 0.006884 
 0.327148 	 0.008205 
 0.329590 	 0.005170 
 0.332031 	 0.007160 
 0.334473 	 0.004727 
 0.336914 	 0.006449 
 0.339355 	 0.004125 
 0.341797 	 0.005405 
 0.344238 	 0.004057 
 0.346680 	 0.005650 
 0.349121 	 0.003869 
 0.351562 	 0.005711 
 0.354004 	 0.003972 
 0.356445 	 0.005598 
 0.358887 	 0.003844 
 0.361328 	 0.005624 
 0.363770 	 0.003958 
 0.366211 	 0.005885 
 0.368652 	 0.004170 
 0.371094 	 0.006593 
 0.373535 	 0.004996 
 0.375977 	 0.006836 
 0.378418 	 0.006022 
 0.380859 	 0.007474 
 0.383301 	 0.005728 
 0.385742 	 0.008785 
 0.388184 	 0.007740 
 0.390625 	 0.010296 
 0.393066 	 0.009471 
 0.395508 	 0.011668 
 0.397949 	 0.009932 
 0.400391 	 0.015254 
 0.402832 	 0.014413 
 0.405273 	 0.018609 
 0.407715 	 0.016999 
 0.410156 	 0.026016 
 0.412598 	 0.025711 
 0.415039 	 0.041104 
 0.417480 	 0.053975 
 0.419922 	 0.054077 
 0.422363 	 0.055197 
 0.424805 	 0.099290 
 0.427246 	 0.090563 
 0.429688 	 0.083104 
 0.432129 	 0.105676 
 0.434570 	 0.100991 
 0.437012 	 0.082565 
 0.439453 	 0.085210 
 0.441895 	 0.069438 
 0.444336 	 0.050510 
 0.446777 	 0.048389 
 0.449219 	 0.037607 
 0.451660 	 0.031889 
 0.454102 	 0.030568 
 0.456543 	 0.029313 
 0.458984 	 0.027256 
 0.461426 	 0.027922 
 0.463867 	 0.028443 
 0.466309 	 0.033673 
 0.468750 	 0.035958 
 0.471191 	 0.037223 
 0.473633 	 0.042564 
 0.476074 	 0.045281 
 0.478516 	 0.051418 
 0.480957 	 0.060643 
 0.483398 	 0.066311 
 0.485840 	 0.076461 
 0.488281 	 0.097593 
 0.490723 	 0.098515 
 0.493164 	 0.131784 
 0.495605 	 0.119692 
 0.498047 	 0.121813 
 0.500488 	 0.128111 
 0.502930 	 0.102495 
 0.505371 	 0.090662 
 0.507812 	 0.092966 
 0.510254 	 0.076237 
 0.512695 	 0.075621 
 0.515137 	 0.090945 
 0.517578 	 0.086057 
 0.520020 	 0.081005 
 0.522461 	 0.071126 
 0.524902 	 0.074948 
 0.527344 	 0.064754 
 0.529785 	 0.063001 
 0.532227 	 0.060626 
 0.534668 	 0.058018 
 0.537109 	 0.051752 
 0.539551 	 0.046301 
 0.541992 	 0.052166 
 0.544434 	 0.053593 
 0.546875 	 0.049043 
 0.549316 	 0.054126 
 0.551758 	 0.054481 
 0.554199 	 0.051975 
 0.556641 	 0.056284 
 0.559082 	 0.068568 
 0.561523 	 0.065400 
 0.563965 	 0.085763 
 0.566406 	 0.091910 
 0.568848 	 0.104745 
 0.571289 	 0.116375 
 0.573730 	 0.103270 
 0.576172 	 0.101360 
 0.578613 	 0.104810 
 0.581055 	 0.097780 
 0.583496 	 0.119286 
 0.585938 	 0.129490 
 0.588379 	 0.133641 
 0.590820 	 0.154792 
 0.593262 	 0.124316 
 0.595703 	 0.136756 
 0.598145 	 0.142201 
 0.600586 	 0.133000 
 0.603027 	 0.145912 
 0.605469 	 0.111822 
 0.607910 	 0.099051 
 0.610352 	 0.085499 
 0.612793 	 0.085841 
 0.615234 	 0.073523 
 0.617676 	 0.061363 
 0.620117 	 0.064812 
 0.622559 	 0.068256 
 0.625000 	 0.064303 
 0.627441 	 0.065700 
 0.629883 	 0.078934 
 0.632324 	 0.082717 
 0.634766 	 0.080286 
 0.637207 	 0.086166 
 0.639648 	 0.086425 
 0.642090 	 0.092726 
 0.644531 	 0.083638 
 0.646973 	 0.076747 
 0.649414 	 0.090012 
 0.651855 	 0.096308 
 0.654297 	 0.083773 
 0.656738 	 0.094123 
 0.659180 	 0.088529 
 0.661621 	 0.096678 
 0.664062 	 0.087565 
 0.666504 	 0.092505 
 0.668945 	 0.092266 
 0.671387 	 0.094165 
 0.673828 	 0.096530 
 0.676270 	 0.098643 
 0.678711 	 0.093871 
 0.681152 	 0.106619 
 0.683594 	 0.099645 
 0.686035 	 0.122252 
 0.688477 	 0.118009 
 0.690918 	 0.123193 
 0.693359 	 0.134331 
 0.695801 	 0.145665 
 0.698242 	 0.136430 
 0.700684 	 0.153698 
 0.703125 	 0.168221 
 0.705566 	 0.176122 
 0.708008 	 0.193735 
 0.710449 	 0.175063 
 0.712891 	 0.168789 
 0.715332 	 0.159988 
 0.717773 	 0.147549 
 0.720215 	 0.138368 
 0.722656 	 0.134075 
 0.725098 	 0.126731 
 0.727539 	 0.117616 
 0.729980 	 0.114746 
 0.732422 	 0.116474 
 0.734863 	 0.125259 
 0.737305 	 0.117512 
 0.739746 	 0.124011 
 0.742188 	 0.127484 
 0.744629 	 0.118966 
 0.747070 	 0.131589 
 0.749512 	 0.123463 
 0.751953 	 0.121339 
 0.754395 	 0.119620 
 0.756836 	 0.107979 
 0.759277 	 0.109159 
 0.761719 	 0.102135 
 0.764160 	 0.103618 
 0.766602 	 0.107693 
 0.769043 	 0.113074 
 0.771484 	 0.128330 
 0.773926 	 0.139648 
 0.776367 	 0.146622 
 0.778809 	 0.152079 
 0.781250 	 0.159055 
 0.783691 	 0.157630 
 0.786133 	 0.155853 
 0.788574 	 0.159653 
 0.791016 	 0.160132 
 0.793457 	 0.156970 
 0.795898 	 0.136493 
 0.798340 	 0.129254 
 0.800781 	 0.118701 
 0.803223 	 0.118578 
 0.805664 	 0.105867 
 0.808105 	 0.103381 
 0.810547 	 0.101735 
 0.812988 	 0.101576 
 0.815430 	 0.099412 
 0.817871 	 0.093563 
 0.820312 	 0.103061 
 0.822754 	 0.093815 
 0.825195 	 0.083945 
 0.827637 	 0.096683 
 0.830078 	 0.085676 
 0.832520 	 0.087651 
 0.834961 	 0.075056 
 0.837402 	 0.069732 
 0.839844 	 0.065340 
 0.842285 	 0.065439 
 0.844727 	 0.063411 
 0.847168 	 0.061094 
 0.849609 	 0.061451 
 0.852051 	 0.064135 
 0.854492 	 0.063442 
 0.856934 	 0.063659 
 0.859375 	 0.076550 
 0.861816 	 0.087480 
 0.864258 	 0.086049 
 0.866699 	 0.084370 
 0.869141 	 0.081018 
 0.871582 	 0.089321 
 0.874023 	 0.091954 
 0.876465 	 0.107787 
 0.878906 	 0.120261 
 0.881348 	 0.134845 
 0.883789 	 0.140758 
 0.886230 	 0.145217 
 0.888672 	 0.167023 
 0.891113 	 0.162205 
 0.893555 	 0.169811 
 0.895996 	 0.161058 
 0.898438 	 0.140299 
 0.900879 	 0.132988 
 0.903320 	 0.140922 
 0.905762 	 0.142013 
 0.908203 	 0.142246 
 0.910645 	 0.138285 
 0.913086 	 0.132153 
 0.915527 	 0.149308 
 0.917969 	 0.136544 
 0.920410 	 0.124163 
 0.922852 	 0.124696 
 0.925293 	 0.124821 
 0.927734 	 0.136229 
 0.930176 	 0.146767 
 0.932617 	 0.143030 
 0.935059 	 0.158484 
 0.937500 	 0.161529 
 0.939941 	 0.179548 
 0.942383 	 0.183685 
 0.944824 	 0.188687 
 0.947266 	 0.169730 
 0.949707 	 0.169831 
 0.952148 	 0.156991 
 0.954590 	 0.138653 
 0.957031 	 0.135551 
 0.959473 	 0.126244 
 0.961914 	 0.118301 
 0.964355 	 0.114465 
 0.966797 	 0.102778 
 0.969238 	 0.095700 
 0.971680 	 0.096244 
 0.974121 	 0.088962 
 0.976562 	 0.097716 
 0.979004 	 0.090017 
 0.981445 	 0.091981 
 0.983887 	 0.084844 
 0.986328 	 0.076494 
 0.988770 	 0.078792 
 0.991211 	 0.077898 
 0.993652 	 0.075290 
 0.996094 	 0.075039 
 0.998535 	 0.070426 
 1.000977 	 0.072867 
 1.003418 	 0.067456 
 1.005859 	 0.065467 
 1.008301 	 0.063619 
 1.010742 	 0.059034 
 1.013184 	 0.058978 
 1.015625 	 0.057292 
 1.018066 	 0.054979 
 1.020508 	 0.054538 
 1.022949 	 0.054618 
 1.025391 	 0.053392 
 1.027832 	 0.057841 
 1.030273 	 0.054911 
 1.032715 	 0.058402 
 1.035156 	 0.060929 
 1.037598 	 0.057643 
 1.040039 	 0.059534 
 1.042480 	 0.058072 
 1.044922 	 0.056275 
 1.047363 	 0.060590 
 1.049805 	 0.063287 
 1.052246 	 0.072968 
 1.054688 	 0.075364 
 1.057129 	 0.081699 
 1.059570 	 0.080528 
 1.062012 	 0.090036 
 1.064453 	 0.081652 
 1.066895 	 0.078283 
 1.069336 	 0.074125 
 1.071777 	 0.073725 
 1.074219 	 0.071275 
 1.076660 	 0.075075 
 1.079102 	 0.084623 
 1.081543 	 0.091479 
 1.083984 	 0.088203 
 1.086426 	 0.101257 
 1.088867 	 0.091422 
 1.091309 	 0.107315 
 1.093750 	 0.112008 
 1.096191 	 0.122485 
 1.098633 	 0.119266 
 1.101074 	 0.147096 
 1.103516 	 0.145320 
 1.105957 	 0.120825 
 1.108398 	 0.157807 
 1.110840 	 0.135248 
 1.113281 	 0.140130 
 1.115723 	 0.147667 
 1.118164 	 0.142280 
 1.120605 	 0.158308 
 1.123047 	 0.125318 
 1.125488 	 0.124844 
 1.127930 	 0.131117 
 1.130371 	 0.103512 
 1.132812 	 0.112311 
 1.135254 	 0.099704 
 1.137695 	 0.092937 
 1.140137 	 0.102377 
 1.142578 	 0.099524 
 1.145020 	 0.091488 
 1.147461 	 0.091600 
 1.149902 	 0.085876 
 1.152344 	 0.086187 
 1.154785 	 0.085769 
 1.157227 	 0.093519 
 1.159668 	 0.088046 
 1.162109 	 0.095797 
 1.164551 	 0.102517 
 1.166992 	 0.108785 
 1.169434 	 0.122091 
 1.171875 	 0.132045 
 1.174316 	 0.144233 
 1.176758 	 0.141078 
 1.179199 	 0.130039 
 1.181641 	 0.137397 
 1.184082 	 0.120197 
 1.186523 	 0.119805 
 1.188965 	 0.125046 
 1.191406 	 0.113103 
 1.193848 	 0.114469 
 1.196289 	 0.110084 
 1.198730 	 0.102199 
 1.201172 	 0.104281 
 1.203613 	 0.095472 
 1.206055 	 0.088902 
 1.208496 	 0.089941 
 1.210938 	 0.077703 
 1.213379 	 0.089120 
 1.215820 	 0.083939 
 1.218262 	 0.083972 
 1.220703 	 0.086028 
 1.223145 	 0.083864 
 1.225586 	 0.084005 
 1.228027 	 0.086224 
 1.230469 	 0.087132 
 1.232910 	 0.083833 
 1.235352 	 0.089068 
 1.237793 	 0.085374 
 1.240234 	 0.097550 
 1.242676 	 0.090603 
 1.245117 	 0.084397 
 1.247559 	 0.078361 
 1.250000 	 0.074008 
 1.252441 	 0.069003 
 1.254883 	 0.072066 
 1.257324 	 0.070669 
 1.259766 	 0.071359 
 1.262207 	 0.069698 
 1.264648 	 0.068334 
 1.267090 	 0.067581 
 1.269531 	 0.070170 
 1.271973 	 0.067992 
 1.274414 	 0.065314 
 1.276855 	 0.065984 
 1.279297 	 0.063810 
 1.281738 	 0.071608 
 1.284180 	 0.070193 
 1.286621 	 0.071180 
 1.289062 	 0.075205 
 1.291504 	 0.074087 
 1.293945 	 0.071168 
 1.296387 	 0.073327 
 1.298828 	 0.077437 
 1.301270 	 0.084183 
 1.303711 	 0.077371 
 1.306152 	 0.083840 
 1.308594 	 0.085946 
 1.311035 	 0.084162 
 1.313477 	 0.079828 
 1.315918 	 0.084063 
 1.318359 	 0.096680 
 1.320801 	 0.106356 
 1.323242 	 0.098400 
 1.325684 	 0.105374 
 1.328125 	 0.102947 
 1.330566 	 0.090867 
 1.333008 	 0.093416 
 1.335449 	 0.093399 
 1.337891 	 0.092302 
 1.340332 	 0.093292 
 1.342773 	 0.095271 
 1.345215 	 0.088687 
 1.347656 	 0.086652 
 1.350098 	 0.080040 
 1.352539 	 0.091579 
 1.354980 	 0.084539 
 1.357422 	 0.075747 
 1.359863 	 0.086696 
 1.362305 	 0.083934 
 1.364746 	 0.077336 
 1.367188 	 0.072476 
 1.369629 	 0.068143 
 1.372070 	 0.071084 
 1.374512 	 0.074034 
 1.376953 	 0.073506 
 1.379395 	 0.074569 
 1.381836 	 0.072608 
 1.384277 	 0.067247 
 1.386719 	 0.066892 
 1.389160 	 0.068274 
 1.391602 	 0.062675 
 1.394043 	 0.062907 
 1.396484 	 0.061284 
 1.398926 	 0.058635 
 1.401367 	 0.059720 
 1.403809 	 0.059910 
 1.406250 	 0.057612 
 1.408691 	 0.063886 
 1.411133 	 0.056286 
 1.413574 	 0.062962 
 1.416016 	 0.063879 
 1.418457 	 0.055692 
 1.420898 	 0.064602 
 1.423340 	 0.057510 
 1.425781 	 0.054856 
 1.428223 	 0.062515 
 1.430664 	 0.063090 
 1.433105 	 0.060909 
 1.435547 	 0.065417 
 1.437988 	 0.064200 
 1.440430 	 0.064374 
 1.442871 	 0.065077 
 1.445312 	 0.062704 
 1.447754 	 0.061462 
 1.450195 	 0.070297 
 1.452637 	 0.062970 
 1.455078 	 0.064934 
 1.457520 	 0.069740 
 1.459961 	 0.064194 
 1.462402 	 0.069829 
 1.464844 	 0.064935 
 1.467285 	 0.069288 
 1.469727 	 0.075021 
 1.472168 	 0.068164 
 1.474609 	 0.068200 
 1.477051 	 0.075512 
 1.479492 	 0.070752 
 1.481934 	 0.072137 
 1.484375 	 0.066240 
 1.486816 	 0.067807 
 1.489258 	 0.068072 
 1.491699 	 0.063573 
 1.494141 	 0.067635 
 1.496582 	 0.065738 
 1.499023 	 0.065827 
 1.501465 	 0.066950 
 1.503906 	 0.066114 
 1.506348 	 0.068092 
 1.508789 	 0.063054 
 1.511230 	 0.071328 
 1.513672 	 0.066062 
 1.516113 	 0.065618 
 1.518555 	 0.072295 
 1.520996 	 0.068147 
 1.523438 	 0.067815 
 1.525879 	 0.075921 
 1.528320 	 0.074971 
 1.530762 	 0.067989 
 1.533203 	 0.065939 
 1.535645 	 0.074807 
 1.538086 	 0.072397 
 1.540527 	 0.075952 
 1.542969 	 0.079201 
 1.545410 	 0.073304 
 1.547852 	 0.070828 
 1.550293 	 0.072361 
 1.552734 	 0.074447 
 1.555176 	 0.075350 
 1.557617 	 0.078465 
 1.560059 	 0.070151 
 1.562500 	 0.073495 
 1.564941 	 0.083438 
 1.567383 	 0.075741 
 1.569824 	 0.089458 
 1.572266 	 0.083502 
 1.574707 	 0.087480 
 1.577148 	 0.091423 
 1.579590 	 0.086792 
 1.582031 	 0.086052 
 1.584473 	 0.088743 
 1.586914 	 0.087883 
 1.589355 	 0.082358 
 1.591797 	 0.083634 
 1.594238 	 0.075670 
 1.596680 	 0.081114 
 1.599121 	 0.078910 
 1.601562 	 0.081620 
 1.604004 	 0.077583 
 1.606445 	 0.076723 
 1.608887 	 0.080454 
 1.611328 	 0.081180 
 1.613770 	 0.075901 
 1.616211 	 0.081650 
 1.618652 	 0.071897 
 1.621094 	 0.075154 
 1.623535 	 0.074951 
 1.625977 	 0.077781 
 1.628418 	 0.080537 
 1.630859 	 0.076079 
 1.633301 	 0.072418 
 1.635742 	 0.069014 
 1.638184 	 0.069750 
 1.640625 	 0.070256 
 1.643066 	 0.067193 
 1.645508 	 0.069275 
 1.647949 	 0.065892 
 1.650391 	 0.067135 
 1.652832 	 0.066632 
 1.655273 	 0.066321 
 1.657715 	 0.061023 
 1.660156 	 0.061355 
 1.662598 	 0.066942 
 1.665039 	 0.061369 
 1.667480 	 0.064224 
 1.669922 	 0.063580 
 1.672363 	 0.064914 
 1.674805 	 0.068273 
 1.677246 	 0.063205 
 1.679688 	 0.062232 
 1.682129 	 0.066699 
 1.684570 	 0.072717 
 1.687012 	 0.067212 
 1.689453 	 0.074678 
 1.691895 	 0.070346 
 1.694336 	 0.068699 
 1.696777 	 0.073746 
 1.699219 	 0.071291 
 1.701660 	 0.067712 
 1.704102 	 0.065905 
 1.706543 	 0.062700 
 1.708984 	 0.059709 
 1.711426 	 0.057576 
 1.713867 	 0.056561 
 1.716309 	 0.054300 
 1.718750 	 0.052113 
 1.721191 	 0.051367 
 1.723633 	 0.049426 
 1.726074 	 0.044932 
 1.728516 	 0.045307 
 1.730957 	 0.047162 
 1.733398 	 0.045117 
 1.735840 	 0.043560 
 1.738281 	 0.044444 
 1.740723 	 0.044952 
 1.743164 	 0.045379 
 1.745605 	 0.042600 
 1.748047 	 0.042043 
 1.750488 	 0.043532 
 1.752930 	 0.041443 
 1.755371 	 0.047078 
 1.757812 	 0.044223 
 1.760254 	 0.044196 
 1.762695 	 0.045647 
 1.765137 	 0.044953 
 1.767578 	 0.041089 
 1.770020 	 0.045094 
 1.772461 	 0.041402 
 1.774902 	 0.047498 
 1.777344 	 0.046224 
 1.779785 	 0.051803 
 1.782227 	 0.051849 
 1.784668 	 0.051440 
 1.787109 	 0.050583 
 1.789551 	 0.052799 
 1.791992 	 0.044946 
 1.794434 	 0.052538 
 1.796875 	 0.053565 
 1.799316 	 0.053398 
 1.801758 	 0.054710 
 1.804199 	 0.054067 
 1.806641 	 0.049493 
 1.809082 	 0.054443 
 1.811523 	 0.056023 
 1.813965 	 0.053212 
 1.816406 	 0.053218 
 1.818848 	 0.052268 
 1.821289 	 0.050667 
 1.823730 	 0.053321 
 1.826172 	 0.050975 
 1.828613 	 0.050328 
 1.831055 	 0.047755 
 1.833496 	 0.052007 
 1.835938 	 0.047764 
 1.838379 	 0.048361 
 1.840820 	 0.050491 
 1.843262 	 0.049935 
 1.845703 	 0.049959 
 1.848145 	 0.045953 
 1.850586 	 0.044275 
 1.853027 	 0.044052 
 1.855469 	 0.042317 
 1.857910 	 0.042480 
 1.860352 	 0.044015 
 1.862793 	 0.047247 
 1.865234 	 0.040192 
 1.867676 	 0.041881 
 1.870117 	 0.046622 
 1.872559 	 0.038739 
 1.875000 	 0.042824 
 1.877441 	 0.045480 
 1.879883 	 0.040767 
 1.882324 	 0.043523 
 1.884766 	 0.042699 
 1.887207 	 0.048564 
 1.889648 	 0.043705 
 1.892090 	 0.052719 
 1.894531 	 0.045389 
 1.896973 	 0.041543 
 1.899414 	 0.043618 
 1.901855 	 0.041745 
 1.904297 	 0.040092 
 1.906738 	 0.037991 
 1.909180 	 0.034607 
 1.911621 	 0.036092 
 1.914062 	 0.033506 
 1.916504 	 0.029519 
 1.918945 	 0.033478 
 1.921387 	 0.026050 
 1.923828 	 0.026912 
 1.926270 	 0.025945 
 1.928711 	 0.024518 
 1.931152 	 0.024340 
 1.933594 	 0.023531 
 1.936035 	 0.022408 
 1.938477 	 0.022167 
 1.940918 	 0.021486 
 1.943359 	 0.019864 
 1.945801 	 0.022541 
 1.948242 	 0.019961 
 1.950684 	 0.017010 
 1.953125 	 0.018034 
 1.955566 	 0.014909 
 1.958008 	 0.015649 
 1.960449 	 0.015443 
 1.962891 	 0.014004 
 1.965332 	 0.015724 
 1.967773 	 0.013299 
 1.970215 	 0.013793 
 1.972656 	 0.014996 
 1.975098 	 0.013678 
 1.977539 	 0.013883 
 1.979980 	 0.012052 
 1.982422 	 0.011568 
 1.984863 	 0.011731 
 1.987305 	 0.010657 
 1.989746 	 0.010629 
 1.992188 	 0.010343 
 1.994629 	 0.010851 
 1.997070 	 0.010585 
 1.999512 	 0.010226 
 2.001953 	 0.009775 
 2.004395 	 0.010318 
 2.006836 	 0.009625 
 2.009277 	 0.009545 
 2.011719 	 0.009246 
 2.014160 	 0.007651 
 2.016602 	 0.008759 
 2.019043 	 0.008248 
 2.021484 	 0.008207 
 2.023926 	 0.008439 
 2.026367 	 0.007882 
 2.028809 	 0.007860 
 2.031250 	 0.007481 
 2.033691 	 0.007664 
 2.036133 	 0.008755 
 2.038574 	 0.007995 
 2.041016 	 0.008056 
 2.043457 	 0.007415 
 2.045898 	 0.007208 
 2.048340 	 0.007502 
 2.050781 	 0.007215 
 2.053223 	 0.007027 
 2.055664 	 0.006756 
 2.058105 	 0.006511 
 2.060547 	 0.006510 
 2.062988 	 0.006927 
 2.065430 	 0.006734 
 2.067871 	 0.006766 
 2.070312 	 0.006507 
 2.072754 	 0.006375 
 2.075195 	 0.006630 
 2.077637 	 0.006443 
 2.080078 	 0.006560 
 2.082520 	 0.006075 
 2.084961 	 0.006409 
 2.087402 	 0.006034 
 2.089844 	 0.006891 
 2.092285 	 0.006188 
 2.094727 	 0.005569 
 2.097168 	 0.005934 
 2.099609 	 0.005538 
 2.102051 	 0.005525 
 2.104492 	 0.005405 
 2.106934 	 0.004989 
 2.109375 	 0.005557 
 2.111816 	 0.005054 
 2.114258 	 0.005367 
 2.116699 	 0.005306 
 2.119141 	 0.005275 
 2.121582 	 0.005187 
 2.124023 	 0.005381 
 2.126465 	 0.004979 
 2.128906 	 0.004924 
 2.131348 	 0.005059 
 2.133789 	 0.004847 
 2.136230 	 0.005027 
 2.138672 	 0.004793 
 2.141113 	 0.005117 
 2.143555 	 0.005131 
 2.145996 	 0.004950 
 2.148438 	 0.004481 
 2.150879 	 0.004515 
 2.153320 	 0.004713 
 2.155762 	 0.004305 
 2.158203 	 0.004456 
 2.160645 	 0.004429 
 2.163086 	 0.004652 
 2.165527 	 0.004251 
 2.167969 	 0.004384 
 2.170410 	 0.004360 
 2.172852 	 0.004203 
 2.175293 	 0.004131 
 2.177734 	 0.004304 
 2.180176 	 0.004264 
 2.182617 	 0.003975 
 2.185059 	 0.004119 
 2.187500 	 0.004028 
 2.189941 	 0.004074 
 2.192383 	 0.004296 
 2.194824 	 0.004002 
 2.197266 	 0.004214 
 2.199707 	 0.003772 
 2.202148 	 0.004051 
 2.204590 	 0.003737 
 2.207031 	 0.004190 
 2.209473 	 0.003936 
 2.211914 	 0.003769 
 2.214355 	 0.003887 
 2.216797 	 0.003989 
 2.219238 	 0.003781 
 2.221680 	 0.003677 
 2.224121 	 0.003992 
 2.226562 	 0.003706 
 2.229004 	 0.003950 
 2.231445 	 0.003695 
 2.233887 	 0.003588 
 2.236328 	 0.003891 
 2.238770 	 0.003497 
 2.241211 	 0.003630 
 2.243652 	 0.003693 
 2.246094 	 0.003383 
 2.248535 	 0.003729 
 2.250977 	 0.003410 
 2.253418 	 0.003593 
 2.255859 	 0.003356 
 2.258301 	 0.003336 
 2.260742 	 0.003406 
 2.263184 	 0.003637 
 2.265625 	 0.003431 
 2.268066 	 0.003450 
 2.270508 	 0.003295 
 2.272949 	 0.003483 
 2.275391 	 0.003381 
 2.277832 	 0.003640 
 2.280273 	 0.003397 
 2.282715 	 0.003492 
 2.285156 	 0.003516 
 2.287598 	 0.003786 
 2.290039 	 0.003385 
 2.292480 	 0.003397 
 2.294922 	 0.003662 
 2.297363 	 0.003439 
 2.299805 	 0.003496 
 2.302246 	 0.003438 
 2.304688 	 0.003299 
 2.307129 	 0.003397 
 2.309570 	 0.003425 
 2.312012 	 0.003417 
 2.314453 	 0.003129 
 2.316895 	 0.003344 
 2.319336 	 0.003220 
 2.321777 	 0.003160 
 2.324219 	 0.003064 
 2.326660 	 0.003110 
 2.329102 	 0.002948 
 2.331543 	 0.003030 
 2.333984 	 0.003116 
 2.336426 	 0.003207 
 2.338867 	 0.003225 
 2.341309 	 0.003207 
 2.343750 	 0.003082 
 2.346191 	 0.003270 
 2.348633 	 0.003249 
 2.351074 	 0.003049 
 2.353516 	 0.003211 
 2.355957 	 0.003248 
 2.358398 	 0.003082 
 2.360840 	 0.003075 
 2.363281 	 0.003258 
 2.365723 	 0.002845 
 2.368164 	 0.003115 
 2.370605 	 0.003141 
 2.373047 	 0.003060 
 2.375488 	 0.002949 
 2.377930 	 0.003131 
 2.380371 	 0.002849 
 2.382812 	 0.003068 
 2.385254 	 0.002959 
 2.387695 	 0.003070 
 2.390137 	 0.003179 
 2.392578 	 0.002949 
 2.395020 	 0.003162 
 2.397461 	 0.003075 
 2.399902 	 0.002977 
 2.402344 	 0.003087 
 2.404785 	 0.003086 
 2.407227 	 0.003000 
 2.409668 	 0.002986 
 2.412109 	 0.003050 
 2.414551 	 0.002803 
 2.416992 	 0.003061 
 2.419434 	 0.002990 
 2.421875 	 0.003232 
 2.424316 	 0.003164 
 2.426758 	 0.002925 
 2.429199 	 0.003133 
 2.431641 	 0.003046 
 2.434082 	 0.002804 
 2.436523 	 0.003101 
 2.438965 	 0.002980 
 2.441406 	 0.002920 
 2.443848 	 0.003131 
 2.446289 	 0.003023 
 2.448730 	 0.002932 
 2.451172 	 0.002955 
 2.453613 	 0.003068 
 2.456055 	 0.003022 
 2.458496 	 0.002916 
 2.460938 	 0.002966 
 2.463379 	 0.003232 
 2.465820 	 0.003116 
 2.468262 	 0.002862 
 2.470703 	 0.003134 
 2.473145 	 0.003143 
 2.475586 	 0.003136 
 2.478027 	 0.003072 
 2.480469 	 0.003228 
 2.482910 	 0.002926 
 2.485352 	 0.003293 
 2.487793 	 0.003057 
 2.490234 	 0.002981 
 2.492676 	 0.002976 
 2.495117 	 0.003163 
 2.497559 	 0.003036 
