 0.000000 	 0.927103 
 0.002441 	 0.064581 
 0.004883 	 0.003213 
 0.007324 	 0.006537 
 0.009766 	 0.001016 
 0.012207 	 0.002565 
 0.014648 	 0.000525 
 0.017090 	 0.001310 
 0.019531 	 0.000342 
 0.021973 	 0.000839 
 0.024414 	 0.000295 
 0.026855 	 0.000591 
 0.029297 	 0.000259 
 0.031738 	 0.000442 
 0.034180 	 0.000229 
 0.036621 	 0.000354 
 0.039062 	 0.000215 
 0.041504 	 0.000306 
 0.043945 	 0.000194 
 0.046387 	 0.000264 
 0.048828 	 0.000177 
 0.051270 	 0.000243 
 0.053711 	 0.000169 
 0.056152 	 0.000221 
 0.058594 	 0.000157 
 0.061035 	 0.000205 
 0.063477 	 0.000153 
 0.065918 	 0.000191 
 0.068359 	 0.000147 
 0.070801 	 0.000177 
 0.073242 	 0.000144 
 0.075684 	 0.000168 
 0.078125 	 0.000139 
 0.080566 	 0.000157 
 0.083008 	 0.000134 
 0.085449 	 0.000152 
 0.087891 	 0.000129 
 0.090332 	 0.000145 
 0.092773 	 0.000123 
 0.095215 	 0.000139 
 0.097656 	 0.000118 
 0.100098 	 0.000136 
 0.102539 	 0.000112 
 0.104980 	 0.000132 
 0.107422 	 0.000105 
 0.109863 	 0.000128 
 0.112305 	 0.000101 
 0.114746 	 0.000122 
 0.117188 	 0.000097 
 0.119629 	 0.000115 
 0.122070 	 0.000091 
 0.124512 	 0.000111 
 0.126953 	 0.000084 
 0.129395 	 0.000107 
 0.131836 	 0.000077 
 0.134277 	 0.000103 
 0.136719 	 0.000065 
 0.139160 	 0.000098 
 0.141602 	 0.000063 
 0.144043 	 0.000089 
 0.146484 	 0.000054 
 0.148926 	 0.000083 
 0.151367 	 0.000051 
 0.153809 	 0.000077 
 0.156250 	 0.000041 
 0.158691 	 0.000071 
 0.161133 	 0.000030 
 0.163574 	 0.000065 
 0.166016 	 0.000019 
 0.168457 	 0.000061 
 0.170898 	 0.000005 
 0.173340 	 0.000049 
 0.175781 	 0.000005 
 0.178223 	 0.000047 
 0.180664 	 0.000026 
 0.183105 	 0.000036 
 0.185547 	 0.000030 
 0.187988 	 0.000023 
 0.190430 	 0.000045 
 0.192871 	 0.000014 
 0.195312 	 0.000071 
 0.197754 	 0.000003 
 0.200195 	 0.000082 
 0.202637 	 0.000024 
 0.205078 	 0.000110 
 0.207520 	 0.000023 
 0.209961 	 0.000129 
 0.212402 	 0.000039 
 0.214844 	 0.000173 
 0.217285 	 0.000066 
 0.219727 	 0.000202 
 0.222168 	 0.000085 
 0.224609 	 0.000224 
 0.227051 	 0.000101 
 0.229492 	 0.000311 
 0.231934 	 0.000150 
 0.234375 	 0.000323 
 0.236816 	 0.000177 
 0.239258 	 0.000413 
 0.241699 	 0.000161 
 0.244141 	 0.000557 
 0.246582 	 0.000257 
 0.249023 	 0.000647 
 0.251465 	 0.000359 
 0.253906 	 0.000855 
 0.256348 	 0.000444 
 0.258789 	 0.001359 
 0.261230 	 0.000424 
 0.263672 	 0.001729 
 0.266113 	 0.000638 
 0.268555 	 0.005350 
 0.270996 	 0.005650 
 0.273438 	 0.044874 
 0.275879 	 0.036520 
 0.278320 	 0.000644 
 0.280762 	 0.004020 
 0.283203 	 0.000394 
 0.285645 	 0.002164 
 0.288086 	 0.000243 
 0.290527 	 0.001235 
 0.292969 	 0.000112 
 0.295410 	 0.000752 
 0.297852 	 0.000195 
 0.300293 	 0.000937 
 0.302734 	 0.000528 
 0.305176 	 0.000751 
 0.307617 	 0.002734 
 0.310059 	 0.009640 
 0.312500 	 0.012706 
 0.314941 	 0.005171 
 0.317383 	 0.034715 
 0.319824 	 0.055953 
 0.322266 	 0.005130 
 0.324707 	 0.003476 
 0.327148 	 0.000459 
 0.329590 	 0.001864 
 0.332031 	 0.000606 
 0.334473 	 0.001326 
 0.336914 	 0.000495 
 0.339355 	 0.001167 
 0.341797 	 0.000462 
 0.344238 	 0.000971 
 0.346680 	 0.000428 
 0.349121 	 0.000919 
 0.351562 	 0.000274 
 0.354004 	 0.000818 
 0.356445 	 0.000350 
 0.358887 	 0.000672 
 0.361328 	 0.000306 
 0.363770 	 0.000666 
 0.366211 	 0.000271 
 0.368652 	 0.000618 
 0.371094 	 0.000210 
 0.373535 	 0.000553 
 0.375977 	 0.000195 
 0.378418 	 0.000506 
 0.380859 	 0.000157 
 0.383301 	 0.000478 
 0.385742 	 0.000104 
 0.388184 	 0.000424 
 0.390625 	 0.000062 
 0.393066 	 0.000419 
 0.395508 	 0.000013 
 0.397949 	 0.000420 
 0.400391 	 0.000101 
 0.402832 	 0.000386 
 0.405273 	 0.000283 
 0.407715 	 0.000441 
 0.410156 	 0.000531 
 0.412598 	 0.000519 
 0.415039 	 0.000663 
 0.417480 	 0.000375 
 0.419922 	 0.000741 
 0.422363 	 0.000479 
 0.424805 	 0.000970 
 0.427246 	 0.000477 
 0.429688 	 0.001933 
 0.432129 	 0.001029 
 0.434570 	 0.002458 
 0.437012 	 0.004178 
 0.439453 	 0.006652 
 0.441895 	 0.008978 
 0.444336 	 0.031081 
 0.446777 	 0.008252 
 0.449219 	 0.013604 
 0.451660 	 0.007698 
 0.454102 	 0.079429 
 0.456543 	 0.071699 
 0.458984 	 0.001190 
 0.461426 	 0.008165 
 0.463867 	 0.002253 
 0.466309 	 0.005131 
 0.468750 	 0.001905 
 0.471191 	 0.003777 
 0.473633 	 0.001538 
 0.476074 	 0.003071 
 0.478516 	 0.001243 
 0.480957 	 0.002748 
 0.483398 	 0.000961 
 0.485840 	 0.002694 
 0.488281 	 0.000890 
 0.490723 	 0.003046 
 0.493164 	 0.000217 
 0.495605 	 0.003865 
 0.498047 	 0.000380 
 0.500488 	 0.004618 
 0.502930 	 0.001164 
 0.505371 	 0.007894 
 0.507812 	 0.005283 
 0.510254 	 0.039429 
 0.512695 	 0.048765 
 0.515137 	 0.064886 
 0.517578 	 0.064221 
 0.520020 	 0.021704 
 0.522461 	 0.008069 
 0.524902 	 0.006064 
 0.527344 	 0.004708 
 0.529785 	 0.005874 
 0.532227 	 0.004504 
 0.534668 	 0.012027 
 0.537109 	 0.017829 
 0.539551 	 0.027698 
 0.541992 	 0.025848 
 0.544434 	 0.018210 
 0.546875 	 0.012629 
 0.549316 	 0.011068 
 0.551758 	 0.013797 
 0.554199 	 0.023714 
 0.556641 	 0.016565 
 0.559082 	 0.008887 
 0.561523 	 0.008111 
 0.563965 	 0.004078 
 0.566406 	 0.004001 
 0.568848 	 0.002724 
 0.571289 	 0.003438 
 0.573730 	 0.003214 
 0.576172 	 0.005385 
 0.578613 	 0.004881 
 0.581055 	 0.007659 
 0.583496 	 0.012280 
 0.585938 	 0.009030 
 0.588379 	 0.015584 
 0.590820 	 0.040575 
 0.593262 	 0.040287 
 0.595703 	 0.010957 
 0.598145 	 0.008318 
 0.600586 	 0.004983 
 0.603027 	 0.007822 
 0.605469 	 0.006465 
 0.607910 	 0.007981 
 0.610352 	 0.014098 
 0.612793 	 0.028973 
 0.615234 	 0.053938 
 0.617676 	 0.069368 
 0.620117 	 0.044037 
 0.622559 	 0.036520 
 0.625000 	 0.105527 
 0.627441 	 0.045594 
 0.629883 	 0.007865 
 0.632324 	 0.010902 
 0.634766 	 0.001597 
 0.637207 	 0.004892 
 0.639648 	 0.001719 
 0.642090 	 0.003990 
 0.644531 	 0.001290 
 0.646973 	 0.003207 
 0.649414 	 0.002071 
 0.651855 	 0.003612 
 0.654297 	 0.003378 
 0.656738 	 0.005157 
 0.659180 	 0.009723 
 0.661621 	 0.012146 
 0.664062 	 0.030970 
 0.666504 	 0.032836 
 0.668945 	 0.011984 
 0.671387 	 0.013062 
 0.673828 	 0.005223 
 0.676270 	 0.010098 
 0.678711 	 0.004931 
 0.681152 	 0.014181 
 0.683594 	 0.021622 
 0.686035 	 0.017555 
 0.688477 	 0.010251 
 0.690918 	 0.014182 
 0.693359 	 0.015079 
 0.695801 	 0.017942 
 0.698242 	 0.044542 
 0.700684 	 0.043600 
 0.703125 	 0.013020 
 0.705566 	 0.013613 
 0.708008 	 0.004913 
 0.710449 	 0.008749 
 0.712891 	 0.002947 
 0.715332 	 0.010930 
 0.717773 	 0.003633 
 0.720215 	 0.015317 
 0.722656 	 0.018615 
 0.725098 	 0.033813 
 0.727539 	 0.043520 
 0.729980 	 0.116819 
 0.732422 	 0.088446 
 0.734863 	 0.073708 
 0.737305 	 0.057072 
 0.739746 	 0.021662 
 0.742188 	 0.020201 
 0.744629 	 0.010216 
 0.747070 	 0.013167 
 0.749512 	 0.007056 
 0.751953 	 0.019359 
 0.754395 	 0.017801 
 0.756836 	 0.022365 
 0.759277 	 0.016288 
 0.761719 	 0.016372 
 0.764160 	 0.015232 
 0.766602 	 0.025868 
 0.769043 	 0.066392 
 0.771484 	 0.035626 
 0.773926 	 0.017270 
 0.776367 	 0.012364 
 0.778809 	 0.007676 
 0.781250 	 0.009162 
 0.783691 	 0.009244 
 0.786133 	 0.011635 
 0.788574 	 0.017668 
 0.791016 	 0.028666 
 0.793457 	 0.038339 
 0.795898 	 0.035223 
 0.798340 	 0.029986 
 0.800781 	 0.045052 
 0.803223 	 0.021529 
 0.805664 	 0.015130 
 0.808105 	 0.019298 
 0.810547 	 0.042823 
 0.812988 	 0.071800 
 0.815430 	 0.066616 
 0.817871 	 0.046168 
 0.820312 	 0.030738 
 0.822754 	 0.021513 
 0.825195 	 0.013699 
 0.827637 	 0.010540 
 0.830078 	 0.007214 
 0.832520 	 0.006426 
 0.834961 	 0.007184 
 0.837402 	 0.008679 
 0.839844 	 0.008104 
 0.842285 	 0.016564 
 0.844727 	 0.030563 
 0.847168 	 0.027404 
 0.849609 	 0.045649 
 0.852051 	 0.036090 
 0.854492 	 0.030547 
 0.856934 	 0.023094 
 0.859375 	 0.010846 
 0.861816 	 0.011411 
 0.864258 	 0.005300 
 0.866699 	 0.007348 
 0.869141 	 0.005512 
 0.871582 	 0.006169 
 0.874023 	 0.003363 
 0.876465 	 0.004859 
 0.878906 	 0.003720 
 0.881348 	 0.005165 
 0.883789 	 0.005878 
 0.886230 	 0.009566 
 0.888672 	 0.005981 
 0.891113 	 0.005383 
 0.893555 	 0.004709 
 0.895996 	 0.005164 
 0.898438 	 0.004980 
 0.900879 	 0.006876 
 0.903320 	 0.005777 
 0.905762 	 0.005601 
 0.908203 	 0.016204 
 0.910645 	 0.033040 
 0.913086 	 0.035361 
 0.915527 	 0.041704 
 0.917969 	 0.026306 
 0.920410 	 0.042524 
 0.922852 	 0.049353 
 0.925293 	 0.086765 
 0.927734 	 0.070905 
 0.930176 	 0.032610 
 0.932617 	 0.020838 
 0.935059 	 0.012910 
 0.937500 	 0.011508 
 0.939941 	 0.015802 
 0.942383 	 0.017516 
 0.944824 	 0.040130 
 0.947266 	 0.046807 
 0.949707 	 0.031439 
 0.952148 	 0.017957 
 0.954590 	 0.018574 
 0.957031 	 0.014559 
 0.959473 	 0.012208 
 0.961914 	 0.008975 
 0.964355 	 0.010865 
 0.966797 	 0.010422 
 0.969238 	 0.040185 
 0.971680 	 0.063029 
 0.974121 	 0.082322 
 0.976562 	 0.085136 
 0.979004 	 0.060541 
 0.981445 	 0.033915 
 0.983887 	 0.046694 
 0.986328 	 0.044847 
 0.988770 	 0.018178 
 0.991211 	 0.013065 
 0.993652 	 0.006275 
 0.996094 	 0.009070 
 0.998535 	 0.005339 
 1.000977 	 0.007471 
 1.003418 	 0.007407 
 1.005859 	 0.009797 
 1.008301 	 0.007399 
 1.010742 	 0.014733 
 1.013184 	 0.019971 
 1.015625 	 0.023006 
 1.018066 	 0.026092 
 1.020508 	 0.027304 
 1.022949 	 0.019328 
 1.025391 	 0.032762 
 1.027832 	 0.031332 
 1.030273 	 0.014620 
 1.032715 	 0.009430 
 1.035156 	 0.005012 
 1.037598 	 0.005227 
 1.040039 	 0.004016 
 1.042480 	 0.004336 
 1.044922 	 0.003913 
 1.047363 	 0.003240 
 1.049805 	 0.002870 
 1.052246 	 0.002614 
 1.054688 	 0.002039 
 1.057129 	 0.003069 
 1.059570 	 0.003093 
 1.062012 	 0.004668 
 1.064453 	 0.006930 
 1.066895 	 0.010102 
 1.069336 	 0.011341 
 1.071777 	 0.008398 
 1.074219 	 0.016499 
 1.076660 	 0.018523 
 1.079102 	 0.014794 
 1.081543 	 0.010075 
 1.083984 	 0.007741 
 1.086426 	 0.003137 
 1.088867 	 0.005172 
 1.091309 	 0.003402 
 1.093750 	 0.005570 
 1.096191 	 0.003823 
 1.098633 	 0.017211 
 1.101074 	 0.042381 
 1.103516 	 0.013153 
 1.105957 	 0.007651 
 1.108398 	 0.008954 
 1.110840 	 0.003057 
 1.113281 	 0.008401 
 1.115723 	 0.009913 
 1.118164 	 0.010538 
 1.120605 	 0.010860 
 1.123047 	 0.007296 
 1.125488 	 0.004446 
 1.127930 	 0.012960 
 1.130371 	 0.013797 
 1.132812 	 0.023896 
 1.135254 	 0.034741 
 1.137695 	 0.049342 
 1.140137 	 0.066480 
 1.142578 	 0.116094 
 1.145020 	 0.052846 
 1.147461 	 0.015323 
 1.149902 	 0.011980 
 1.152344 	 0.009476 
 1.154785 	 0.008829 
 1.157227 	 0.012697 
 1.159668 	 0.023444 
 1.162109 	 0.044684 
 1.164551 	 0.040226 
 1.166992 	 0.067377 
 1.169434 	 0.064658 
 1.171875 	 0.012452 
 1.174316 	 0.016626 
 1.176758 	 0.012369 
 1.179199 	 0.015253 
 1.181641 	 0.011696 
 1.184082 	 0.014447 
 1.186523 	 0.007941 
 1.188965 	 0.007708 
 1.191406 	 0.004003 
 1.193848 	 0.004526 
 1.196289 	 0.003142 
 1.198730 	 0.003785 
 1.201172 	 0.003838 
 1.203613 	 0.005920 
 1.206055 	 0.007967 
 1.208496 	 0.011531 
 1.210938 	 0.020526 
 1.213379 	 0.029443 
 1.215820 	 0.037668 
 1.218262 	 0.039277 
 1.220703 	 0.037606 
 1.223145 	 0.042278 
 1.225586 	 0.069545 
 1.228027 	 0.072843 
 1.230469 	 0.033240 
 1.232910 	 0.030749 
 1.235352 	 0.036862 
 1.237793 	 0.041862 
 1.240234 	 0.014391 
 1.242676 	 0.016412 
 1.245117 	 0.009416 
 1.247559 	 0.010740 
 1.250000 	 0.006870 
 1.252441 	 0.008010 
 1.254883 	 0.002837 
 1.257324 	 0.004976 
 1.259766 	 0.001785 
 1.262207 	 0.004550 
 1.264648 	 0.003114 
 1.267090 	 0.007201 
 1.269531 	 0.006213 
 1.271973 	 0.010783 
 1.274414 	 0.014024 
 1.276855 	 0.029989 
 1.279297 	 0.043129 
 1.281738 	 0.037934 
 1.284180 	 0.026218 
 1.286621 	 0.036771 
 1.289062 	 0.026876 
 1.291504 	 0.013006 
 1.293945 	 0.006918 
 1.296387 	 0.007275 
 1.298828 	 0.002925 
 1.301270 	 0.004523 
 1.303711 	 0.002756 
 1.306152 	 0.004164 
 1.308594 	 0.003270 
 1.311035 	 0.005223 
 1.313477 	 0.002830 
 1.315918 	 0.004104 
 1.318359 	 0.003268 
 1.320801 	 0.003644 
 1.323242 	 0.002467 
 1.325684 	 0.003509 
 1.328125 	 0.003298 
 1.330566 	 0.004589 
 1.333008 	 0.003034 
 1.335449 	 0.004871 
 1.337891 	 0.005309 
 1.340332 	 0.006765 
 1.342773 	 0.008685 
 1.345215 	 0.021230 
 1.347656 	 0.024801 
 1.350098 	 0.029178 
 1.352539 	 0.037097 
 1.354980 	 0.036934 
 1.357422 	 0.034387 
 1.359863 	 0.025235 
 1.362305 	 0.017838 
 1.364746 	 0.013229 
 1.367188 	 0.007186 
 1.369629 	 0.009740 
 1.372070 	 0.007930 
 1.374512 	 0.010497 
 1.376953 	 0.008236 
 1.379395 	 0.022768 
 1.381836 	 0.028465 
 1.384277 	 0.029768 
 1.386719 	 0.030855 
 1.389160 	 0.030685 
 1.391602 	 0.031614 
 1.394043 	 0.034077 
 1.396484 	 0.029522 
 1.398926 	 0.028317 
 1.401367 	 0.025555 
 1.403809 	 0.028935 
 1.406250 	 0.021590 
 1.408691 	 0.019079 
 1.411133 	 0.014899 
 1.413574 	 0.014083 
 1.416016 	 0.009912 
 1.418457 	 0.010262 
 1.420898 	 0.018869 
 1.423340 	 0.022170 
 1.425781 	 0.012753 
 1.428223 	 0.010062 
 1.430664 	 0.007128 
 1.433105 	 0.006045 
 1.435547 	 0.004660 
 1.437988 	 0.006384 
 1.440430 	 0.003537 
 1.442871 	 0.004589 
 1.445312 	 0.003612 
 1.447754 	 0.004178 
 1.450195 	 0.002123 
 1.452637 	 0.003681 
 1.455078 	 0.003182 
 1.457520 	 0.004864 
 1.459961 	 0.003918 
 1.462402 	 0.005230 
 1.464844 	 0.005206 
 1.467285 	 0.005662 
 1.469727 	 0.005231 
 1.472168 	 0.006334 
 1.474609 	 0.005522 
 1.477051 	 0.007051 
 1.479492 	 0.006361 
 1.481934 	 0.008118 
 1.484375 	 0.009208 
 1.486816 	 0.011517 
 1.489258 	 0.012727 
 1.491699 	 0.026371 
 1.494141 	 0.019152 
 1.496582 	 0.016124 
 1.499023 	 0.012934 
 1.501465 	 0.012359 
 1.503906 	 0.011929 
 1.506348 	 0.011820 
 1.508789 	 0.012712 
 1.511230 	 0.022269 
 1.513672 	 0.024545 
 1.516113 	 0.023895 
 1.518555 	 0.025582 
 1.520996 	 0.027576 
 1.523438 	 0.031551 
 1.525879 	 0.027394 
 1.528320 	 0.017567 
 1.530762 	 0.014455 
 1.533203 	 0.014769 
 1.535645 	 0.011747 
 1.538086 	 0.010907 
 1.540527 	 0.008709 
 1.542969 	 0.009757 
 1.545410 	 0.011318 
 1.547852 	 0.012503 
 1.550293 	 0.012168 
 1.552734 	 0.012697 
 1.555176 	 0.016553 
 1.557617 	 0.014621 
 1.560059 	 0.010956 
 1.562500 	 0.019665 
 1.564941 	 0.020334 
 1.567383 	 0.013456 
 1.569824 	 0.018182 
 1.572266 	 0.014980 
 1.574707 	 0.017098 
 1.577148 	 0.015820 
 1.579590 	 0.015929 
 1.582031 	 0.015860 
 1.584473 	 0.016456 
 1.586914 	 0.018086 
 1.589355 	 0.015730 
 1.591797 	 0.012294 
 1.594238 	 0.010321 
 1.596680 	 0.009647 
 1.599121 	 0.009905 
 1.601562 	 0.008956 
 1.604004 	 0.010331 
 1.606445 	 0.010519 
 1.608887 	 0.012131 
 1.611328 	 0.012905 
 1.613770 	 0.023999 
 1.616211 	 0.035714 
 1.618652 	 0.041535 
 1.621094 	 0.023482 
 1.623535 	 0.017612 
 1.625977 	 0.013606 
 1.628418 	 0.012721 
 1.630859 	 0.010384 
 1.633301 	 0.018682 
 1.635742 	 0.030176 
 1.638184 	 0.027808 
 1.640625 	 0.028552 
 1.643066 	 0.024764 
 1.645508 	 0.018665 
 1.647949 	 0.023082 
 1.650391 	 0.022375 
 1.652832 	 0.026880 
 1.655273 	 0.026908 
 1.657715 	 0.019190 
 1.660156 	 0.017966 
 1.662598 	 0.011808 
 1.665039 	 0.009389 
 1.667480 	 0.009961 
 1.669922 	 0.011646 
 1.672363 	 0.011551 
 1.674805 	 0.014685 
 1.677246 	 0.014161 
 1.679688 	 0.011135 
 1.682129 	 0.015515 
 1.684570 	 0.016309 
 1.687012 	 0.011697 
 1.689453 	 0.010545 
 1.691895 	 0.011024 
 1.694336 	 0.009067 
 1.696777 	 0.009550 
 1.699219 	 0.006817 
 1.701660 	 0.008912 
 1.704102 	 0.009975 
 1.706543 	 0.013191 
 1.708984 	 0.008991 
 1.711426 	 0.013329 
 1.713867 	 0.013486 
 1.716309 	 0.018470 
 1.718750 	 0.018575 
 1.721191 	 0.027237 
 1.723633 	 0.031395 
 1.726074 	 0.039320 
 1.728516 	 0.032397 
 1.730957 	 0.034055 
 1.733398 	 0.043872 
 1.735840 	 0.030046 
 1.738281 	 0.017513 
 1.740723 	 0.015649 
 1.743164 	 0.016434 
 1.745605 	 0.010585 
 1.748047 	 0.009380 
 1.750488 	 0.007003 
 1.752930 	 0.005859 
 1.755371 	 0.004501 
 1.757812 	 0.004443 
 1.760254 	 0.005322 
 1.762695 	 0.003787 
 1.765137 	 0.004388 
 1.767578 	 0.003760 
 1.770020 	 0.003255 
 1.772461 	 0.002299 
 1.774902 	 0.002567 
 1.777344 	 0.001982 
 1.779785 	 0.002522 
 1.782227 	 0.001945 
 1.784668 	 0.002346 
 1.787109 	 0.002069 
 1.789551 	 0.002297 
 1.791992 	 0.002236 
 1.794434 	 0.002006 
 1.796875 	 0.001981 
 1.799316 	 0.002459 
 1.801758 	 0.001828 
 1.804199 	 0.002584 
 1.806641 	 0.002042 
 1.809082 	 0.003632 
 1.811523 	 0.003668 
 1.813965 	 0.003947 
 1.816406 	 0.004963 
 1.818848 	 0.009402 
 1.821289 	 0.018249 
 1.823730 	 0.017649 
 1.826172 	 0.015605 
 1.828613 	 0.017961 
 1.831055 	 0.022492 
 1.833496 	 0.023987 
 1.835938 	 0.024536 
 1.838379 	 0.025170 
 1.840820 	 0.018365 
 1.843262 	 0.015274 
 1.845703 	 0.009085 
 1.848145 	 0.010244 
 1.850586 	 0.008523 
 1.853027 	 0.009289 
 1.855469 	 0.011851 
 1.857910 	 0.013247 
 1.860352 	 0.017479 
 1.862793 	 0.016099 
 1.865234 	 0.008330 
 1.867676 	 0.007471 
 1.870117 	 0.005007 
 1.872559 	 0.006042 
 1.875000 	 0.004013 
 1.877441 	 0.005246 
 1.879883 	 0.002384 
 1.882324 	 0.004189 
 1.884766 	 0.002481 
 1.887207 	 0.004614 
 1.889648 	 0.003966 
 1.892090 	 0.006984 
 1.894531 	 0.005629 
 1.896973 	 0.011772 
 1.899414 	 0.011806 
 1.901855 	 0.011948 
 1.904297 	 0.011240 
 1.906738 	 0.021263 
 1.909180 	 0.032257 
 1.911621 	 0.018249 
 1.914062 	 0.018422 
 1.916504 	 0.018518 
 1.918945 	 0.019198 
 1.921387 	 0.018297 
 1.923828 	 0.013313 
 1.926270 	 0.016391 
 1.928711 	 0.018493 
 1.931152 	 0.012668 
 1.933594 	 0.010467 
 1.936035 	 0.007643 
 1.938477 	 0.004547 
 1.940918 	 0.003956 
 1.943359 	 0.003141 
 1.945801 	 0.003597 
 1.948242 	 0.002168 
 1.950684 	 0.003306 
 1.953125 	 0.002173 
 1.955566 	 0.002979 
 1.958008 	 0.001090 
 1.960449 	 0.002116 
 1.962891 	 0.001196 
 1.965332 	 0.002004 
 1.967773 	 0.000959 
 1.970215 	 0.001832 
 1.972656 	 0.000753 
 1.975098 	 0.001553 
 1.977539 	 0.000708 
 1.979980 	 0.001550 
 1.982422 	 0.000750 
 1.984863 	 0.001260 
 1.987305 	 0.000366 
 1.989746 	 0.001169 
 1.992188 	 0.000256 
 1.994629 	 0.001117 
 1.997070 	 0.000176 
 1.999512 	 0.000968 
 2.001953 	 0.000054 
 2.004395 	 0.000930 
 2.006836 	 0.000010 
 2.009277 	 0.000908 
 2.011719 	 0.000027 
 2.014160 	 0.000900 
 2.016602 	 0.000039 
 2.019043 	 0.000909 
 2.021484 	 0.000025 
 2.023926 	 0.000876 
 2.026367 	 0.000016 
 2.028809 	 0.000881 
 2.031250 	 0.000008 
 2.033691 	 0.000812 
 2.036133 	 0.000009 
 2.038574 	 0.000904 
 2.041016 	 0.000019 
 2.043457 	 0.000831 
 2.045898 	 0.000064 
 2.048340 	 0.000802 
 2.050781 	 0.000076 
 2.053223 	 0.000762 
 2.055664 	 0.000072 
 2.058105 	 0.000737 
 2.060547 	 0.000128 
 2.062988 	 0.000737 
 2.065430 	 0.000131 
 2.067871 	 0.000698 
 2.070312 	 0.000144 
 2.072754 	 0.000717 
 2.075195 	 0.000135 
 2.077637 	 0.000723 
 2.080078 	 0.000122 
 2.082520 	 0.000708 
 2.084961 	 0.000113 
 2.087402 	 0.000722 
 2.089844 	 0.000108 
 2.092285 	 0.000708 
 2.094727 	 0.000126 
 2.097168 	 0.000697 
 2.099609 	 0.000184 
 2.102051 	 0.000639 
 2.104492 	 0.000200 
 2.106934 	 0.000661 
 2.109375 	 0.000191 
 2.111816 	 0.000660 
 2.114258 	 0.000178 
 2.116699 	 0.000685 
 2.119141 	 0.000175 
 2.121582 	 0.000689 
 2.124023 	 0.000166 
 2.126465 	 0.000662 
 2.128906 	 0.000193 
 2.131348 	 0.000671 
 2.133789 	 0.000171 
 2.136230 	 0.000675 
 2.138672 	 0.000166 
 2.141113 	 0.000674 
 2.143555 	 0.000156 
 2.145996 	 0.000677 
 2.148438 	 0.000169 
 2.150879 	 0.000660 
 2.153320 	 0.000174 
 2.155762 	 0.000663 
 2.158203 	 0.000190 
 2.160645 	 0.000621 
 2.163086 	 0.000216 
 2.165527 	 0.000631 
 2.167969 	 0.000207 
 2.170410 	 0.000635 
 2.172852 	 0.000225 
 2.175293 	 0.000615 
 2.177734 	 0.000227 
 2.180176 	 0.000602 
 2.182617 	 0.000233 
 2.185059 	 0.000596 
 2.187500 	 0.000219 
 2.189941 	 0.000607 
 2.192383 	 0.000245 
 2.194824 	 0.000629 
 2.197266 	 0.000218 
 2.199707 	 0.000614 
 2.202148 	 0.000217 
 2.204590 	 0.000609 
 2.207031 	 0.000217 
 2.209473 	 0.000594 
 2.211914 	 0.000245 
 2.214355 	 0.000596 
 2.216797 	 0.000260 
 2.219238 	 0.000572 
 2.221680 	 0.000253 
 2.224121 	 0.000576 
 2.226562 	 0.000251 
 2.229004 	 0.000591 
 2.231445 	 0.000273 
 2.233887 	 0.000586 
 2.236328 	 0.000253 
 2.238770 	 0.000594 
 2.241211 	 0.000225 
 2.243652 	 0.000621 
 2.246094 	 0.000223 
 2.248535 	 0.000598 
 2.250977 	 0.000238 
 2.253418 	 0.000593 
 2.255859 	 0.000257 
 2.258301 	 0.000579 
 2.260742 	 0.000265 
 2.263184 	 0.000581 
 2.265625 	 0.000250 
 2.268066 	 0.000570 
 2.270508 	 0.000271 
 2.272949 	 0.000555 
 2.275391 	 0.000257 
 2.277832 	 0.000582 
 2.280273 	 0.000265 
 2.282715 	 0.000567 
 2.285156 	 0.000272 
 2.287598 	 0.000558 
 2.290039 	 0.000269 
 2.292480 	 0.000559 
 2.294922 	 0.000284 
 2.297363 	 0.000555 
 2.299805 	 0.000280 
 2.302246 	 0.000574 
 2.304688 	 0.000252 
 2.307129 	 0.000584 
 2.309570 	 0.000265 
 2.312012 	 0.000566 
 2.314453 	 0.000275 
 2.316895 	 0.000564 
 2.319336 	 0.000276 
 2.321777 	 0.000565 
 2.324219 	 0.000270 
 2.326660 	 0.000560 
 2.329102 	 0.000283 
 2.331543 	 0.000567 
 2.333984 	 0.000274 
 2.336426 	 0.000577 
 2.338867 	 0.000266 
 2.341309 	 0.000575 
 2.343750 	 0.000243 
 2.346191 	 0.000586 
 2.348633 	 0.000240 
 2.351074 	 0.000598 
 2.353516 	 0.000244 
 2.355957 	 0.000596 
 2.358398 	 0.000246 
 2.360840 	 0.000601 
 2.363281 	 0.000241 
 2.365723 	 0.000584 
 2.368164 	 0.000239 
 2.370605 	 0.000581 
 2.373047 	 0.000255 
 2.375488 	 0.000571 
 2.377930 	 0.000259 
 2.380371 	 0.000563 
 2.382812 	 0.000285 
 2.385254 	 0.000566 
 2.387695 	 0.000278 
 2.390137 	 0.000551 
 2.392578 	 0.000288 
 2.395020 	 0.000542 
 2.397461 	 0.000294 
 2.399902 	 0.000546 
 2.402344 	 0.000308 
 2.404785 	 0.000546 
 2.407227 	 0.000283 
 2.409668 	 0.000554 
 2.412109 	 0.000282 
 2.414551 	 0.000558 
 2.416992 	 0.000275 
 2.419434 	 0.000566 
 2.421875 	 0.000273 
 2.424316 	 0.000578 
 2.426758 	 0.000272 
 2.429199 	 0.000560 
 2.431641 	 0.000276 
 2.434082 	 0.000577 
 2.436523 	 0.000266 
 2.438965 	 0.000566 
 2.441406 	 0.000268 
 2.443848 	 0.000569 
 2.446289 	 0.000269 
 2.448730 	 0.000573 
 2.451172 	 0.000265 
 2.453613 	 0.000576 
 2.456055 	 0.000256 
 2.458496 	 0.000588 
 2.460938 	 0.000266 
 2.463379 	 0.000565 
 2.465820 	 0.000246 
 2.468262 	 0.000582 
 2.470703 	 0.000279 
 2.473145 	 0.000561 
 2.475586 	 0.000281 
 2.478027 	 0.000542 
 2.480469 	 0.000279 
 2.482910 	 0.000546 
 2.485352 	 0.000281 
 2.487793 	 0.000554 
 2.490234 	 0.000286 
 2.492676 	 0.000562 
 2.495117 	 0.000268 
 2.497559 	 0.000567 
