 0.000000 	 0.914336 
 0.002441 	 0.338621 
 0.004883 	 0.008267 
 0.007324 	 0.016572 
 0.009766 	 0.003295 
 0.012207 	 0.005904 
 0.014648 	 0.001584 
 0.017090 	 0.003029 
 0.019531 	 0.000941 
 0.021973 	 0.001852 
 0.024414 	 0.000644 
 0.026855 	 0.001262 
 0.029297 	 0.000480 
 0.031738 	 0.000922 
 0.034180 	 0.000381 
 0.036621 	 0.000711 
 0.039062 	 0.000314 
 0.041504 	 0.000570 
 0.043945 	 0.000268 
 0.046387 	 0.000473 
 0.048828 	 0.000233 
 0.051270 	 0.000400 
 0.053711 	 0.000210 
 0.056152 	 0.000346 
 0.058594 	 0.000191 
 0.061035 	 0.000305 
 0.063477 	 0.000175 
 0.065918 	 0.000274 
 0.068359 	 0.000161 
 0.070801 	 0.000249 
 0.073242 	 0.000150 
 0.075684 	 0.000228 
 0.078125 	 0.000139 
 0.080566 	 0.000213 
 0.083008 	 0.000132 
 0.085449 	 0.000199 
 0.087891 	 0.000123 
 0.090332 	 0.000187 
 0.092773 	 0.000114 
 0.095215 	 0.000180 
 0.097656 	 0.000105 
 0.100098 	 0.000177 
 0.102539 	 0.000100 
 0.104980 	 0.000169 
 0.107422 	 0.000091 
 0.109863 	 0.000167 
 0.112305 	 0.000088 
 0.114746 	 0.000162 
 0.117188 	 0.000078 
 0.119629 	 0.000159 
 0.122070 	 0.000072 
 0.124512 	 0.000155 
 0.126953 	 0.000066 
 0.129395 	 0.000157 
 0.131836 	 0.000052 
 0.134277 	 0.000166 
 0.136719 	 0.000047 
 0.139160 	 0.000152 
 0.141602 	 0.000044 
 0.144043 	 0.000158 
 0.146484 	 0.000039 
 0.148926 	 0.000160 
 0.151367 	 0.000026 
 0.153809 	 0.000160 
 0.156250 	 0.000013 
 0.158691 	 0.000150 
 0.161133 	 0.000014 
 0.163574 	 0.000166 
 0.166016 	 0.000002 
 0.168457 	 0.000165 
 0.170898 	 0.000010 
 0.173340 	 0.000161 
 0.175781 	 0.000024 
 0.178223 	 0.000180 
 0.180664 	 0.000044 
 0.183105 	 0.000181 
 0.185547 	 0.000048 
 0.187988 	 0.000215 
 0.190430 	 0.000086 
 0.192871 	 0.000199 
 0.195312 	 0.000076 
 0.197754 	 0.000188 
 0.200195 	 0.000112 
 0.202637 	 0.000229 
 0.205078 	 0.000142 
 0.207520 	 0.000278 
 0.209961 	 0.000190 
 0.212402 	 0.000264 
 0.214844 	 0.000209 
 0.217285 	 0.000255 
 0.219727 	 0.000196 
 0.222168 	 0.000292 
 0.224609 	 0.000237 
 0.227051 	 0.000390 
 0.229492 	 0.000297 
 0.231934 	 0.000391 
 0.234375 	 0.000392 
 0.236816 	 0.000494 
 0.239258 	 0.000481 
 0.241699 	 0.000724 
 0.244141 	 0.000627 
 0.246582 	 0.000805 
 0.249023 	 0.000888 
 0.251465 	 0.001067 
 0.253906 	 0.001199 
 0.256348 	 0.001851 
 0.258789 	 0.002240 
 0.261230 	 0.004844 
 0.263672 	 0.006861 
 0.266113 	 0.024083 
 0.268555 	 0.050107 
 0.270996 	 0.050300 
 0.273438 	 0.028041 
 0.275879 	 0.013368 
 0.278320 	 0.006309 
 0.280762 	 0.002603 
 0.283203 	 0.003277 
 0.285645 	 0.001732 
 0.288086 	 0.003040 
 0.290527 	 0.001468 
 0.292969 	 0.002974 
 0.295410 	 0.001464 
 0.297852 	 0.004112 
 0.300293 	 0.004114 
 0.302734 	 0.011502 
 0.305176 	 0.016424 
 0.307617 	 0.020777 
 0.310059 	 0.008013 
 0.312500 	 0.034741 
 0.314941 	 0.091022 
 0.317383 	 0.079479 
 0.319824 	 0.020111 
 0.322266 	 0.001330 
 0.324707 	 0.004746 
 0.327148 	 0.000158 
 0.329590 	 0.003665 
 0.332031 	 0.000376 
 0.334473 	 0.002485 
 0.336914 	 0.000046 
 0.339355 	 0.001882 
 0.341797 	 0.000092 
 0.344238 	 0.001736 
 0.346680 	 0.000160 
 0.349121 	 0.001622 
 0.351562 	 0.000031 
 0.354004 	 0.001351 
 0.356445 	 0.000100 
 0.358887 	 0.001330 
 0.361328 	 0.000049 
 0.363770 	 0.001223 
 0.366211 	 0.000122 
 0.368652 	 0.001265 
 0.371094 	 0.000130 
 0.373535 	 0.001260 
 0.375977 	 0.000207 
 0.378418 	 0.001155 
 0.380859 	 0.000201 
 0.383301 	 0.001201 
 0.385742 	 0.000263 
 0.388184 	 0.001160 
 0.390625 	 0.000345 
 0.393066 	 0.001384 
 0.395508 	 0.000533 
 0.397949 	 0.001579 
 0.400391 	 0.000784 
 0.402832 	 0.001756 
 0.405273 	 0.001134 
 0.407715 	 0.001928 
 0.410156 	 0.001230 
 0.412598 	 0.002383 
 0.415039 	 0.001404 
 0.417480 	 0.002778 
 0.419922 	 0.002497 
 0.422363 	 0.003269 
 0.424805 	 0.003213 
 0.427246 	 0.004938 
 0.429688 	 0.006109 
 0.432129 	 0.012380 
 0.434570 	 0.023023 
 0.437012 	 0.032935 
 0.439453 	 0.048012 
 0.441895 	 0.045318 
 0.444336 	 0.034637 
 0.446777 	 0.043578 
 0.449219 	 0.073881 
 0.451660 	 0.096741 
 0.454102 	 0.040338 
 0.456543 	 0.022135 
 0.458984 	 0.010433 
 0.461426 	 0.007989 
 0.463867 	 0.004912 
 0.466309 	 0.005166 
 0.468750 	 0.002574 
 0.471191 	 0.004571 
 0.473633 	 0.002526 
 0.476074 	 0.004181 
 0.478516 	 0.002368 
 0.480957 	 0.004552 
 0.483398 	 0.003785 
 0.485840 	 0.005789 
 0.488281 	 0.004842 
 0.490723 	 0.007690 
 0.493164 	 0.006661 
 0.495605 	 0.009878 
 0.498047 	 0.011010 
 0.500488 	 0.021092 
 0.502930 	 0.032007 
 0.505371 	 0.068588 
 0.507812 	 0.074745 
 0.510254 	 0.069760 
 0.512695 	 0.066829 
 0.515137 	 0.051261 
 0.517578 	 0.036506 
 0.520020 	 0.024400 
 0.522461 	 0.023774 
 0.524902 	 0.020379 
 0.527344 	 0.024767 
 0.529785 	 0.030194 
 0.532227 	 0.035223 
 0.534668 	 0.031133 
 0.537109 	 0.035158 
 0.539551 	 0.029359 
 0.541992 	 0.026957 
 0.544434 	 0.028758 
 0.546875 	 0.028492 
 0.549316 	 0.029663 
 0.551758 	 0.021600 
 0.554199 	 0.018956 
 0.556641 	 0.018500 
 0.559082 	 0.017000 
 0.561523 	 0.014131 
 0.563965 	 0.013257 
 0.566406 	 0.013288 
 0.568848 	 0.013097 
 0.571289 	 0.014091 
 0.573730 	 0.015643 
 0.576172 	 0.018886 
 0.578613 	 0.022450 
 0.581055 	 0.030362 
 0.583496 	 0.048745 
 0.585938 	 0.044694 
 0.588379 	 0.045477 
 0.590820 	 0.035619 
 0.593262 	 0.026916 
 0.595703 	 0.026017 
 0.598145 	 0.021588 
 0.600586 	 0.024429 
 0.603027 	 0.037293 
 0.605469 	 0.051196 
 0.607910 	 0.058552 
 0.610352 	 0.076797 
 0.612793 	 0.102803 
 0.615234 	 0.080120 
 0.617676 	 0.071915 
 0.620117 	 0.080864 
 0.622559 	 0.051919 
 0.625000 	 0.039013 
 0.627441 	 0.025648 
 0.629883 	 0.014810 
 0.632324 	 0.016443 
 0.634766 	 0.010702 
 0.637207 	 0.010637 
 0.639648 	 0.007770 
 0.642090 	 0.010274 
 0.644531 	 0.008630 
 0.646973 	 0.012227 
 0.649414 	 0.011947 
 0.651855 	 0.024272 
 0.654297 	 0.025845 
 0.656738 	 0.029177 
 0.659180 	 0.032564 
 0.661621 	 0.033707 
 0.664062 	 0.029919 
 0.666504 	 0.020889 
 0.668945 	 0.024178 
 0.671387 	 0.023065 
 0.673828 	 0.023458 
 0.676270 	 0.028154 
 0.678711 	 0.031771 
 0.681152 	 0.032823 
 0.683594 	 0.031349 
 0.686035 	 0.033043 
 0.688477 	 0.047169 
 0.690918 	 0.054745 
 0.693359 	 0.064233 
 0.695801 	 0.050591 
 0.698242 	 0.037584 
 0.700684 	 0.033308 
 0.703125 	 0.027521 
 0.705566 	 0.024074 
 0.708008 	 0.022922 
 0.710449 	 0.029293 
 0.712891 	 0.034531 
 0.715332 	 0.044529 
 0.717773 	 0.048755 
 0.720215 	 0.073175 
 0.722656 	 0.088676 
 0.725098 	 0.113924 
 0.727539 	 0.110265 
 0.729980 	 0.090314 
 0.732422 	 0.070225 
 0.734863 	 0.046694 
 0.737305 	 0.044704 
 0.739746 	 0.037379 
 0.742188 	 0.037747 
 0.744629 	 0.044335 
 0.747070 	 0.050148 
 0.749512 	 0.051560 
 0.751953 	 0.052108 
 0.754395 	 0.044421 
 0.756836 	 0.042766 
 0.759277 	 0.041152 
 0.761719 	 0.051547 
 0.764160 	 0.064898 
 0.766602 	 0.056310 
 0.769043 	 0.037222 
 0.771484 	 0.034738 
 0.773926 	 0.027506 
 0.776367 	 0.028028 
 0.778809 	 0.031484 
 0.781250 	 0.041678 
 0.783691 	 0.048908 
 0.786133 	 0.053383 
 0.788574 	 0.049123 
 0.791016 	 0.049027 
 0.793457 	 0.047741 
 0.795898 	 0.049031 
 0.798340 	 0.057455 
 0.800781 	 0.056195 
 0.803223 	 0.061380 
 0.805664 	 0.088569 
 0.808105 	 0.099586 
 0.810547 	 0.093554 
 0.812988 	 0.076666 
 0.815430 	 0.053350 
 0.817871 	 0.043424 
 0.820312 	 0.035297 
 0.822754 	 0.027068 
 0.825195 	 0.023964 
 0.827637 	 0.025708 
 0.830078 	 0.028591 
 0.832520 	 0.033400 
 0.834961 	 0.037145 
 0.837402 	 0.039787 
 0.839844 	 0.044101 
 0.842285 	 0.061449 
 0.844727 	 0.062020 
 0.847168 	 0.054744 
 0.849609 	 0.041638 
 0.852051 	 0.030195 
 0.854492 	 0.024201 
 0.856934 	 0.021169 
 0.859375 	 0.016391 
 0.861816 	 0.017641 
 0.864258 	 0.017252 
 0.866699 	 0.016402 
 0.869141 	 0.014311 
 0.871582 	 0.013975 
 0.874023 	 0.016561 
 0.876465 	 0.015344 
 0.878906 	 0.016243 
 0.881348 	 0.021500 
 0.883789 	 0.019648 
 0.886230 	 0.016214 
 0.888672 	 0.015471 
 0.891113 	 0.016455 
 0.893555 	 0.017308 
 0.895996 	 0.020787 
 0.898438 	 0.027576 
 0.900879 	 0.030933 
 0.903320 	 0.038257 
 0.905762 	 0.059060 
 0.908203 	 0.069414 
 0.910645 	 0.074657 
 0.913086 	 0.077132 
 0.915527 	 0.079626 
 0.917969 	 0.095759 
 0.920410 	 0.101183 
 0.922852 	 0.075320 
 0.925293 	 0.054842 
 0.927734 	 0.042566 
 0.930176 	 0.039413 
 0.932617 	 0.033829 
 0.935059 	 0.046120 
 0.937500 	 0.051802 
 0.939941 	 0.050834 
 0.942383 	 0.050222 
 0.944824 	 0.045629 
 0.947266 	 0.035845 
 0.949707 	 0.032574 
 0.952148 	 0.031882 
 0.954590 	 0.031493 
 0.957031 	 0.034146 
 0.959473 	 0.054409 
 0.961914 	 0.076893 
 0.964355 	 0.087174 
 0.966797 	 0.113274 
 0.969238 	 0.123776 
 0.971680 	 0.100141 
 0.974121 	 0.073557 
 0.976562 	 0.055117 
 0.979004 	 0.076966 
 0.981445 	 0.073347 
 0.983887 	 0.039075 
 0.986328 	 0.026430 
 0.988770 	 0.023554 
 0.991211 	 0.024744 
 0.993652 	 0.022598 
 0.996094 	 0.022572 
 0.998535 	 0.023882 
 1.000977 	 0.026301 
 1.003418 	 0.023720 
 1.005859 	 0.025490 
 1.008301 	 0.031488 
 1.010742 	 0.043755 
 1.013184 	 0.053441 
 1.015625 	 0.046140 
 1.018066 	 0.038589 
 1.020508 	 0.032375 
 1.022949 	 0.024067 
 1.025391 	 0.024463 
 1.027832 	 0.019170 
 1.030273 	 0.012282 
 1.032715 	 0.013376 
 1.035156 	 0.011902 
 1.037598 	 0.009863 
 1.040039 	 0.011073 
 1.042480 	 0.011511 
 1.044922 	 0.011575 
 1.047363 	 0.014731 
 1.049805 	 0.014713 
 1.052246 	 0.015707 
 1.054688 	 0.016492 
 1.057129 	 0.015395 
 1.059570 	 0.017121 
 1.062012 	 0.020609 
 1.064453 	 0.020295 
 1.066895 	 0.016540 
 1.069336 	 0.017031 
 1.071777 	 0.021613 
 1.074219 	 0.019727 
 1.076660 	 0.016533 
 1.079102 	 0.015211 
 1.081543 	 0.013508 
 1.083984 	 0.015098 
 1.086426 	 0.020468 
 1.088867 	 0.030857 
 1.091309 	 0.041279 
 1.093750 	 0.029314 
 1.096191 	 0.017298 
 1.098633 	 0.019247 
 1.101074 	 0.017934 
 1.103516 	 0.016593 
 1.105957 	 0.022608 
 1.108398 	 0.021672 
 1.110840 	 0.022952 
 1.113281 	 0.022913 
 1.115723 	 0.030160 
 1.118164 	 0.032155 
 1.120605 	 0.044442 
 1.123047 	 0.048042 
 1.125488 	 0.069420 
 1.127930 	 0.073286 
 1.130371 	 0.086461 
 1.132812 	 0.106242 
 1.135254 	 0.092179 
 1.137695 	 0.072204 
 1.140137 	 0.050385 
 1.142578 	 0.041374 
 1.145020 	 0.035881 
 1.147461 	 0.034651 
 1.149902 	 0.044166 
 1.152344 	 0.049139 
 1.154785 	 0.068846 
 1.157227 	 0.076121 
 1.159668 	 0.066779 
 1.162109 	 0.057418 
 1.164551 	 0.036595 
 1.166992 	 0.028898 
 1.169434 	 0.026116 
 1.171875 	 0.026328 
 1.174316 	 0.022155 
 1.176758 	 0.021655 
 1.179199 	 0.022368 
 1.181641 	 0.020252 
 1.184082 	 0.020327 
 1.186523 	 0.014167 
 1.188965 	 0.016236 
 1.191406 	 0.017554 
 1.193848 	 0.024154 
 1.196289 	 0.024324 
 1.198730 	 0.030285 
 1.201172 	 0.034337 
 1.203613 	 0.047390 
 1.206055 	 0.054410 
 1.208496 	 0.070264 
 1.210938 	 0.078614 
 1.213379 	 0.082233 
 1.215820 	 0.089160 
 1.218262 	 0.089415 
 1.220703 	 0.071903 
 1.223145 	 0.048963 
 1.225586 	 0.045025 
 1.228027 	 0.035404 
 1.230469 	 0.035979 
 1.232910 	 0.035197 
 1.235352 	 0.033615 
 1.237793 	 0.028212 
 1.240234 	 0.022455 
 1.242676 	 0.016855 
 1.245117 	 0.018598 
 1.247559 	 0.015034 
 1.250000 	 0.015051 
 1.252441 	 0.014970 
 1.254883 	 0.016552 
 1.257324 	 0.017621 
 1.259766 	 0.025764 
 1.262207 	 0.029869 
 1.264648 	 0.033754 
 1.267090 	 0.044679 
 1.269531 	 0.058158 
 1.271973 	 0.065265 
 1.274414 	 0.060353 
 1.276855 	 0.046191 
 1.279297 	 0.040281 
 1.281738 	 0.034896 
 1.284180 	 0.027782 
 1.286621 	 0.020073 
 1.289062 	 0.020255 
 1.291504 	 0.016145 
 1.293945 	 0.015631 
 1.296387 	 0.015147 
 1.298828 	 0.014332 
 1.301270 	 0.011534 
 1.303711 	 0.010994 
 1.306152 	 0.011049 
 1.308594 	 0.011364 
 1.311035 	 0.011576 
 1.313477 	 0.012383 
 1.315918 	 0.013747 
 1.318359 	 0.013931 
 1.320801 	 0.014354 
 1.323242 	 0.017429 
 1.325684 	 0.020065 
 1.328125 	 0.018308 
 1.330566 	 0.021144 
 1.333008 	 0.025369 
 1.335449 	 0.031214 
 1.337891 	 0.038974 
 1.340332 	 0.041108 
 1.342773 	 0.036739 
 1.345215 	 0.042661 
 1.347656 	 0.042188 
 1.350098 	 0.042347 
 1.352539 	 0.043463 
 1.354980 	 0.034135 
 1.357422 	 0.029256 
 1.359863 	 0.030658 
 1.362305 	 0.032095 
 1.364746 	 0.041014 
 1.367188 	 0.050953 
 1.369629 	 0.060429 
 1.372070 	 0.061140 
 1.374512 	 0.049518 
 1.376953 	 0.049906 
 1.379395 	 0.050246 
 1.381836 	 0.045359 
 1.384277 	 0.048162 
 1.386719 	 0.046667 
 1.389160 	 0.044975 
 1.391602 	 0.039705 
 1.394043 	 0.041055 
 1.396484 	 0.032929 
 1.398926 	 0.024368 
 1.401367 	 0.028684 
 1.403809 	 0.030091 
 1.406250 	 0.032293 
 1.408691 	 0.031163 
 1.411133 	 0.025916 
 1.413574 	 0.021671 
 1.416016 	 0.021354 
 1.418457 	 0.020018 
 1.420898 	 0.017848 
 1.423340 	 0.017574 
 1.425781 	 0.017049 
 1.428223 	 0.015128 
 1.430664 	 0.014347 
 1.433105 	 0.012484 
 1.435547 	 0.012746 
 1.437988 	 0.012247 
 1.440430 	 0.013772 
 1.442871 	 0.014528 
 1.445312 	 0.014374 
 1.447754 	 0.012481 
 1.450195 	 0.013031 
 1.452637 	 0.014601 
 1.455078 	 0.014785 
 1.457520 	 0.015516 
 1.459961 	 0.015444 
 1.462402 	 0.016482 
 1.464844 	 0.017621 
 1.467285 	 0.018573 
 1.469727 	 0.019101 
 1.472168 	 0.020427 
 1.474609 	 0.020924 
 1.477051 	 0.023945 
 1.479492 	 0.026983 
 1.481934 	 0.027234 
 1.484375 	 0.027753 
 1.486816 	 0.029525 
 1.489258 	 0.031040 
 1.491699 	 0.028420 
 1.494141 	 0.036266 
 1.496582 	 0.033345 
 1.499023 	 0.032346 
 1.501465 	 0.035469 
 1.503906 	 0.033444 
 1.506348 	 0.036946 
 1.508789 	 0.039850 
 1.511230 	 0.037259 
 1.513672 	 0.034010 
 1.516113 	 0.030044 
 1.518555 	 0.033285 
 1.520996 	 0.031390 
 1.523438 	 0.030649 
 1.525879 	 0.027336 
 1.528320 	 0.026287 
 1.530762 	 0.024880 
 1.533203 	 0.022814 
 1.535645 	 0.027600 
 1.538086 	 0.026403 
 1.540527 	 0.023749 
 1.542969 	 0.026804 
 1.545410 	 0.024616 
 1.547852 	 0.027190 
 1.550293 	 0.025436 
 1.552734 	 0.030490 
 1.555176 	 0.033921 
 1.557617 	 0.036273 
 1.560059 	 0.033536 
 1.562500 	 0.038580 
 1.564941 	 0.033167 
 1.567383 	 0.032729 
 1.569824 	 0.035230 
 1.572266 	 0.032718 
 1.574707 	 0.028137 
 1.577148 	 0.027331 
 1.579590 	 0.026636 
 1.582031 	 0.024779 
 1.584473 	 0.024297 
 1.586914 	 0.022733 
 1.589355 	 0.022226 
 1.591797 	 0.026444 
 1.594238 	 0.026524 
 1.596680 	 0.023655 
 1.599121 	 0.023421 
 1.601562 	 0.027673 
 1.604004 	 0.031215 
 1.606445 	 0.037355 
 1.608887 	 0.035254 
 1.611328 	 0.033951 
 1.613770 	 0.035532 
 1.616211 	 0.041906 
 1.618652 	 0.041470 
 1.621094 	 0.036900 
 1.623535 	 0.037394 
 1.625977 	 0.037837 
 1.628418 	 0.039721 
 1.630859 	 0.046843 
 1.633301 	 0.051315 
 1.635742 	 0.047965 
 1.638184 	 0.047959 
 1.640625 	 0.041525 
 1.643066 	 0.041183 
 1.645508 	 0.038070 
 1.647949 	 0.033634 
 1.650391 	 0.031216 
 1.652832 	 0.028487 
 1.655273 	 0.027540 
 1.657715 	 0.024831 
 1.660156 	 0.026420 
 1.662598 	 0.028604 
 1.665039 	 0.029669 
 1.667480 	 0.027119 
 1.669922 	 0.024978 
 1.672363 	 0.026884 
 1.674805 	 0.026036 
 1.677246 	 0.025915 
 1.679688 	 0.025101 
 1.682129 	 0.021697 
 1.684570 	 0.022029 
 1.687012 	 0.024078 
 1.689453 	 0.020873 
 1.691895 	 0.019969 
 1.694336 	 0.021319 
 1.696777 	 0.024590 
 1.699219 	 0.027128 
 1.701660 	 0.028953 
 1.704102 	 0.031206 
 1.706543 	 0.028079 
 1.708984 	 0.036343 
 1.711426 	 0.039962 
 1.713867 	 0.041277 
 1.716309 	 0.036636 
 1.718750 	 0.036846 
 1.721191 	 0.041360 
 1.723633 	 0.041362 
 1.726074 	 0.042550 
 1.728516 	 0.040898 
 1.730957 	 0.041537 
 1.733398 	 0.036489 
 1.735840 	 0.028796 
 1.738281 	 0.020717 
 1.740723 	 0.021286 
 1.743164 	 0.022648 
 1.745605 	 0.016516 
 1.748047 	 0.016101 
 1.750488 	 0.014548 
 1.752930 	 0.013831 
 1.755371 	 0.011435 
 1.757812 	 0.010978 
 1.760254 	 0.009197 
 1.762695 	 0.009373 
 1.765137 	 0.008323 
 1.767578 	 0.007908 
 1.770020 	 0.008416 
 1.772461 	 0.007362 
 1.774902 	 0.006971 
 1.777344 	 0.007683 
 1.779785 	 0.008319 
 1.782227 	 0.008468 
 1.784668 	 0.007434 
 1.787109 	 0.007732 
 1.789551 	 0.008352 
 1.791992 	 0.009369 
 1.794434 	 0.010818 
 1.796875 	 0.009515 
 1.799316 	 0.011396 
 1.801758 	 0.013075 
 1.804199 	 0.016731 
 1.806641 	 0.017351 
 1.809082 	 0.017964 
 1.811523 	 0.021395 
 1.813965 	 0.028370 
 1.816406 	 0.032146 
 1.818848 	 0.032952 
 1.821289 	 0.036907 
 1.823730 	 0.033340 
 1.826172 	 0.032192 
 1.828613 	 0.032776 
 1.831055 	 0.031485 
 1.833496 	 0.027549 
 1.835938 	 0.028498 
 1.838379 	 0.022447 
 1.840820 	 0.020044 
 1.843262 	 0.019199 
 1.845703 	 0.020441 
 1.848145 	 0.022258 
 1.850586 	 0.023368 
 1.853027 	 0.019717 
 1.855469 	 0.015742 
 1.857910 	 0.016869 
 1.860352 	 0.017211 
 1.862793 	 0.015499 
 1.865234 	 0.012739 
 1.867676 	 0.011743 
 1.870117 	 0.011742 
 1.872559 	 0.012521 
 1.875000 	 0.011971 
 1.877441 	 0.011447 
 1.879883 	 0.010519 
 1.882324 	 0.010586 
 1.884766 	 0.011626 
 1.887207 	 0.013764 
 1.889648 	 0.014939 
 1.892090 	 0.015604 
 1.894531 	 0.015326 
 1.896973 	 0.019475 
 1.899414 	 0.026470 
 1.901855 	 0.029050 
 1.904297 	 0.028008 
 1.906738 	 0.033409 
 1.909180 	 0.032351 
 1.911621 	 0.027423 
 1.914062 	 0.029844 
 1.916504 	 0.024441 
 1.918945 	 0.022061 
 1.921387 	 0.019097 
 1.923828 	 0.015348 
 1.926270 	 0.014439 
 1.928711 	 0.014595 
 1.931152 	 0.012487 
 1.933594 	 0.012481 
 1.936035 	 0.010558 
 1.938477 	 0.009429 
 1.940918 	 0.008790 
 1.943359 	 0.008814 
 1.945801 	 0.008196 
 1.948242 	 0.007334 
 1.950684 	 0.006188 
 1.953125 	 0.005374 
 1.955566 	 0.005133 
 1.958008 	 0.005183 
 1.960449 	 0.005324 
 1.962891 	 0.004976 
 1.965332 	 0.003517 
 1.967773 	 0.003609 
 1.970215 	 0.003754 
 1.972656 	 0.003602 
 1.975098 	 0.003154 
 1.977539 	 0.002689 
 1.979980 	 0.002767 
 1.982422 	 0.002283 
 1.984863 	 0.002252 
 1.987305 	 0.002453 
 1.989746 	 0.002226 
 1.992188 	 0.002151 
 1.994629 	 0.001998 
 1.997070 	 0.001983 
 1.999512 	 0.002004 
 2.001953 	 0.001930 
 2.004395 	 0.001901 
 2.006836 	 0.001832 
 2.009277 	 0.001918 
 2.011719 	 0.001816 
 2.014160 	 0.001793 
 2.016602 	 0.001674 
 2.019043 	 0.001413 
 2.021484 	 0.001542 
 2.023926 	 0.001419 
 2.026367 	 0.001645 
 2.028809 	 0.001481 
 2.031250 	 0.001405 
 2.033691 	 0.001454 
 2.036133 	 0.001467 
 2.038574 	 0.001265 
 2.041016 	 0.001265 
 2.043457 	 0.001300 
 2.045898 	 0.001292 
 2.048340 	 0.001191 
 2.050781 	 0.001273 
 2.053223 	 0.001299 
 2.055664 	 0.001272 
 2.058105 	 0.001056 
 2.060547 	 0.001162 
 2.062988 	 0.001133 
 2.065430 	 0.001121 
 2.067871 	 0.001063 
 2.070312 	 0.001043 
 2.072754 	 0.001010 
 2.075195 	 0.000990 
 2.077637 	 0.001060 
 2.080078 	 0.001110 
 2.082520 	 0.001086 
 2.084961 	 0.001041 
 2.087402 	 0.000960 
 2.089844 	 0.000891 
 2.092285 	 0.000930 
 2.094727 	 0.000951 
 2.097168 	 0.000877 
 2.099609 	 0.000933 
 2.102051 	 0.000967 
 2.104492 	 0.001011 
 2.106934 	 0.000989 
 2.109375 	 0.000929 
 2.111816 	 0.000893 
 2.114258 	 0.000847 
 2.116699 	 0.000847 
 2.119141 	 0.000939 
 2.121582 	 0.000840 
 2.124023 	 0.000870 
 2.126465 	 0.000818 
 2.128906 	 0.000850 
 2.131348 	 0.000795 
 2.133789 	 0.000863 
 2.136230 	 0.000827 
 2.138672 	 0.000864 
 2.141113 	 0.000819 
 2.143555 	 0.000795 
 2.145996 	 0.000815 
 2.148438 	 0.000760 
 2.150879 	 0.000769 
 2.153320 	 0.000720 
 2.155762 	 0.000719 
 2.158203 	 0.000701 
 2.160645 	 0.000708 
 2.163086 	 0.000702 
 2.165527 	 0.000664 
 2.167969 	 0.000705 
 2.170410 	 0.000662 
 2.172852 	 0.000755 
 2.175293 	 0.000751 
 2.177734 	 0.000732 
 2.180176 	 0.000711 
 2.182617 	 0.000757 
 2.185059 	 0.000728 
 2.187500 	 0.000719 
 2.189941 	 0.000722 
 2.192383 	 0.000661 
 2.194824 	 0.000607 
 2.197266 	 0.000637 
 2.199707 	 0.000613 
 2.202148 	 0.000587 
 2.204590 	 0.000598 
 2.207031 	 0.000575 
 2.209473 	 0.000593 
 2.211914 	 0.000575 
 2.214355 	 0.000572 
 2.216797 	 0.000634 
 2.219238 	 0.000620 
 2.221680 	 0.000575 
 2.224121 	 0.000612 
 2.226562 	 0.000595 
 2.229004 	 0.000595 
 2.231445 	 0.000570 
 2.233887 	 0.000579 
 2.236328 	 0.000630 
 2.238770 	 0.000630 
 2.241211 	 0.000617 
 2.243652 	 0.000638 
 2.246094 	 0.000587 
 2.248535 	 0.000634 
 2.250977 	 0.000633 
 2.253418 	 0.000605 
 2.255859 	 0.000612 
 2.258301 	 0.000591 
 2.260742 	 0.000545 
 2.263184 	 0.000590 
 2.265625 	 0.000544 
 2.268066 	 0.000557 
 2.270508 	 0.000528 
 2.272949 	 0.000570 
 2.275391 	 0.000547 
 2.277832 	 0.000539 
 2.280273 	 0.000528 
 2.282715 	 0.000539 
 2.285156 	 0.000581 
 2.287598 	 0.000545 
 2.290039 	 0.000526 
 2.292480 	 0.000563 
 2.294922 	 0.000550 
 2.297363 	 0.000552 
 2.299805 	 0.000530 
 2.302246 	 0.000489 
 2.304688 	 0.000536 
 2.307129 	 0.000506 
 2.309570 	 0.000517 
 2.312012 	 0.000527 
 2.314453 	 0.000520 
 2.316895 	 0.000481 
 2.319336 	 0.000511 
 2.321777 	 0.000515 
 2.324219 	 0.000528 
 2.326660 	 0.000532 
 2.329102 	 0.000498 
 2.331543 	 0.000512 
 2.333984 	 0.000519 
 2.336426 	 0.000541 
 2.338867 	 0.000546 
 2.341309 	 0.000553 
 2.343750 	 0.000537 
 2.346191 	 0.000611 
 2.348633 	 0.000552 
 2.351074 	 0.000570 
 2.353516 	 0.000562 
 2.355957 	 0.000564 
 2.358398 	 0.000519 
 2.360840 	 0.000552 
 2.363281 	 0.000539 
 2.365723 	 0.000500 
 2.368164 	 0.000506 
 2.370605 	 0.000519 
 2.373047 	 0.000463 
 2.375488 	 0.000457 
 2.377930 	 0.000475 
 2.380371 	 0.000455 
 2.382812 	 0.000432 
 2.385254 	 0.000501 
 2.387695 	 0.000469 
 2.390137 	 0.000511 
 2.392578 	 0.000439 
 2.395020 	 0.000462 
 2.397461 	 0.000456 
 2.399902 	 0.000494 
 2.402344 	 0.000507 
 2.404785 	 0.000510 
 2.407227 	 0.000483 
 2.409668 	 0.000492 
 2.412109 	 0.000495 
 2.414551 	 0.000491 
 2.416992 	 0.000463 
 2.419434 	 0.000491 
 2.421875 	 0.000501 
 2.424316 	 0.000526 
 2.426758 	 0.000486 
 2.429199 	 0.000528 
 2.431641 	 0.000518 
 2.434082 	 0.000546 
 2.436523 	 0.000506 
 2.438965 	 0.000474 
 2.441406 	 0.000488 
 2.443848 	 0.000507 
 2.446289 	 0.000532 
 2.448730 	 0.000499 
 2.451172 	 0.000496 
 2.453613 	 0.000449 
 2.456055 	 0.000462 
 2.458496 	 0.000447 
 2.460938 	 0.000471 
 2.463379 	 0.000480 
 2.465820 	 0.000520 
 2.468262 	 0.000507 
 2.470703 	 0.000455 
 2.473145 	 0.000502 
 2.475586 	 0.000505 
 2.478027 	 0.000485 
 2.480469 	 0.000502 
 2.482910 	 0.000481 
 2.485352 	 0.000467 
 2.487793 	 0.000510 
 2.490234 	 0.000466 
 2.492676 	 0.000482 
 2.495117 	 0.000458 
 2.497559 	 0.000450 
