 0.000000 	 4.403932 
 0.002441 	 0.049965 
 0.004883 	 2.589433 
 0.007324 	 1.725901 
 0.009766 	 0.377573 
 0.012207 	 0.216707 
 0.014648 	 0.124020 
 0.017090 	 0.095912 
 0.019531 	 0.063833 
 0.021973 	 0.056906 
 0.024414 	 0.040154 
 0.026855 	 0.036983 
 0.029297 	 0.027811 
 0.031738 	 0.027298 
 0.034180 	 0.020340 
 0.036621 	 0.020507 
 0.039062 	 0.015974 
 0.041504 	 0.016609 
 0.043945 	 0.012532 
 0.046387 	 0.013673 
 0.048828 	 0.010463 
 0.051270 	 0.011576 
 0.053711 	 0.008628 
 0.056152 	 0.010051 
 0.058594 	 0.007460 
 0.061035 	 0.008807 
 0.063477 	 0.006237 
 0.065918 	 0.008137 
 0.068359 	 0.005534 
 0.070801 	 0.007416 
 0.073242 	 0.004817 
 0.075684 	 0.007026 
 0.078125 	 0.004157 
 0.080566 	 0.006674 
 0.083008 	 0.003558 
 0.085449 	 0.006382 
 0.087891 	 0.002990 
 0.090332 	 0.006152 
 0.092773 	 0.002495 
 0.095215 	 0.005860 
 0.097656 	 0.002093 
 0.100098 	 0.005826 
 0.102539 	 0.001748 
 0.104980 	 0.005937 
 0.107422 	 0.001325 
 0.109863 	 0.006270 
 0.112305 	 0.000935 
 0.114746 	 0.006285 
 0.117188 	 0.000769 
 0.119629 	 0.006521 
 0.122070 	 0.000057 
 0.124512 	 0.006764 
 0.126953 	 0.000703 
 0.129395 	 0.006858 
 0.131836 	 0.001256 
 0.134277 	 0.007514 
 0.136719 	 0.001684 
 0.139160 	 0.007656 
 0.141602 	 0.002174 
 0.144043 	 0.008365 
 0.146484 	 0.003030 
 0.148926 	 0.008774 
 0.151367 	 0.003724 
 0.153809 	 0.009750 
 0.156250 	 0.005032 
 0.158691 	 0.011020 
 0.161133 	 0.006564 
 0.163574 	 0.012363 
 0.166016 	 0.006530 
 0.168457 	 0.012661 
 0.170898 	 0.007572 
 0.173340 	 0.014131 
 0.175781 	 0.008317 
 0.178223 	 0.015423 
 0.180664 	 0.011203 
 0.183105 	 0.018084 
 0.185547 	 0.012634 
 0.187988 	 0.019329 
 0.190430 	 0.017723 
 0.192871 	 0.027983 
 0.195312 	 0.025595 
 0.197754 	 0.030776 
 0.200195 	 0.034378 
 0.202637 	 0.041313 
 0.205078 	 0.039819 
 0.207520 	 0.055910 
 0.209961 	 0.061054 
 0.212402 	 0.070667 
 0.214844 	 0.087448 
 0.217285 	 0.076358 
 0.219727 	 0.102808 
 0.222168 	 0.099266 
 0.224609 	 0.107342 
 0.227051 	 0.101008 
 0.229492 	 0.084719 
 0.231934 	 0.103781 
 0.234375 	 0.070605 
 0.236816 	 0.084898 
 0.239258 	 0.060009 
 0.241699 	 0.074537 
 0.244141 	 0.051490 
 0.246582 	 0.050393 
 0.249023 	 0.061540 
 0.251465 	 0.053538 
 0.253906 	 0.053123 
 0.256348 	 0.048528 
 0.258789 	 0.050043 
 0.261230 	 0.050342 
 0.263672 	 0.059526 
 0.266113 	 0.054693 
 0.268555 	 0.075356 
 0.270996 	 0.073617 
 0.273438 	 0.085611 
 0.275879 	 0.081477 
 0.278320 	 0.092798 
 0.280762 	 0.081986 
 0.283203 	 0.070455 
 0.285645 	 0.079058 
 0.288086 	 0.048632 
 0.290527 	 0.053331 
 0.292969 	 0.047735 
 0.295410 	 0.044819 
 0.297852 	 0.035087 
 0.300293 	 0.033577 
 0.302734 	 0.033525 
 0.305176 	 0.034818 
 0.307617 	 0.027282 
 0.310059 	 0.034564 
 0.312500 	 0.026688 
 0.314941 	 0.032150 
 0.317383 	 0.028075 
 0.319824 	 0.030211 
 0.322266 	 0.028697 
 0.324707 	 0.030952 
 0.327148 	 0.030038 
 0.329590 	 0.033843 
 0.332031 	 0.032136 
 0.334473 	 0.033902 
 0.336914 	 0.031512 
 0.339355 	 0.036158 
 0.341797 	 0.032653 
 0.344238 	 0.040044 
 0.346680 	 0.032872 
 0.349121 	 0.043309 
 0.351562 	 0.038391 
 0.354004 	 0.049057 
 0.356445 	 0.046030 
 0.358887 	 0.055829 
 0.361328 	 0.050791 
 0.363770 	 0.060890 
 0.366211 	 0.054282 
 0.368652 	 0.062966 
 0.371094 	 0.065989 
 0.373535 	 0.069311 
 0.375977 	 0.090678 
 0.378418 	 0.079828 
 0.380859 	 0.105133 
 0.383301 	 0.098757 
 0.385742 	 0.132321 
 0.388184 	 0.116225 
 0.390625 	 0.126969 
 0.393066 	 0.162796 
 0.395508 	 0.147382 
 0.397949 	 0.190571 
 0.400391 	 0.138869 
 0.402832 	 0.146081 
 0.405273 	 0.139019 
 0.407715 	 0.176073 
 0.410156 	 0.138587 
 0.412598 	 0.153524 
 0.415039 	 0.146525 
 0.417480 	 0.127161 
 0.419922 	 0.131936 
 0.422363 	 0.137579 
 0.424805 	 0.147331 
 0.427246 	 0.136883 
 0.429688 	 0.139573 
 0.432129 	 0.151565 
 0.434570 	 0.166212 
 0.437012 	 0.148026 
 0.439453 	 0.167735 
 0.441895 	 0.148827 
 0.444336 	 0.180234 
 0.446777 	 0.184067 
 0.449219 	 0.174043 
 0.451660 	 0.187985 
 0.454102 	 0.186133 
 0.456543 	 0.220927 
 0.458984 	 0.206808 
 0.461426 	 0.196172 
 0.463867 	 0.204190 
 0.466309 	 0.210720 
 0.468750 	 0.208413 
 0.471191 	 0.214444 
 0.473633 	 0.176827 
 0.476074 	 0.200721 
 0.478516 	 0.190732 
 0.480957 	 0.188746 
 0.483398 	 0.155059 
 0.485840 	 0.174453 
 0.488281 	 0.152535 
 0.490723 	 0.172846 
 0.493164 	 0.158595 
 0.495605 	 0.176710 
 0.498047 	 0.163721 
 0.500488 	 0.162397 
 0.502930 	 0.158208 
 0.505371 	 0.151187 
 0.507812 	 0.155929 
 0.510254 	 0.159275 
 0.512695 	 0.166235 
 0.515137 	 0.181828 
 0.517578 	 0.173754 
 0.520020 	 0.177797 
 0.522461 	 0.212219 
 0.524902 	 0.190841 
 0.527344 	 0.208528 
 0.529785 	 0.197639 
 0.532227 	 0.191525 
 0.534668 	 0.220138 
 0.537109 	 0.223839 
 0.539551 	 0.231662 
 0.541992 	 0.230772 
 0.544434 	 0.224795 
 0.546875 	 0.250285 
 0.549316 	 0.226812 
 0.551758 	 0.233708 
 0.554199 	 0.251275 
 0.556641 	 0.209938 
 0.559082 	 0.222884 
 0.561523 	 0.212123 
 0.563965 	 0.236531 
 0.566406 	 0.227665 
 0.568848 	 0.222137 
 0.571289 	 0.244760 
 0.573730 	 0.229320 
 0.576172 	 0.215119 
 0.578613 	 0.230075 
 0.581055 	 0.232153 
 0.583496 	 0.210570 
 0.585938 	 0.228944 
 0.588379 	 0.225060 
 0.590820 	 0.231527 
 0.593262 	 0.226191 
 0.595703 	 0.247652 
 0.598145 	 0.223920 
 0.600586 	 0.224758 
 0.603027 	 0.231808 
 0.605469 	 0.218659 
 0.607910 	 0.230669 
 0.610352 	 0.234975 
 0.612793 	 0.239542 
 0.615234 	 0.227081 
 0.617676 	 0.261473 
 0.620117 	 0.239958 
 0.622559 	 0.236621 
 0.625000 	 0.244332 
 0.627441 	 0.244449 
 0.629883 	 0.248173 
 0.632324 	 0.277286 
 0.634766 	 0.208137 
 0.637207 	 0.255010 
 0.639648 	 0.242852 
 0.642090 	 0.257101 
 0.644531 	 0.284127 
 0.646973 	 0.279384 
 0.649414 	 0.258006 
 0.651855 	 0.258514 
 0.654297 	 0.261092 
 0.656738 	 0.260823 
 0.659180 	 0.268652 
 0.661621 	 0.271025 
 0.664062 	 0.264613 
 0.666504 	 0.251906 
 0.668945 	 0.254590 
 0.671387 	 0.244605 
 0.673828 	 0.256878 
 0.676270 	 0.272618 
 0.678711 	 0.246164 
 0.681152 	 0.264147 
 0.683594 	 0.264968 
 0.686035 	 0.268549 
 0.688477 	 0.243637 
 0.690918 	 0.274522 
 0.693359 	 0.265445 
 0.695801 	 0.262100 
 0.698242 	 0.262350 
 0.700684 	 0.251780 
 0.703125 	 0.258774 
 0.705566 	 0.265856 
 0.708008 	 0.247473 
 0.710449 	 0.258640 
 0.712891 	 0.270701 
 0.715332 	 0.229359 
 0.717773 	 0.276163 
 0.720215 	 0.243117 
 0.722656 	 0.270648 
 0.725098 	 0.288396 
 0.727539 	 0.251074 
 0.729980 	 0.278570 
 0.732422 	 0.267550 
 0.734863 	 0.263262 
 0.737305 	 0.269689 
 0.739746 	 0.263692 
 0.742188 	 0.258862 
 0.744629 	 0.273019 
 0.747070 	 0.260323 
 0.749512 	 0.238451 
 0.751953 	 0.252602 
 0.754395 	 0.255302 
 0.756836 	 0.234396 
 0.759277 	 0.246360 
 0.761719 	 0.210715 
 0.764160 	 0.239610 
 0.766602 	 0.225940 
 0.769043 	 0.237417 
 0.771484 	 0.207994 
 0.773926 	 0.219243 
 0.776367 	 0.226517 
 0.778809 	 0.222456 
 0.781250 	 0.202843 
 0.783691 	 0.224261 
 0.786133 	 0.226225 
 0.788574 	 0.222187 
 0.791016 	 0.233622 
 0.793457 	 0.214526 
 0.795898 	 0.206705 
 0.798340 	 0.225565 
 0.800781 	 0.209961 
 0.803223 	 0.234886 
 0.805664 	 0.222577 
 0.808105 	 0.223249 
 0.810547 	 0.240736 
 0.812988 	 0.234741 
 0.815430 	 0.232044 
 0.817871 	 0.245875 
 0.820312 	 0.250331 
 0.822754 	 0.241282 
 0.825195 	 0.230461 
 0.827637 	 0.253463 
 0.830078 	 0.269260 
 0.832520 	 0.282066 
 0.834961 	 0.281285 
 0.837402 	 0.295402 
 0.839844 	 0.295111 
 0.842285 	 0.288424 
 0.844727 	 0.282613 
 0.847168 	 0.290913 
 0.849609 	 0.266960 
 0.852051 	 0.312642 
 0.854492 	 0.273434 
 0.856934 	 0.317945 
 0.859375 	 0.278016 
 0.861816 	 0.321199 
 0.864258 	 0.291763 
 0.866699 	 0.282552 
 0.869141 	 0.294967 
 0.871582 	 0.297382 
 0.874023 	 0.275383 
 0.876465 	 0.269465 
 0.878906 	 0.269906 
 0.881348 	 0.284273 
 0.883789 	 0.272524 
 0.886230 	 0.281775 
 0.888672 	 0.273322 
 0.891113 	 0.299398 
 0.893555 	 0.258920 
 0.895996 	 0.280451 
 0.898438 	 0.256725 
 0.900879 	 0.270462 
 0.903320 	 0.264022 
 0.905762 	 0.245801 
 0.908203 	 0.244626 
 0.910645 	 0.257240 
 0.913086 	 0.236149 
 0.915527 	 0.255849 
 0.917969 	 0.220561 
 0.920410 	 0.237493 
 0.922852 	 0.226884 
 0.925293 	 0.233903 
 0.927734 	 0.230785 
 0.930176 	 0.214423 
 0.932617 	 0.221193 
 0.935059 	 0.227260 
 0.937500 	 0.200859 
 0.939941 	 0.221252 
 0.942383 	 0.193549 
 0.944824 	 0.208691 
 0.947266 	 0.183357 
 0.949707 	 0.192900 
 0.952148 	 0.189402 
 0.954590 	 0.199216 
 0.957031 	 0.171438 
 0.959473 	 0.188112 
 0.961914 	 0.175437 
 0.964355 	 0.192524 
 0.966797 	 0.182207 
 0.969238 	 0.195632 
 0.971680 	 0.189408 
 0.974121 	 0.192772 
 0.976562 	 0.185890 
 0.979004 	 0.193284 
 0.981445 	 0.210913 
 0.983887 	 0.197916 
 0.986328 	 0.192022 
 0.988770 	 0.191684 
 0.991211 	 0.205750 
 0.993652 	 0.209619 
 0.996094 	 0.197326 
 0.998535 	 0.204879 
 1.000977 	 0.205675 
 1.003418 	 0.202232 
 1.005859 	 0.216107 
 1.008301 	 0.202747 
 1.010742 	 0.194758 
 1.013184 	 0.213662 
 1.015625 	 0.207546 
 1.018066 	 0.221401 
 1.020508 	 0.234551 
 1.022949 	 0.206929 
 1.025391 	 0.241399 
 1.027832 	 0.226314 
 1.030273 	 0.235842 
 1.032715 	 0.250193 
 1.035156 	 0.218030 
 1.037598 	 0.255365 
 1.040039 	 0.236763 
 1.042480 	 0.220960 
 1.044922 	 0.221990 
 1.047363 	 0.222407 
 1.049805 	 0.251160 
 1.052246 	 0.242915 
 1.054688 	 0.235695 
 1.057129 	 0.232733 
 1.059570 	 0.233108 
 1.062012 	 0.235916 
 1.064453 	 0.239095 
 1.066895 	 0.234537 
 1.069336 	 0.211674 
 1.071777 	 0.207008 
 1.074219 	 0.220203 
 1.076660 	 0.228613 
 1.079102 	 0.221951 
 1.081543 	 0.244777 
 1.083984 	 0.209489 
 1.086426 	 0.222257 
 1.088867 	 0.213823 
 1.091309 	 0.217764 
 1.093750 	 0.221435 
 1.096191 	 0.204852 
 1.098633 	 0.228856 
 1.101074 	 0.218054 
 1.103516 	 0.213558 
 1.105957 	 0.214998 
 1.108398 	 0.219825 
 1.110840 	 0.210849 
 1.113281 	 0.212539 
 1.115723 	 0.200230 
 1.118164 	 0.225287 
 1.120605 	 0.218964 
 1.123047 	 0.204858 
 1.125488 	 0.223428 
 1.127930 	 0.205865 
 1.130371 	 0.220981 
 1.132812 	 0.210568 
 1.135254 	 0.207644 
 1.137695 	 0.210198 
 1.140137 	 0.207911 
 1.142578 	 0.198344 
 1.145020 	 0.217581 
 1.147461 	 0.192388 
 1.149902 	 0.206638 
 1.152344 	 0.208043 
 1.154785 	 0.214885 
 1.157227 	 0.195148 
 1.159668 	 0.205623 
 1.162109 	 0.203713 
 1.164551 	 0.217401 
 1.166992 	 0.196927 
 1.169434 	 0.200505 
 1.171875 	 0.188346 
 1.174316 	 0.198415 
 1.176758 	 0.188067 
 1.179199 	 0.187227 
 1.181641 	 0.182529 
 1.184082 	 0.178871 
 1.186523 	 0.176201 
 1.188965 	 0.184116 
 1.191406 	 0.173802 
 1.193848 	 0.183231 
 1.196289 	 0.174210 
 1.198730 	 0.191862 
 1.201172 	 0.183906 
 1.203613 	 0.179572 
 1.206055 	 0.176327 
 1.208496 	 0.185243 
 1.210938 	 0.178091 
 1.213379 	 0.177426 
 1.215820 	 0.179815 
 1.218262 	 0.180872 
 1.220703 	 0.179082 
 1.223145 	 0.178459 
 1.225586 	 0.178642 
 1.228027 	 0.182972 
 1.230469 	 0.171937 
 1.232910 	 0.170341 
 1.235352 	 0.181375 
 1.237793 	 0.181164 
 1.240234 	 0.168973 
 1.242676 	 0.180052 
 1.245117 	 0.182514 
 1.247559 	 0.173837 
 1.250000 	 0.175911 
 1.252441 	 0.170273 
 1.254883 	 0.162907 
 1.257324 	 0.173841 
 1.259766 	 0.169755 
 1.262207 	 0.171556 
 1.264648 	 0.162805 
 1.267090 	 0.177430 
 1.269531 	 0.161840 
 1.271973 	 0.174085 
 1.274414 	 0.145445 
 1.276855 	 0.178309 
 1.279297 	 0.151127 
 1.281738 	 0.173396 
 1.284180 	 0.168515 
 1.286621 	 0.165294 
 1.289062 	 0.162138 
 1.291504 	 0.159565 
 1.293945 	 0.164877 
 1.296387 	 0.167142 
 1.298828 	 0.153454 
 1.301270 	 0.172950 
 1.303711 	 0.157590 
 1.306152 	 0.171386 
 1.308594 	 0.162710 
 1.311035 	 0.158830 
 1.313477 	 0.152452 
 1.315918 	 0.162785 
 1.318359 	 0.147294 
 1.320801 	 0.164879 
 1.323242 	 0.151373 
 1.325684 	 0.144621 
 1.328125 	 0.158395 
 1.330566 	 0.155181 
 1.333008 	 0.149698 
 1.335449 	 0.156744 
 1.337891 	 0.148706 
 1.340332 	 0.152491 
 1.342773 	 0.143147 
 1.345215 	 0.156397 
 1.347656 	 0.144974 
 1.350098 	 0.150906 
 1.352539 	 0.137885 
 1.354980 	 0.151353 
 1.357422 	 0.142033 
 1.359863 	 0.146048 
 1.362305 	 0.148983 
 1.364746 	 0.147725 
 1.367188 	 0.143224 
 1.369629 	 0.139376 
 1.372070 	 0.150088 
 1.374512 	 0.147396 
 1.376953 	 0.149787 
 1.379395 	 0.141244 
 1.381836 	 0.144885 
 1.384277 	 0.144927 
 1.386719 	 0.139102 
 1.389160 	 0.151937 
 1.391602 	 0.142842 
 1.394043 	 0.151281 
 1.396484 	 0.136076 
 1.398926 	 0.145514 
 1.401367 	 0.151205 
 1.403809 	 0.137731 
 1.406250 	 0.139877 
 1.408691 	 0.141607 
 1.411133 	 0.133833 
 1.413574 	 0.139590 
 1.416016 	 0.133130 
 1.418457 	 0.145653 
 1.420898 	 0.138022 
 1.423340 	 0.140205 
 1.425781 	 0.134644 
 1.428223 	 0.153087 
 1.430664 	 0.136957 
 1.433105 	 0.141371 
 1.435547 	 0.143008 
 1.437988 	 0.143257 
 1.440430 	 0.158120 
 1.442871 	 0.142651 
 1.445312 	 0.141245 
 1.447754 	 0.149729 
 1.450195 	 0.147552 
 1.452637 	 0.150182 
 1.455078 	 0.143154 
 1.457520 	 0.141510 
 1.459961 	 0.143735 
 1.462402 	 0.153562 
 1.464844 	 0.143113 
 1.467285 	 0.148434 
 1.469727 	 0.148273 
 1.472168 	 0.148912 
 1.474609 	 0.149250 
 1.477051 	 0.147036 
 1.479492 	 0.147401 
 1.481934 	 0.155229 
 1.484375 	 0.145788 
 1.486816 	 0.160941 
 1.489258 	 0.143042 
 1.491699 	 0.143203 
 1.494141 	 0.151308 
 1.496582 	 0.146039 
 1.499023 	 0.150305 
 1.501465 	 0.153537 
 1.503906 	 0.147943 
 1.506348 	 0.153637 
 1.508789 	 0.153035 
 1.511230 	 0.146549 
 1.513672 	 0.156367 
 1.516113 	 0.155862 
 1.518555 	 0.143482 
 1.520996 	 0.149020 
 1.523438 	 0.148907 
 1.525879 	 0.150911 
 1.528320 	 0.151083 
 1.530762 	 0.141689 
 1.533203 	 0.142870 
 1.535645 	 0.142457 
 1.538086 	 0.159689 
 1.540527 	 0.146784 
 1.542969 	 0.146570 
 1.545410 	 0.140967 
 1.547852 	 0.144267 
 1.550293 	 0.139784 
 1.552734 	 0.139769 
 1.555176 	 0.160467 
 1.557617 	 0.143305 
 1.560059 	 0.142272 
 1.562500 	 0.143987 
 1.564941 	 0.152255 
 1.567383 	 0.148314 
 1.569824 	 0.138332 
 1.572266 	 0.144335 
 1.574707 	 0.149976 
 1.577148 	 0.145609 
 1.579590 	 0.137708 
 1.582031 	 0.146291 
 1.584473 	 0.149689 
 1.586914 	 0.143773 
 1.589355 	 0.140452 
 1.591797 	 0.131467 
 1.594238 	 0.137706 
 1.596680 	 0.132176 
 1.599121 	 0.139235 
 1.601562 	 0.123402 
 1.604004 	 0.146518 
 1.606445 	 0.137987 
 1.608887 	 0.135939 
 1.611328 	 0.139619 
 1.613770 	 0.124786 
 1.616211 	 0.133916 
 1.618652 	 0.128182 
 1.621094 	 0.140970 
 1.623535 	 0.127482 
 1.625977 	 0.127825 
 1.628418 	 0.126818 
 1.630859 	 0.122086 
 1.633301 	 0.126135 
 1.635742 	 0.124835 
 1.638184 	 0.122084 
 1.640625 	 0.121625 
 1.643066 	 0.118622 
 1.645508 	 0.123658 
 1.647949 	 0.124590 
 1.650391 	 0.115892 
 1.652832 	 0.120526 
 1.655273 	 0.129628 
 1.657715 	 0.113752 
 1.660156 	 0.112797 
 1.662598 	 0.116438 
 1.665039 	 0.113282 
 1.667480 	 0.113903 
 1.669922 	 0.100681 
 1.672363 	 0.118096 
 1.674805 	 0.119083 
 1.677246 	 0.108986 
 1.679688 	 0.109802 
 1.682129 	 0.109156 
 1.684570 	 0.113500 
 1.687012 	 0.105536 
 1.689453 	 0.111870 
 1.691895 	 0.114621 
 1.694336 	 0.107582 
 1.696777 	 0.112384 
 1.699219 	 0.116901 
 1.701660 	 0.113406 
 1.704102 	 0.104822 
 1.706543 	 0.110577 
 1.708984 	 0.114325 
 1.711426 	 0.112756 
 1.713867 	 0.102627 
 1.716309 	 0.107146 
 1.718750 	 0.110706 
 1.721191 	 0.107835 
 1.723633 	 0.106779 
 1.726074 	 0.116860 
 1.728516 	 0.101218 
 1.730957 	 0.106761 
 1.733398 	 0.099260 
 1.735840 	 0.096417 
 1.738281 	 0.104712 
 1.740723 	 0.102308 
 1.743164 	 0.106331 
 1.745605 	 0.094158 
 1.748047 	 0.107752 
 1.750488 	 0.103653 
 1.752930 	 0.097897 
 1.755371 	 0.099146 
 1.757812 	 0.100828 
 1.760254 	 0.110883 
 1.762695 	 0.104388 
 1.765137 	 0.102543 
 1.767578 	 0.095668 
 1.770020 	 0.096434 
 1.772461 	 0.107373 
 1.774902 	 0.098930 
 1.777344 	 0.092879 
 1.779785 	 0.097878 
 1.782227 	 0.100312 
 1.784668 	 0.098615 
 1.787109 	 0.092285 
 1.789551 	 0.095348 
 1.791992 	 0.089002 
 1.794434 	 0.089174 
 1.796875 	 0.088988 
 1.799316 	 0.095841 
 1.801758 	 0.081239 
 1.804199 	 0.088137 
 1.806641 	 0.091950 
 1.809082 	 0.086794 
 1.811523 	 0.084660 
 1.813965 	 0.084744 
 1.816406 	 0.097992 
 1.818848 	 0.097986 
 1.821289 	 0.085507 
 1.823730 	 0.101776 
 1.826172 	 0.107590 
 1.828613 	 0.087116 
 1.831055 	 0.091496 
 1.833496 	 0.090206 
 1.835938 	 0.086856 
 1.838379 	 0.087179 
 1.840820 	 0.081301 
 1.843262 	 0.088550 
 1.845703 	 0.077272 
 1.848145 	 0.084070 
 1.850586 	 0.079509 
 1.853027 	 0.082120 
 1.855469 	 0.074187 
 1.857910 	 0.083339 
 1.860352 	 0.083337 
 1.862793 	 0.079786 
 1.865234 	 0.072480 
 1.867676 	 0.081671 
 1.870117 	 0.075571 
 1.872559 	 0.074524 
 1.875000 	 0.061645 
 1.877441 	 0.076949 
 1.879883 	 0.068341 
 1.882324 	 0.064812 
 1.884766 	 0.067413 
 1.887207 	 0.065313 
 1.889648 	 0.061698 
 1.892090 	 0.064506 
 1.894531 	 0.058066 
 1.896973 	 0.061097 
 1.899414 	 0.061901 
 1.901855 	 0.054600 
 1.904297 	 0.051263 
 1.906738 	 0.059595 
 1.909180 	 0.051435 
 1.911621 	 0.058273 
 1.914062 	 0.050526 
 1.916504 	 0.052714 
 1.918945 	 0.056419 
 1.921387 	 0.050068 
 1.923828 	 0.050777 
 1.926270 	 0.049061 
 1.928711 	 0.044751 
 1.931152 	 0.045072 
 1.933594 	 0.042164 
 1.936035 	 0.047814 
 1.938477 	 0.041318 
 1.940918 	 0.045261 
 1.943359 	 0.044651 
 1.945801 	 0.041675 
 1.948242 	 0.040523 
 1.950684 	 0.041189 
 1.953125 	 0.038162 
 1.955566 	 0.040773 
 1.958008 	 0.038178 
 1.960449 	 0.037096 
 1.962891 	 0.036052 
 1.965332 	 0.037397 
 1.967773 	 0.036963 
 1.970215 	 0.036624 
 1.972656 	 0.035815 
 1.975098 	 0.037404 
 1.977539 	 0.034704 
 1.979980 	 0.037313 
 1.982422 	 0.034185 
 1.984863 	 0.031267 
 1.987305 	 0.032604 
 1.989746 	 0.034401 
 1.992188 	 0.031207 
 1.994629 	 0.033940 
 1.997070 	 0.030106 
 1.999512 	 0.033174 
 2.001953 	 0.029241 
 2.004395 	 0.031727 
 2.006836 	 0.026172 
 2.009277 	 0.029834 
 2.011719 	 0.026752 
 2.014160 	 0.030203 
 2.016602 	 0.027120 
 2.019043 	 0.029110 
 2.021484 	 0.026516 
 2.023926 	 0.028322 
 2.026367 	 0.026174 
 2.028809 	 0.028599 
 2.031250 	 0.025212 
 2.033691 	 0.028568 
 2.036133 	 0.022566 
 2.038574 	 0.027439 
 2.041016 	 0.023009 
 2.043457 	 0.027306 
 2.045898 	 0.022835 
 2.048340 	 0.024930 
 2.050781 	 0.020707 
 2.053223 	 0.024710 
 2.055664 	 0.022644 
 2.058105 	 0.024719 
 2.060547 	 0.022019 
 2.062988 	 0.023921 
 2.065430 	 0.020544 
 2.067871 	 0.023400 
 2.070312 	 0.020666 
 2.072754 	 0.023228 
 2.075195 	 0.019966 
 2.077637 	 0.023517 
 2.080078 	 0.019620 
 2.082520 	 0.023748 
 2.084961 	 0.018876 
 2.087402 	 0.022401 
 2.089844 	 0.019241 
 2.092285 	 0.023598 
 2.094727 	 0.017537 
 2.097168 	 0.022365 
 2.099609 	 0.019520 
 2.102051 	 0.021982 
 2.104492 	 0.019890 
 2.106934 	 0.021870 
 2.109375 	 0.018825 
 2.111816 	 0.020261 
 2.114258 	 0.018024 
 2.116699 	 0.019556 
 2.119141 	 0.017137 
 2.121582 	 0.020337 
 2.124023 	 0.018107 
 2.126465 	 0.020062 
 2.128906 	 0.017411 
 2.131348 	 0.019603 
 2.133789 	 0.015916 
 2.136230 	 0.018418 
 2.138672 	 0.017576 
 2.141113 	 0.018525 
 2.143555 	 0.017921 
 2.145996 	 0.018801 
 2.148438 	 0.016576 
 2.150879 	 0.018663 
 2.153320 	 0.017132 
 2.155762 	 0.019001 
 2.158203 	 0.016595 
 2.160645 	 0.018667 
 2.163086 	 0.015305 
 2.165527 	 0.017208 
 2.167969 	 0.015368 
 2.170410 	 0.019059 
 2.172852 	 0.014625 
 2.175293 	 0.018666 
 2.177734 	 0.014632 
 2.180176 	 0.017564 
 2.182617 	 0.014793 
 2.185059 	 0.017340 
 2.187500 	 0.014160 
 2.189941 	 0.017846 
 2.192383 	 0.014610 
 2.194824 	 0.016906 
 2.197266 	 0.014197 
 2.199707 	 0.016597 
 2.202148 	 0.014864 
 2.204590 	 0.016989 
 2.207031 	 0.014077 
 2.209473 	 0.015253 
 2.211914 	 0.013271 
 2.214355 	 0.017183 
 2.216797 	 0.013129 
 2.219238 	 0.016606 
 2.221680 	 0.012973 
 2.224121 	 0.016134 
 2.226562 	 0.012826 
 2.229004 	 0.016778 
 2.231445 	 0.012691 
 2.233887 	 0.015533 
 2.236328 	 0.013492 
 2.238770 	 0.015289 
 2.241211 	 0.012887 
 2.243652 	 0.015155 
 2.246094 	 0.012471 
 2.248535 	 0.015135 
 2.250977 	 0.012880 
 2.253418 	 0.015629 
 2.255859 	 0.012507 
 2.258301 	 0.015581 
 2.260742 	 0.012884 
 2.263184 	 0.015065 
 2.265625 	 0.012533 
 2.268066 	 0.014951 
 2.270508 	 0.011754 
 2.272949 	 0.015883 
 2.275391 	 0.012273 
 2.277832 	 0.014452 
 2.280273 	 0.011940 
 2.282715 	 0.014657 
 2.285156 	 0.012520 
 2.287598 	 0.014772 
 2.290039 	 0.011820 
 2.292480 	 0.013381 
 2.294922 	 0.011889 
 2.297363 	 0.014215 
 2.299805 	 0.011867 
 2.302246 	 0.013965 
 2.304688 	 0.011299 
 2.307129 	 0.014945 
 2.309570 	 0.011346 
 2.312012 	 0.014147 
 2.314453 	 0.011224 
 2.316895 	 0.013931 
 2.319336 	 0.011568 
 2.321777 	 0.014713 
 2.324219 	 0.011057 
 2.326660 	 0.014618 
 2.329102 	 0.011802 
 2.331543 	 0.014226 
 2.333984 	 0.011880 
 2.336426 	 0.014593 
 2.338867 	 0.011494 
 2.341309 	 0.013884 
 2.343750 	 0.011993 
 2.346191 	 0.014660 
 2.348633 	 0.011103 
 2.351074 	 0.014436 
 2.353516 	 0.011969 
 2.355957 	 0.013989 
 2.358398 	 0.011155 
 2.360840 	 0.014554 
 2.363281 	 0.011342 
 2.365723 	 0.014011 
 2.368164 	 0.010857 
 2.370605 	 0.013588 
 2.373047 	 0.011522 
 2.375488 	 0.013737 
 2.377930 	 0.010601 
 2.380371 	 0.014265 
 2.382812 	 0.010907 
 2.385254 	 0.013635 
 2.387695 	 0.011272 
 2.390137 	 0.013192 
 2.392578 	 0.010559 
 2.395020 	 0.014182 
 2.397461 	 0.010796 
 2.399902 	 0.014301 
 2.402344 	 0.010259 
 2.404785 	 0.013368 
 2.407227 	 0.010380 
 2.409668 	 0.013920 
 2.412109 	 0.011411 
 2.414551 	 0.013358 
 2.416992 	 0.010814 
 2.419434 	 0.013420 
 2.421875 	 0.011049 
 2.424316 	 0.013848 
 2.426758 	 0.010895 
 2.429199 	 0.013531 
 2.431641 	 0.010211 
 2.434082 	 0.013450 
 2.436523 	 0.011039 
 2.438965 	 0.013578 
 2.441406 	 0.010208 
 2.443848 	 0.013181 
 2.446289 	 0.010974 
 2.448730 	 0.014400 
 2.451172 	 0.010213 
 2.453613 	 0.013198 
 2.456055 	 0.011196 
 2.458496 	 0.014459 
 2.460938 	 0.010559 
 2.463379 	 0.012925 
 2.465820 	 0.010442 
 2.468262 	 0.013032 
 2.470703 	 0.010323 
 2.473145 	 0.012695 
 2.475586 	 0.009233 
 2.478027 	 0.013172 
 2.480469 	 0.010317 
 2.482910 	 0.012817 
 2.485352 	 0.010440 
 2.487793 	 0.012656 
 2.490234 	 0.010720 
 2.492676 	 0.013390 
 2.495117 	 0.010412 
 2.497559 	 0.012900 
