0.000000	0.000000
0.030000	0.000000
0.060000	0.000000
0.090000	0.000000
0.120000	0.000000
0.150000	0.000000
0.180000	0.000000
0.210000	0.000000
0.240000	0.000000
0.270000	0.000000
0.300000	0.000000
0.330000	0.000000
0.360000	0.000000
0.390000	0.000000
0.420000	0.000000
0.450000	0.000000
0.480000	0.000000
0.510000	0.000000
0.540000	0.000000
0.570000	0.000000
0.600000	0.000000
0.630000	0.000000
0.660000	0.000000
0.690000	0.000000
0.720000	0.000000
0.750000	0.000000
0.780000	0.000000
0.810000	0.000000
0.840000	0.000210
0.870000	0.047120
0.900000	0.985750
0.930000	6.551490
0.960000	20.284820
0.990000	38.179010
1.020000	52.395210
1.050000	58.522720
1.080000	57.478820
1.110000	52.130460
1.140000	44.985660
1.170000	37.903420
1.200000	31.532760
1.230000	26.156060
1.260000	21.872120
1.290000	18.598770
1.320000	16.157940
1.350000	14.375090
1.380000	13.180440
1.410000	12.504370
1.440000	12.402040
1.470000	12.868330
1.500000	13.990600
1.530000	15.728370
1.560000	18.196080
1.590000	21.258290
1.620000	24.944100
1.650000	29.237770
1.680000	34.239670
1.710000	40.014540
1.740000	46.415800
1.770000	53.283340
1.800000	60.465940
1.830000	67.446380
1.860000	73.768200
1.890000	78.976590
1.920000	82.856540
1.950000	85.638980
1.980000	87.838880
2.010000	89.725320
2.040000	90.965720
2.070000	91.450010
2.100000	90.645740
2.130000	88.377210
2.160000	83.802280
2.190000	76.061680
2.220000	66.665690
2.250000	58.009500
2.280000	50.829970
2.310000	44.741980
2.340000	39.184020
2.370000	34.138230
2.400000	29.579200
2.430000	25.919470
2.460000	23.298140
2.490000	22.114150
2.520000	22.629290
2.550000	25.149890
2.580000	29.689190
2.610000	35.883820
2.640000	43.337120
2.670000	51.178630
2.700000	58.487300
2.730000	64.124800
2.760000	67.144570
2.790000	66.707800
2.820000	62.674750
2.850000	55.420480
2.880000	46.085230
2.910000	35.825060
2.940000	25.920970
2.970000	17.512010
