0.000000	0.000000
0.030000	0.000000
0.060000	0.000000
0.090000	0.000000
0.120000	0.000000
0.150000	0.000000
0.180000	0.000000
0.210000	0.000000
0.240000	0.000000
0.270000	0.000000
0.300000	0.000000
0.330000	0.000000
0.360000	0.000000
0.390000	0.000000
0.420000	0.000000
0.450000	0.000000
0.480000	0.000000
0.510000	0.000000
0.540000	0.000000
0.570000	0.000000
0.600000	0.000000
0.630000	0.000000
0.660000	0.000000
0.690000	0.000000
0.720000	0.000000
0.750000	0.000000
0.780000	0.000000
0.810000	0.000000
0.840000	0.000000
0.870000	0.000000
0.900000	0.000000
0.930000	0.002360
0.960000	0.465160
0.990000	9.327520
1.020000	45.785440
1.050000	89.096230
1.080000	96.887350
1.110000	77.146900
1.140000	54.715470
1.170000	38.118670
1.200000	26.968680
1.230000	19.671850
1.260000	15.352840
1.290000	13.259560
1.320000	12.507960
1.350000	12.534180
1.380000	12.484400
1.410000	11.707130
1.440000	9.874690
1.470000	7.439380
1.500000	5.765720
1.530000	6.410070
1.560000	10.571720
1.590000	17.640700
1.620000	25.277560
1.650000	31.105670
1.680000	34.666710
1.710000	37.975690
1.740000	43.902530
1.770000	52.740080
1.800000	61.239370
1.830000	66.620680
1.860000	72.084570
1.890000	83.144260
1.920000	97.321750
1.950000	105.610740
1.980000	102.399810
2.010000	90.245070
2.040000	78.701890
2.070000	78.327820
2.100000	89.728220
2.130000	100.982620
2.160000	102.003720
2.190000	90.500620
2.220000	69.959850
2.250000	57.016740
2.280000	51.705030
2.310000	46.627560
2.340000	39.433740
2.370000	31.187280
2.400000	23.280750
2.430000	16.896840
2.460000	11.868070
2.490000	8.262630
2.520000	6.683880
2.550000	7.813880
2.580000	12.157810
2.610000	19.411580
2.640000	29.384580
2.670000	42.302960
2.700000	59.589320
2.730000	79.758350
2.760000	95.625910
2.790000	100.781730
2.820000	94.036570
2.850000	77.099380
2.880000	52.768450
2.910000	28.927670
2.940000	12.717290
2.970000	4.575720
