0.000000	0.000000
0.030000	0.000000
0.060000	0.000000
0.090000	0.000000
0.120000	0.000000
0.150000	0.000000
0.180000	0.000000
0.210000	0.000000
0.240000	0.000000
0.270000	0.000000
0.300000	0.000000
0.330000	0.000000
0.360000	0.000000
0.390000	0.000000
0.420000	0.000000
0.450000	0.000000
0.480000	0.000000
0.510000	0.000000
0.540000	0.000000
0.570000	0.000000
0.600000	0.000000
0.630000	0.000000
0.660000	0.000000
0.690000	0.000000
0.720000	0.000000
0.750000	0.000000
0.780000	0.000000
0.810000	0.000000
0.840000	0.000000
0.870000	0.000060
0.900000	0.022470
0.930000	0.834400
0.960000	7.685160
0.990000	27.870030
1.020000	54.625320
1.050000	71.859550
1.080000	73.264790
1.110000	64.087470
1.140000	51.438090
1.170000	39.754430
1.200000	30.515120
1.230000	23.740500
1.260000	19.076630
1.290000	15.909690
1.320000	13.827450
1.350000	12.414250
1.380000	11.455490
1.410000	10.718330
1.440000	10.188370
1.470000	10.071240
1.500000	10.646720
1.530000	12.334870
1.560000	15.267060
1.590000	19.233830
1.620000	23.758630
1.650000	28.575080
1.680000	33.631950
1.710000	39.108630
1.740000	45.309580
1.770000	52.300920
1.800000	60.027370
1.830000	68.412490
1.860000	76.896140
1.890000	84.480430
1.920000	89.621500
1.950000	91.371430
1.980000	90.278710
2.010000	88.567920
2.040000	88.680310
2.070000	90.989540
2.100000	93.732760
2.130000	94.490160
2.160000	91.547070
2.190000	82.378900
2.220000	68.961760
2.250000	57.510440
2.280000	49.708840
2.310000	43.780110
2.340000	37.982170
2.370000	32.173780
2.400000	26.368920
2.430000	21.110150
2.460000	16.902800
2.490000	14.285370
2.520000	13.772680
2.550000	15.740060
2.580000	20.488670
2.610000	27.996220
2.640000	37.988220
2.670000	49.732900
2.700000	61.903530
2.730000	72.252680
2.760000	78.935550
2.790000	80.344080
2.820000	75.670840
2.850000	65.202480
2.880000	50.727990
2.910000	35.309070
2.940000	21.890060
2.970000	12.096000
