0.000000	0.000000
0.030000	0.000000
0.060000	0.000000
0.090000	0.000000
0.120000	0.000000
0.150000	0.000000
0.180000	0.000000
0.210000	0.000000
0.240000	0.000000
0.270000	0.000000
0.300000	0.000000
0.330000	0.000000
0.360000	0.000000
0.390000	0.000000
0.420000	0.000000
0.450000	0.000000
0.480000	0.000000
0.510000	0.000000
0.540000	0.000000
0.570000	0.000000
0.600000	0.000000
0.630000	0.000000
0.660000	0.000000
0.690000	0.000000
0.720000	0.000000
0.750000	0.000000
0.780000	0.000000
0.810000	0.000000
0.840000	0.000000
0.870000	0.000000
0.900000	0.003250
0.930000	0.309140
0.960000	4.742460
0.990000	23.333170
1.020000	53.851840
1.050000	75.990980
1.080000	78.696790
1.110000	67.643080
1.140000	52.848070
1.170000	39.672350
1.200000	29.782010
1.230000	22.839710
1.260000	18.261410
1.290000	15.293250
1.320000	13.475210
1.350000	12.344070
1.380000	11.517190
1.410000	10.693420
1.440000	9.827570
1.470000	9.189660
1.500000	9.316870
1.530000	10.822960
1.560000	13.992880
1.590000	18.516000
1.620000	23.693240
1.650000	28.909600
1.680000	34.013860
1.710000	39.301500
1.740000	45.406370
1.770000	52.312710
1.800000	59.771010
1.830000	67.597640
1.860000	76.402830
1.890000	85.059340
1.920000	91.702640
1.950000	94.225630
1.980000	92.311590
2.010000	88.498570
2.040000	86.860220
2.070000	89.299230
2.100000	93.676100
2.130000	96.411920
2.160000	94.131380
2.190000	84.536910
2.220000	69.525880
2.250000	57.415580
2.280000	50.052370
2.310000	44.174390
2.340000	38.310100
2.370000	31.935210
2.400000	25.547440
2.430000	19.761610
2.460000	15.110830
2.490000	12.126130
2.520000	11.303510
2.550000	13.036350
2.580000	17.614190
2.610000	25.137740
2.640000	35.569280
2.670000	48.427300
2.700000	62.311830
2.730000	74.946090
2.760000	83.477390
2.790000	85.702560
2.820000	80.652780
2.850000	68.704840
2.880000	51.857610
2.910000	34.136600
2.940000	19.569390
2.970000	9.803500
