0.000000	0.000000
0.030000	0.000000
0.060000	0.000000
0.090000	0.000000
0.120000	0.000000
0.150000	0.000000
0.180000	0.000000
0.210000	0.000000
0.240000	0.000000
0.270000	0.000000
0.300000	0.000000
0.330000	0.000000
0.360000	0.000000
0.390000	0.000000
0.420000	0.000000
0.450000	0.000000
0.480000	0.000000
0.510000	0.000000
0.540000	0.000000
0.570000	0.000000
0.600000	0.000000
0.630000	0.000000
0.660000	0.000000
0.690000	0.000000
0.720000	0.000000
0.750000	0.000000
0.780000	0.000000
0.810000	0.000000
0.840000	0.000030
0.870000	0.021970
0.900000	0.642640
0.930000	5.206550
0.960000	18.312100
0.990000	37.239720
1.020000	53.186850
1.050000	60.617060
1.080000	59.795830
1.110000	53.847390
1.140000	46.026880
1.170000	38.218040
1.200000	31.382720
1.230000	25.781140
1.260000	21.370520
1.290000	18.068260
1.320000	15.635160
1.350000	13.936790
1.380000	12.788200
1.410000	12.142960
1.440000	12.046560
1.470000	12.541670
1.500000	13.654530
1.530000	15.390370
1.560000	17.897980
1.590000	20.978130
1.620000	24.708150
1.650000	29.038810
1.680000	34.016960
1.710000	39.729280
1.740000	46.095810
1.770000	53.159310
1.800000	60.552600
1.830000	67.991750
1.860000	74.626960
1.890000	79.886820
1.920000	83.608110
1.950000	86.170840
1.980000	87.997730
2.010000	89.682410
2.040000	90.925930
2.070000	91.693610
2.100000	91.284960
2.130000	89.167930
2.160000	84.633170
2.190000	76.804150
2.220000	66.971760
2.250000	57.890920
2.280000	50.540260
2.310000	44.366820
2.340000	38.862840
2.370000	33.680330
2.400000	29.074860
2.430000	25.249270
2.460000	22.462550
2.490000	21.097920
2.520000	21.541760
2.550000	23.981110
2.580000	28.553640
2.610000	34.992970
2.640000	42.778810
2.670000	51.071930
2.700000	58.894830
2.730000	65.045120
2.760000	68.470620
2.790000	68.191240
2.820000	64.104490
2.850000	56.598910
2.880000	46.694940
2.910000	35.941790
2.940000	25.712510
2.970000	17.055920
