0.000000	0.000000
0.030000	0.000000
0.060000	0.000000
0.090000	0.000000
0.120000	0.000000
0.150000	0.000000
0.180000	0.000000
0.210000	0.000000
0.240000	0.000000
0.270000	0.000000
0.300000	0.000000
0.330000	0.000000
0.360000	0.000000
0.390000	0.000000
0.420000	0.000000
0.450000	0.000000
0.480000	0.000000
0.510000	0.000000
0.540000	0.000000
0.570000	0.000000
0.600000	0.000000
0.630000	0.000000
0.660000	0.000000
0.690000	0.000000
0.720000	0.000000
0.750000	0.000000
0.780000	0.000000
0.810000	0.000000
0.840000	0.000000
0.870000	0.000000
0.900000	0.000000
0.930000	0.000000
0.960000	0.006470
0.990000	1.727470
1.020000	31.157990
1.050000	101.056920
1.080000	113.873360
1.110000	80.742870
1.140000	55.330470
1.170000	37.822510
1.200000	24.303370
1.230000	16.212990
1.260000	12.897660
1.290000	12.114010
1.320000	12.154660
1.350000	12.816580
1.380000	13.750140
1.410000	13.740270
1.440000	10.957670
1.470000	6.307490
1.500000	2.664810
1.530000	2.319770
1.560000	6.969560
1.590000	17.150720
1.620000	28.555840
1.650000	34.925770
1.680000	35.547510
1.710000	34.983400
1.740000	38.956880
1.770000	52.085600
1.800000	68.178230
1.830000	71.349800
1.860000	64.594110
1.890000	72.436200
1.920000	99.529080
1.950000	118.731500
1.980000	114.906320
2.010000	95.762180
2.040000	72.978080
2.070000	62.615060
2.100000	81.219370
2.130000	106.328710
2.160000	108.863790
2.190000	95.245230
2.220000	69.286610
2.250000	55.593400
2.280000	54.490450
2.310000	51.445200
2.340000	40.729740
2.370000	28.303940
2.400000	20.444570
2.430000	15.997180
2.460000	11.212150
2.490000	6.149910
2.520000	3.420940
2.550000	4.538740
2.580000	9.553430
2.610000	17.607400
2.640000	26.607590
2.670000	35.736010
2.700000	50.670840
2.730000	79.047050
2.760000	108.840060
2.790000	117.311920
2.820000	105.702590
2.850000	82.186660
2.880000	50.117210
2.910000	22.099800
2.940000	7.018640
2.970000	1.692870
