0.000000	0.000000
0.030000	0.000000
0.060000	0.000000
0.090000	0.000000
0.120000	0.000000
0.150000	0.000000
0.180000	0.000000
0.210000	0.000000
0.240000	0.000000
0.270000	0.000000
0.300000	0.000000
0.330000	0.000000
0.360000	0.000000
0.390000	0.000000
0.420000	0.000000
0.450000	0.000000
0.480000	0.000000
0.510000	0.000000
0.540000	0.000000
0.570000	0.000000
0.600000	0.000000
0.630000	0.000000
0.660000	0.000000
0.690000	0.000000
0.720000	0.000000
0.750000	0.000000
0.780000	0.000000
0.810000	0.000000
0.840000	0.000010
0.870000	0.008290
0.900000	0.367440
0.930000	3.878930
0.960000	15.985790
0.990000	35.777000
1.020000	53.782000
1.050000	62.799110
1.080000	62.306620
1.110000	55.948800
1.140000	47.405000
1.170000	38.827500
1.200000	31.431250
1.230000	25.526100
1.260000	21.025470
1.290000	17.689260
1.320000	15.266800
1.350000	13.558230
1.380000	12.372050
1.410000	11.684610
1.440000	11.473440
1.470000	11.842360
1.500000	12.887310
1.530000	14.639770
1.560000	17.207610
1.590000	20.492920
1.620000	24.382830
1.650000	28.821410
1.680000	33.854880
1.710000	39.578340
1.740000	46.050980
1.770000	53.212100
1.800000	60.761060
1.830000	68.368830
1.860000	75.200840
1.890000	80.823520
1.920000	84.529270
1.950000	86.814510
1.980000	88.172900
2.010000	89.578830
2.040000	90.919920
2.070000	92.052670
2.100000	92.090040
2.130000	90.631120
2.160000	86.388190
2.190000	78.175730
2.220000	67.503610
2.250000	57.888240
2.280000	50.286750
2.310000	44.053260
2.340000	38.444670
2.370000	33.088090
2.400000	28.239840
2.430000	24.081280
2.460000	20.960820
2.490000	19.329680
2.520000	19.576680
2.550000	22.034490
2.580000	26.764370
2.610000	33.547360
2.640000	41.899610
2.670000	50.979810
2.700000	59.689190
2.730000	66.686550
2.760000	70.839160
2.790000	70.988770
2.820000	66.782390
2.850000	58.593360
2.880000	47.695310
2.910000	35.921780
2.940000	24.948690
2.970000	15.981780
