0.000000	0.000000
0.030000	0.000000
0.060000	0.000000
0.090000	0.000000
0.120000	0.000000
0.150000	0.000000
0.180000	0.000000
0.210000	0.000000
0.240000	0.000000
0.270000	0.000000
0.300000	0.000000
0.330000	0.000000
0.360000	0.000000
0.390000	0.000000
0.420000	0.000000
0.450000	0.000000
0.480000	0.000000
0.510000	0.000000
0.540000	0.000000
0.570000	0.000000
0.600000	0.000000
0.630000	0.000000
0.660000	0.000000
0.690000	0.000000
0.720000	0.000000
0.750000	0.000000
0.780000	0.000000
0.810000	0.000000
0.840000	0.000000
0.870000	0.000450
0.900000	0.074800
0.930000	1.640710
0.960000	10.660830
0.990000	31.346370
1.020000	54.705040
1.050000	68.344830
1.080000	68.896080
1.110000	60.880180
1.140000	49.972810
1.170000	39.510950
1.200000	30.979040
1.230000	24.554370
1.260000	19.895710
1.290000	16.602280
1.320000	14.307280
1.350000	12.772510
1.380000	11.648290
1.410000	10.926460
1.440000	10.602770
1.470000	10.727670
1.500000	11.594080
1.530000	13.364080
1.560000	16.121930
1.590000	19.651830
1.620000	23.853980
1.650000	28.522840
1.680000	33.562900
1.710000	39.125910
1.740000	45.491410
1.770000	52.571320
1.800000	60.371580
1.830000	68.613210
1.860000	76.595100
1.890000	83.172170
1.920000	87.632080
1.950000	89.344670
1.980000	89.282450
2.010000	89.078750
2.040000	89.961080
2.070000	91.880880
2.100000	93.469520
2.130000	93.203930
2.160000	89.382780
2.190000	80.488030
2.220000	68.364430
2.250000	57.563400
2.280000	49.744810
2.310000	43.738480
2.340000	38.007630
2.370000	32.462170
2.400000	27.057970
2.430000	22.223020
2.460000	18.367670
2.490000	16.085640
2.520000	15.836700
2.550000	18.013630
2.580000	22.823410
2.610000	30.249990
2.640000	39.682290
2.670000	50.423680
2.700000	61.217740
2.730000	70.147030
2.760000	75.749830
2.790000	76.669610
2.820000	72.172370
2.850000	62.641750
2.880000	49.701090
2.910000	35.725670
2.940000	23.215990
2.970000	13.678580
