0.000000	0.000000
0.030000	0.000000
0.060000	0.000000
0.090000	0.000000
0.120000	0.000000
0.150000	0.000000
0.180000	0.000000
0.210000	0.000000
0.240000	0.000000
0.270000	0.000000
0.300000	0.000000
0.330000	0.000000
0.360000	0.000000
0.390000	0.000000
0.420000	0.000000
0.450000	0.000000
0.480000	0.000000
0.510000	0.000000
0.540000	0.000000
0.570000	0.000000
0.600000	0.000000
0.630000	0.000000
0.660000	0.000000
0.690000	0.000000
0.720000	0.000000
0.750000	0.000000
0.780000	0.000000
0.810000	0.000000
0.840000	0.000000
0.870000	0.002420
0.900000	0.189210
0.930000	2.697310
0.960000	13.471740
0.990000	33.911650
1.020000	54.381200
1.050000	65.227180
1.080000	65.218390
1.110000	58.187990
1.140000	48.589820
1.170000	39.241990
1.200000	31.348640
1.230000	25.201590
1.260000	20.607110
1.290000	17.258710
1.320000	14.848370
1.350000	13.193950
1.380000	12.031960
1.410000	11.288130
1.440000	10.994190
1.470000	11.226210
1.500000	12.171370
1.530000	13.917360
1.560000	16.554700
1.590000	20.022440
1.620000	24.135570
1.650000	28.778130
1.680000	33.882610
1.710000	39.497090
1.740000	45.873320
1.770000	52.886820
1.800000	60.543840
1.830000	68.240160
1.860000	75.776770
1.890000	81.757660
1.920000	85.841940
1.950000	87.867510
1.980000	88.758430
2.010000	89.546090
2.040000	90.794800
2.070000	92.245790
2.100000	92.955020
2.130000	91.846950
2.160000	87.861580
2.190000	79.345090
2.220000	67.897470
2.250000	57.673300
2.280000	50.050230
2.310000	43.899990
2.340000	38.205100
2.370000	32.713610
2.400000	27.562160
2.430000	23.067130
2.460000	19.606650
2.490000	17.625580
2.520000	17.650820
2.550000	20.032880
2.580000	24.901250
2.610000	31.971520
2.640000	40.901790
2.670000	50.786040
2.700000	60.439140
2.730000	68.429440
2.760000	73.223750
2.790000	73.754110
2.820000	69.463920
2.850000	60.646650
2.880000	48.724430
2.910000	35.868160
2.940000	24.184770
2.970000	14.865220
