0.000000	0.000000
0.030000	0.000000
0.060000	0.000000
0.090000	0.000000
0.120000	0.000000
0.150000	0.000000
0.180000	0.000000
0.210000	0.000000
0.240000	0.000000
0.270000	0.000000
0.300000	0.000000
0.330000	0.000000
0.360000	0.000000
0.390000	0.000000
0.420000	0.000000
0.450000	0.000000
0.480000	0.000000
0.510000	0.000000
0.540000	0.000000
0.570000	0.000000
0.600000	0.000000
0.630000	0.000000
0.660000	0.000000
0.690000	0.000000
0.720000	0.000000
0.750000	0.000000
0.780000	0.000000
0.810000	0.000000
0.840000	0.000000
0.870000	0.000000
0.900000	0.000170
0.930000	0.061810
0.960000	2.130640
0.990000	17.040190
1.020000	51.527010
1.050000	81.685200
1.080000	86.217780
1.110000	72.146260
1.140000	53.897350
1.170000	39.151190
1.200000	28.544250
1.230000	21.524230
1.260000	17.005940
1.290000	14.353580
1.320000	13.022430
1.350000	12.291870
1.380000	11.772560
1.410000	10.955430
1.440000	9.709200
1.470000	8.389920
1.500000	7.794600
1.530000	9.029580
1.560000	12.593140
1.590000	18.066460
1.620000	24.108150
1.650000	29.535570
1.680000	34.211160
1.710000	39.057760
1.740000	45.249120
1.770000	52.443410
1.800000	59.713890
1.830000	66.847800
1.860000	75.025760
1.890000	85.196710
1.920000	94.479480
1.950000	98.860360
1.980000	95.926410
2.010000	88.514150
2.040000	83.397620
2.070000	85.437440
2.100000	92.870000
2.130000	98.490350
2.160000	97.422650
2.190000	86.966310
2.220000	69.880490
2.250000	57.293980
2.280000	50.595100
2.310000	45.010860
2.340000	38.722250
2.370000	31.690710
2.400000	24.617440
2.430000	18.358200
2.460000	13.435010
2.490000	10.217040
2.520000	9.097080
2.550000	10.560060
2.580000	14.974720
2.610000	22.360890
2.640000	32.860580
2.670000	46.259420
2.700000	62.055500
2.730000	77.497660
2.760000	88.415960
2.790000	91.606670
2.820000	86.146140
2.850000	72.338780
2.880000	52.554110
2.910000	32.349400
2.940000	16.878840
2.970000	7.473150
