 0.000000 	 0.000000 
 0.000063 	 -0.000002 
 0.000127 	 -0.000192 
 0.000193 	 -0.000324 
 0.000261 	 -0.000459 
 0.000330 	 -0.000598 
 0.000401 	 -0.000740 
 0.000474 	 -0.000885 
 0.000549 	 -0.001035 
 0.000625 	 -0.001188 
 0.000704 	 -0.001345 
 0.000785 	 -0.001505 
 0.000867 	 -0.001670 
 0.000952 	 -0.001839 
 0.001039 	 -0.002013 
 0.001128 	 -0.002190 
 0.001219 	 -0.002372 
 0.001313 	 -0.002559 
 0.001409 	 -0.002751 
 0.001507 	 -0.002947 
 0.001608 	 -0.003148 
 0.001711 	 -0.003354 
 0.001818 	 -0.003565 
 0.001926 	 -0.003782 
 0.002038 	 -0.004004 
 0.002152 	 -0.004232 
 0.002269 	 -0.004465 
 0.002390 	 -0.004704 
 0.002513 	 -0.004950 
 0.002639 	 -0.005201 
 0.002769 	 -0.005459 
 0.002902 	 -0.005723 
 0.003038 	 -0.005993 
 0.003177 	 -0.006271 
 0.003321 	 -0.006555 
 0.003467 	 -0.006847 
 0.003618 	 -0.007146 
 0.003772 	 -0.007452 
 0.003931 	 -0.007766 
 0.004093 	 -0.008088 
 0.004259 	 -0.008418 
 0.004430 	 -0.008756 
 0.004605 	 -0.009102 
 0.004784 	 -0.009458 
 0.004968 	 -0.009822 
 0.005156 	 -0.010195 
 0.005350 	 -0.010577 
 0.005548 	 -0.010969 
 0.005751 	 -0.011371 
 0.005959 	 -0.011783 
 0.006173 	 -0.012205 
 0.006392 	 -0.012637 
 0.006617 	 -0.013080 
 0.006847 	 -0.013535 
 0.007083 	 -0.014000 
 0.007325 	 -0.014477 
 0.007573 	 -0.014966 
 0.007828 	 -0.015467 
 0.008088 	 -0.015981 
 0.008356 	 -0.016507 
 0.008630 	 -0.017046 
 0.008911 	 -0.017599 
 0.009200 	 -0.018165 
 0.009495 	 -0.018745 
 0.009799 	 -0.019340 
 0.010109 	 -0.019949 
 0.010428 	 -0.020573 
 0.010755 	 -0.021213 
 0.011090 	 -0.021868 
 0.011433 	 -0.022540 
 0.011785 	 -0.023228 
 0.012147 	 -0.023933 
 0.012517 	 -0.024655 
 0.012896 	 -0.025395 
 0.013286 	 -0.026153 
 0.013685 	 -0.026930 
 0.014094 	 -0.027725 
 0.014513 	 -0.028541 
 0.014944 	 -0.029376 
 0.015385 	 -0.030231 
 0.015837 	 -0.031108 
 0.016301 	 -0.032005 
 0.016776 	 -0.032925 
 0.017263 	 -0.033867 
 0.017763 	 -0.034832 
 0.018276 	 -0.035820 
 0.018801 	 -0.036832 
 0.019340 	 -0.037869 
 0.019892 	 -0.038931 
 0.020458 	 -0.040018 
 0.021039 	 -0.041132 
 0.021634 	 -0.042273 
 0.022245 	 -0.043441 
 0.022871 	 -0.044637 
 0.023512 	 -0.045862 
 0.024170 	 -0.047116 
 0.024845 	 -0.048400 
 0.025537 	 -0.049715 
 0.026246 	 -0.051061 
 0.026973 	 -0.052439 
 0.027719 	 -0.053851 
 0.028483 	 -0.055295 
 0.029267 	 -0.056774 
 0.030071 	 -0.058288 
 0.030895 	 -0.059837 
 0.031739 	 -0.061424 
 0.032606 	 -0.063047 
 0.033494 	 -0.064709 
 0.034404 	 -0.066409 
 0.035338 	 -0.068150 
 0.036295 	 -0.069931 
 0.037277 	 -0.071753 
 0.038283 	 -0.073618 
 0.039315 	 -0.075526 
 0.040373 	 -0.077478 
 0.041458 	 -0.079476 
 0.042570 	 -0.081519 
 0.043711 	 -0.083609 
 0.044880 	 -0.085747 
 0.046079 	 -0.087934 
 0.047308 	 -0.090170 
 0.048569 	 -0.092458 
 0.049861 	 -0.094797 
 0.051186 	 -0.097189 
 0.052544 	 -0.099635 
 0.053937 	 -0.102135 
 0.055366 	 -0.104692 
 0.056830 	 -0.107305 
 0.058331 	 -0.109977 
 0.059871 	 -0.112707 
 0.061449 	 -0.115498 
 0.063067 	 -0.118350 
 0.064727 	 -0.121264 
 0.066428 	 -0.124242 
 0.068172 	 -0.127284 
 0.069961 	 -0.130391 
 0.071795 	 -0.133566 
 0.073675 	 -0.136808 
 0.075603 	 -0.140119 
 0.077580 	 -0.143500 
 0.079606 	 -0.146953 
 0.081684 	 -0.150478 
 0.083815 	 -0.154076 
 0.085999 	 -0.157748 
 0.088239 	 -0.161496 
 0.090536 	 -0.165321 
 0.092890 	 -0.169224 
 0.095305 	 -0.173205 
 0.097780 	 -0.177266 
 0.100318 	 -0.181408 
 0.102920 	 -0.185632 
 0.105589 	 -0.189939 
 0.108324 	 -0.194330 
 0.111129 	 -0.198805 
 0.114005 	 -0.203366 
 0.116954 	 -0.208014 
 0.119978 	 -0.212749 
 0.123078 	 -0.217573 
 0.126256 	 -0.222485 
 0.129515 	 -0.227487 
 0.132857 	 -0.232579 
 0.136283 	 -0.237763 
 0.139795 	 -0.243038 
 0.143397 	 -0.248405 
 0.147090 	 -0.253865 
 0.150876 	 -0.259418 
 0.154758 	 -0.265064 
 0.158739 	 -0.270803 
 0.162820 	 -0.276636 
 0.167005 	 -0.282563 
 0.171295 	 -0.288583 
 0.175694 	 -0.294697 
 0.180205 	 -0.300904 
 0.184829 	 -0.307204 
 0.189571 	 -0.313597 
 0.194433 	 -0.320082 
 0.199418 	 -0.326657 
 0.204529 	 -0.333323 
 0.209769 	 -0.340079 
 0.215142 	 -0.346923 
 0.220651 	 -0.353854 
 0.226300 	 -0.360870 
 0.232092 	 -0.367970 
 0.238030 	 -0.375152 
 0.244118 	 -0.382415 
 0.250361 	 -0.389755 
 0.256762 	 -0.397172 
 0.263324 	 -0.404661 
 0.270053 	 -0.412220 
 0.276952 	 -0.419847 
 0.284026 	 -0.427537 
 0.291279 	 -0.435289 
 0.298715 	 -0.443097 
 0.306340 	 -0.450957 
 0.314158 	 -0.458866 
 0.322174 	 -0.466819 
 0.330392 	 -0.474812 
 0.338819 	 -0.482838 
 0.347459 	 -0.490893 
 0.356318 	 -0.498971 
 0.365401 	 -0.507066 
 0.374714 	 -0.515172 
 0.384262 	 -0.523281 
 0.394053 	 -0.531388 
 0.404091 	 -0.539484 
 0.414383 	 -0.547562 
 0.424936 	 -0.555614 
 0.435756 	 -0.563633 
 0.446850 	 -0.571608 
 0.458225 	 -0.579531 
 0.469888 	 -0.587393 
 0.481846 	 -0.595183 
 0.494107 	 -0.602893 
 0.506678 	 -0.610511 
 0.519567 	 -0.618026 
 0.532783 	 -0.625428 
 0.546333 	 -0.632705 
 0.560226 	 -0.639845 
 0.574471 	 -0.646837 
 0.589077 	 -0.653667 
 0.604052 	 -0.660324 
 0.619406 	 -0.666794 
 0.635149 	 -0.673063 
 0.651291 	 -0.679120 
 0.667841 	 -0.684949 
 0.684811 	 -0.690537 
 0.702209 	 -0.695870 
 0.720049 	 -0.700934 
 0.738339 	 -0.705715 
 0.757093 	 -0.710197 
 0.776322 	 -0.714368 
 0.796037 	 -0.718211 
 0.816252 	 -0.721714 
 0.836978 	 -0.724861 
 0.858229 	 -0.727639 
 0.880018 	 -0.730033 
 0.902359 	 -0.732029 
 0.925265 	 -0.733615 
 0.948751 	 -0.734777 
 0.972831 	 -0.735502 
 0.997521 	 -0.735778 
 1.022836 	 -0.735592 
 1.048792 	 -0.734935 
 1.075405 	 -0.733794 
 1.102692 	 -0.732161 
 1.130670 	 -0.730026 
 1.159355 	 -0.727380 
 1.188767 	 -0.724217 
 1.218924 	 -0.720530 
 1.249844 	 -0.716314 
 1.281547 	 -0.711564 
 1.314052 	 -0.706278 
 1.347380 	 -0.700453 
 1.381552 	 -0.694090 
 1.416589 	 -0.687189 
 1.452513 	 -0.679753 
 1.489346 	 -0.671784 
 1.527112 	 -0.663290 
 1.565833 	 -0.654277 
 1.605535 	 -0.644753 
 1.646243 	 -0.634728 
 1.687980 	 -0.624215 
 1.730774 	 -0.613228 
 1.774652 	 -0.601780 
 1.819640 	 -0.589891 
 1.865767 	 -0.577577 
 1.913062 	 -0.564860 
 1.961554 	 -0.551761 
 2.011274 	 -0.538304 
 2.062252 	 -0.524514 
 2.114521 	 -0.510418 
 2.168113 	 -0.496043 
 2.223062 	 -0.481419 
 2.279402 	 -0.466577 
 2.337168 	 -0.451547 
 2.396397 	 -0.436362 
 2.457124 	 -0.421056 
 2.519390 	 -0.405662 
 2.583231 	 -0.390215 
 2.648688 	 -0.374749 
 2.715803 	 -0.359301 
 2.784617 	 -0.343904 
 2.855172 	 -0.328594 
 2.927514 	 -0.313404 
 3.001687 	 -0.298370 
 3.077738 	 -0.283524 
 3.155714 	 -0.268898 
 3.235664 	 -0.254524 
 3.317638 	 -0.240431 
 3.401687 	 -0.226647 
 3.487864 	 -0.213199 
 3.576223 	 -0.200112 
 3.666818 	 -0.187409 
 3.759707 	 -0.175109 
 3.854947 	 -0.163233 
 3.952598 	 -0.151796 
 4.052721 	 -0.140811 
 4.155379 	 -0.130291 
 4.260636 	 -0.120244 
 4.368557 	 -0.110676 
 4.479210 	 -0.101592 
 4.592665 	 -0.092992 
 4.708991 	 -0.084877 
 4.828263 	 -0.077242 
 4.950554 	 -0.070081 
 5.075940 	 -0.063389 
 5.204501 	 -0.057153 
 5.336316 	 -0.051364 
 5.471469 	 -0.046007 
 5.610042 	 -0.041069 
 5.752124 	 -0.036532 
 5.897802 	 -0.032380 
 6.047169 	 -0.028594 
 6.200316 	 -0.025156 
 6.357341 	 -0.022045 
 6.518340 	 -0.019243 
 6.683416 	 -0.016728 
 6.852670 	 -0.014482 
 7.026209 	 -0.012484 
 7.204141 	 -0.010714 
 7.386577 	 -0.009154 
 7.573632 	 -0.007785 
 7.765422 	 -0.006590 
 7.962068 	 -0.005551 
 8.163691 	 -0.004653 
 8.370419 	 -0.003880 
 8.582380 	 -0.003219 
 8.799706 	 -0.002656 
 9.022535 	 -0.002180 
 9.251004 	 -0.001779 
 9.485257 	 -0.001443 
 9.725440 	 -0.001164 
 9.971704 	 -0.000933 
 10.224201 	 -0.000744 
 10.483091 	 -0.000589 
 10.748534 	 -0.000463 
 11.020698 	 -0.000362 
 11.299751 	 -0.000281 
 11.585868 	 -0.000216 
 11.879228 	 -0.000166 
 12.180015 	 -0.000126 
 12.488417 	 -0.000095 
 12.804625 	 -0.000071 
 13.128838 	 -0.000053 
 13.461259 	 -0.000039 
 13.802095 	 -0.000028 
 14.151560 	 -0.000020 
 14.509871 	 -0.000015 
 14.877253 	 -0.000010 
 15.253935 	 -0.000007 
 15.640153 	 -0.000005 
 16.036148 	 -0.000004 
 16.442168 	 -0.000002 
 16.858466 	 -0.000002 
 17.285303 	 -0.000001 
 17.722945 	 -0.000001 
 18.171667 	 -0.000000 
 18.631747 	 -0.000000 
 19.103475 	 -0.000000 
 19.587144 	 -0.000000 
 20.083058 	 -0.000000 
 20.591526 	 -0.000000 
 21.112866 	 -0.000000 
 21.647403 	 -0.000000 
 22.195473 	 -0.000000 
 22.757416 	 -0.000000 
 23.333586 	 -0.000000 
 23.924341 	 -0.000000 
 24.530051 	 -0.000000 
 25.151095 	 -0.000000 
 25.787861 	 -0.000000 
 26.440747 	 -0.000000 
 27.110160 	 -0.000000 
 27.796520 	 -0.000000 
 28.500255 	 -0.000000 
 29.221805 	 -0.000000 
 29.961621 	 -0.000000 
 30.720166 	 -0.000000 
 31.497914 	 -0.000000 
 32.295350 	 -0.000000 
 33.112973 	 -0.000000 
 33.951295 	 -0.000000 
 34.810839 	 -0.000000 
 35.692142 	 -0.000000 
 36.595756 	 -0.000000 
 37.522244 	 -0.000000 
 38.472187 	 -0.000000 
 39.446178 	 -0.000000 
 40.444826 	 -0.000000 
 41.468754 	 -0.000000 
 42.518603 	 -0.000000 
 43.595030 	 -0.000000 
 44.698706 	 -0.000000 
 45.830322 	 -0.000000 
 46.990584 	 -0.000000 
 48.180220 	 -0.000000 
 49.399970 	 -0.000000 
 50.650599 	 -0.000000 
 51.932888 	 -0.000000 
 53.247638 	 -0.000000 
 54.595671 	 -0.000000 
 55.977830 	 -0.000000 
 57.394978 	 -0.000000 
 58.848002 	 -0.000000 
 60.337809 	 -0.000000 
 61.865330 	 -0.000000 
 63.431522 	 -0.000000 
 65.037361 	 -0.000000 
 66.683852 	 -0.000000 
 68.372025 	 -0.000000 
 70.102934 	 -0.000000 
 71.877661 	 -0.000000 
 73.697315 	 -0.000000 
 75.563034 	 -0.000000 
 77.475984 	 -0.000000 
 79.437361 	 0.000000 
