 0.000000 	 0.000000 
 0.000063 	 -0.000000 
 0.000127 	 -0.000000 
 0.000193 	 -0.000000 
 0.000261 	 -0.000000 
 0.000330 	 -0.000000 
 0.000401 	 -0.000000 
 0.000474 	 -0.000000 
 0.000549 	 -0.000000 
 0.000625 	 -0.000000 
 0.000704 	 -0.000000 
 0.000785 	 -0.000000 
 0.000867 	 -0.000000 
 0.000952 	 -0.000000 
 0.001039 	 -0.000000 
 0.001128 	 -0.000000 
 0.001219 	 -0.000000 
 0.001313 	 -0.000000 
 0.001409 	 -0.000000 
 0.001507 	 -0.000000 
 0.001608 	 -0.000000 
 0.001711 	 -0.000000 
 0.001818 	 -0.000000 
 0.001926 	 -0.000000 
 0.002038 	 -0.000000 
 0.002152 	 -0.000000 
 0.002269 	 -0.000000 
 0.002390 	 -0.000000 
 0.002513 	 -0.000000 
 0.002639 	 -0.000000 
 0.002769 	 -0.000000 
 0.002902 	 -0.000000 
 0.003038 	 -0.000000 
 0.003177 	 -0.000000 
 0.003321 	 -0.000000 
 0.003467 	 -0.000000 
 0.003618 	 -0.000000 
 0.003772 	 -0.000000 
 0.003931 	 -0.000000 
 0.004093 	 -0.000000 
 0.004259 	 -0.000000 
 0.004430 	 -0.000000 
 0.004605 	 -0.000000 
 0.004784 	 -0.000000 
 0.004968 	 -0.000000 
 0.005156 	 -0.000000 
 0.005350 	 -0.000000 
 0.005548 	 -0.000000 
 0.005751 	 -0.000000 
 0.005959 	 -0.000000 
 0.006173 	 -0.000000 
 0.006392 	 -0.000000 
 0.006617 	 -0.000000 
 0.006847 	 -0.000000 
 0.007083 	 -0.000000 
 0.007325 	 -0.000000 
 0.007573 	 -0.000000 
 0.007828 	 -0.000000 
 0.008088 	 -0.000000 
 0.008356 	 -0.000000 
 0.008630 	 -0.000000 
 0.008911 	 -0.000000 
 0.009200 	 -0.000000 
 0.009495 	 -0.000000 
 0.009799 	 -0.000000 
 0.010109 	 -0.000000 
 0.010428 	 -0.000000 
 0.010755 	 -0.000000 
 0.011090 	 -0.000000 
 0.011433 	 -0.000000 
 0.011785 	 -0.000000 
 0.012147 	 -0.000000 
 0.012517 	 -0.000000 
 0.012896 	 -0.000000 
 0.013286 	 -0.000000 
 0.013685 	 -0.000000 
 0.014094 	 -0.000000 
 0.014513 	 -0.000000 
 0.014944 	 -0.000000 
 0.015385 	 -0.000000 
 0.015837 	 -0.000000 
 0.016301 	 -0.000000 
 0.016776 	 -0.000000 
 0.017263 	 -0.000000 
 0.017763 	 -0.000000 
 0.018276 	 -0.000000 
 0.018801 	 -0.000000 
 0.019340 	 -0.000000 
 0.019892 	 -0.000000 
 0.020458 	 -0.000000 
 0.021039 	 -0.000000 
 0.021634 	 -0.000000 
 0.022245 	 -0.000000 
 0.022871 	 -0.000000 
 0.023512 	 -0.000000 
 0.024170 	 -0.000000 
 0.024845 	 -0.000000 
 0.025537 	 -0.000000 
 0.026246 	 -0.000000 
 0.026973 	 -0.000000 
 0.027719 	 -0.000000 
 0.028483 	 -0.000000 
 0.029267 	 -0.000000 
 0.030071 	 -0.000000 
 0.030895 	 -0.000000 
 0.031739 	 -0.000000 
 0.032606 	 -0.000000 
 0.033494 	 -0.000000 
 0.034404 	 -0.000000 
 0.035338 	 -0.000000 
 0.036295 	 -0.000000 
 0.037277 	 -0.000000 
 0.038283 	 -0.000000 
 0.039315 	 -0.000000 
 0.040373 	 -0.000000 
 0.041458 	 -0.000000 
 0.042570 	 -0.000000 
 0.043711 	 -0.000000 
 0.044880 	 -0.000000 
 0.046079 	 -0.000000 
 0.047308 	 -0.000000 
 0.048569 	 -0.000001 
 0.049861 	 -0.000001 
 0.051186 	 -0.000001 
 0.052544 	 -0.000001 
 0.053937 	 -0.000001 
 0.055366 	 -0.000001 
 0.056830 	 -0.000001 
 0.058331 	 -0.000001 
 0.059871 	 -0.000001 
 0.061449 	 -0.000001 
 0.063067 	 -0.000001 
 0.064727 	 -0.000001 
 0.066428 	 -0.000001 
 0.068172 	 -0.000001 
 0.069961 	 -0.000002 
 0.071795 	 -0.000002 
 0.073675 	 -0.000002 
 0.075603 	 -0.000002 
 0.077580 	 -0.000002 
 0.079606 	 -0.000002 
 0.081684 	 -0.000002 
 0.083815 	 -0.000003 
 0.085999 	 -0.000003 
 0.088239 	 -0.000003 
 0.090536 	 -0.000003 
 0.092890 	 -0.000004 
 0.095305 	 -0.000004 
 0.097780 	 -0.000004 
 0.100318 	 -0.000005 
 0.102920 	 -0.000005 
 0.105589 	 -0.000005 
 0.108324 	 -0.000006 
 0.111129 	 -0.000006 
 0.114005 	 -0.000007 
 0.116954 	 -0.000007 
 0.119978 	 -0.000008 
 0.123078 	 -0.000008 
 0.126256 	 -0.000009 
 0.129515 	 -0.000010 
 0.132857 	 -0.000010 
 0.136283 	 -0.000011 
 0.139795 	 -0.000012 
 0.143397 	 -0.000013 
 0.147090 	 -0.000014 
 0.150876 	 -0.000015 
 0.154758 	 -0.000016 
 0.158739 	 -0.000018 
 0.162820 	 -0.000019 
 0.167005 	 -0.000020 
 0.171295 	 -0.000022 
 0.175694 	 -0.000024 
 0.180205 	 -0.000026 
 0.184829 	 -0.000028 
 0.189571 	 -0.000030 
 0.194433 	 -0.000032 
 0.199418 	 -0.000034 
 0.204529 	 -0.000037 
 0.209769 	 -0.000040 
 0.215142 	 -0.000043 
 0.220651 	 -0.000046 
 0.226300 	 -0.000050 
 0.232092 	 -0.000054 
 0.238030 	 -0.000058 
 0.244118 	 -0.000062 
 0.250361 	 -0.000067 
 0.256762 	 -0.000072 
 0.263324 	 -0.000078 
 0.270053 	 -0.000084 
 0.276952 	 -0.000090 
 0.284026 	 -0.000097 
 0.291279 	 -0.000104 
 0.298715 	 -0.000112 
 0.306340 	 -0.000120 
 0.314158 	 -0.000130 
 0.322174 	 -0.000139 
 0.330392 	 -0.000150 
 0.338819 	 -0.000161 
 0.347459 	 -0.000173 
 0.356318 	 -0.000186 
 0.365401 	 -0.000200 
 0.374714 	 -0.000215 
 0.384262 	 -0.000232 
 0.394053 	 -0.000249 
 0.404091 	 -0.000268 
 0.414383 	 -0.000287 
 0.424936 	 -0.000309 
 0.435756 	 -0.000332 
 0.446850 	 -0.000357 
 0.458225 	 -0.000383 
 0.469888 	 -0.000411 
 0.481846 	 -0.000442 
 0.494107 	 -0.000474 
 0.506678 	 -0.000509 
 0.519567 	 -0.000547 
 0.532783 	 -0.000587 
 0.546333 	 -0.000630 
 0.560226 	 -0.000676 
 0.574471 	 -0.000725 
 0.589077 	 -0.000778 
 0.604052 	 -0.000835 
 0.619406 	 -0.000895 
 0.635149 	 -0.000960 
 0.651291 	 -0.001030 
 0.667841 	 -0.001104 
 0.684811 	 -0.001183 
 0.702209 	 -0.001268 
 0.720049 	 -0.001359 
 0.738339 	 -0.001456 
 0.757093 	 -0.001560 
 0.776322 	 -0.001671 
 0.796037 	 -0.001789 
 0.816252 	 -0.001915 
 0.836978 	 -0.002050 
 0.858229 	 -0.002194 
 0.880018 	 -0.002348 
 0.902359 	 -0.002512 
 0.925265 	 -0.002687 
 0.948751 	 -0.002873 
 0.972831 	 -0.003072 
 0.997521 	 -0.003284 
 1.022836 	 -0.003509 
 1.048792 	 -0.003749 
 1.075405 	 -0.004005 
 1.102692 	 -0.004277 
 1.130670 	 -0.004566 
 1.159355 	 -0.004873 
 1.188767 	 -0.005200 
 1.218924 	 -0.005547 
 1.249844 	 -0.005916 
 1.281547 	 -0.006307 
 1.314052 	 -0.006722 
 1.347380 	 -0.007162 
 1.381552 	 -0.007629 
 1.416589 	 -0.008123 
 1.452513 	 -0.008647 
 1.489346 	 -0.009201 
 1.527112 	 -0.009787 
 1.565833 	 -0.010407 
 1.605535 	 -0.011061 
 1.646243 	 -0.011753 
 1.687980 	 -0.012482 
 1.730774 	 -0.013252 
 1.774652 	 -0.014063 
 1.819640 	 -0.014917 
 1.865767 	 -0.015816 
 1.913062 	 -0.016762 
 1.961554 	 -0.017755 
 2.011274 	 -0.018798 
 2.062252 	 -0.019893 
 2.114521 	 -0.021041 
 2.168113 	 -0.022242 
 2.223062 	 -0.023500 
 2.279402 	 -0.024814 
 2.337168 	 -0.026187 
 2.396397 	 -0.027619 
 2.457124 	 -0.029111 
 2.519390 	 -0.030664 
 2.583231 	 -0.032278 
 2.648688 	 -0.033954 
 2.715803 	 -0.035691 
 2.784617 	 -0.037490 
 2.855172 	 -0.039350 
 2.927514 	 -0.041269 
 3.001687 	 -0.043247 
 3.077738 	 -0.045282 
 3.155714 	 -0.047371 
 3.235664 	 -0.049512 
 3.317638 	 -0.051701 
 3.401687 	 -0.053934 
 3.487864 	 -0.056208 
 3.576223 	 -0.058516 
 3.666818 	 -0.060852 
 3.759707 	 -0.063210 
 3.854947 	 -0.065583 
 3.952598 	 -0.067961 
 4.052721 	 -0.070336 
 4.155379 	 -0.072697 
 4.260636 	 -0.075033 
 4.368557 	 -0.077331 
 4.479210 	 -0.079579 
 4.592665 	 -0.081762 
 4.708991 	 -0.083865 
 4.828263 	 -0.085872 
 4.950554 	 -0.087765 
 5.075940 	 -0.089526 
 5.204501 	 -0.091136 
 5.336316 	 -0.092575 
 5.471469 	 -0.093822 
 5.610042 	 -0.094854 
 5.752124 	 -0.095651 
 5.897802 	 -0.096188 
 6.047169 	 -0.096444 
 6.200316 	 -0.096394 
 6.357341 	 -0.096016 
 6.518340 	 -0.095287 
 6.683416 	 -0.094185 
 6.852670 	 -0.092688 
 7.026209 	 -0.090775 
 7.204141 	 -0.088428 
 7.386577 	 -0.085630 
 7.573632 	 -0.082365 
 7.765422 	 -0.078622 
 7.962068 	 -0.074391 
 8.163691 	 -0.069667 
 8.370419 	 -0.064447 
 8.582380 	 -0.058735 
 8.799706 	 -0.052537 
 9.022535 	 -0.045866 
 9.251004 	 -0.038741 
 9.485257 	 -0.031186 
 9.725440 	 -0.023232 
 9.971704 	 -0.014916 
 10.224201 	 -0.006283 
 10.483091 	 0.002614 
 10.748534 	 0.011716 
 11.020698 	 0.020958 
 11.299751 	 0.030264 
 11.585868 	 0.039554 
 11.879228 	 0.048741 
 12.180015 	 0.057730 
 12.488417 	 0.066423 
 12.804625 	 0.074717 
 13.128838 	 0.082503 
 13.461259 	 0.089674 
 13.802095 	 0.096117 
 14.151560 	 0.101724 
 14.509871 	 0.106386 
 14.877253 	 0.110002 
 15.253935 	 0.112473 
 15.640153 	 0.113713 
 16.036148 	 0.113642 
 16.442168 	 0.112196 
 16.858466 	 0.109326 
 17.285303 	 0.104999 
 17.722945 	 0.099203 
 18.171667 	 0.091948 
 18.631747 	 0.083264 
 19.103475 	 0.073210 
 19.587144 	 0.061868 
 20.083058 	 0.049349 
 20.591526 	 0.035787 
 21.112866 	 0.021346 
 21.647403 	 0.006213 
 22.195473 	 -0.009399 
 22.757416 	 -0.025257 
 23.333586 	 -0.041111 
 23.924341 	 -0.056692 
 24.530051 	 -0.071724 
 25.151095 	 -0.085924 
 25.787861 	 -0.099008 
 26.440747 	 -0.110701 
 27.110160 	 -0.120735 
 27.796520 	 -0.128864 
 28.500255 	 -0.134866 
 29.221805 	 -0.138551 
 29.961621 	 -0.139764 
 30.720166 	 -0.138396 
 31.497914 	 -0.134384 
 32.295350 	 -0.127714 
 33.112973 	 -0.118431 
 33.951295 	 -0.106631 
 34.810839 	 -0.092469 
 35.692142 	 -0.076151 
 36.595756 	 -0.057938 
 37.522244 	 -0.038134 
 38.472187 	 -0.017086 
 39.446178 	 0.004827 
 40.444826 	 0.027202 
 41.468754 	 0.049619 
 42.518603 	 0.071655 
 43.595030 	 0.092892 
 44.698706 	 0.112930 
 45.830322 	 0.131394 
 46.990584 	 0.147950 
 48.180220 	 0.162304 
 49.399970 	 0.174221 
 50.650599 	 0.183518 
 51.932888 	 0.190080 
 53.247638 	 0.193851 
 54.595671 	 0.194842 
 55.977830 	 0.193121 
 57.394978 	 0.188814 
 58.848002 	 0.182095 
 60.337809 	 0.173180 
 61.865330 	 0.162314 
 63.431522 	 0.149763 
 65.037361 	 0.135803 
 66.683852 	 0.120705 
 68.372025 	 0.104726 
 70.102934 	 0.088097 
 71.877661 	 0.071011 
 73.697315 	 0.053612 
 75.563034 	 0.035983 
 77.475984 	 0.018136 
 79.437361 	 0.000000 
