 0.000000 	 0.000000 
 0.000063 	 0.000001 
 0.000127 	 0.000068 
 0.000193 	 0.000115 
 0.000261 	 0.000162 
 0.000330 	 0.000211 
 0.000401 	 0.000262 
 0.000474 	 0.000313 
 0.000549 	 0.000366 
 0.000625 	 0.000420 
 0.000704 	 0.000475 
 0.000785 	 0.000532 
 0.000867 	 0.000591 
 0.000952 	 0.000650 
 0.001039 	 0.000712 
 0.001128 	 0.000774 
 0.001219 	 0.000839 
 0.001313 	 0.000905 
 0.001409 	 0.000972 
 0.001507 	 0.001042 
 0.001608 	 0.001113 
 0.001711 	 0.001186 
 0.001818 	 0.001261 
 0.001926 	 0.001337 
 0.002038 	 0.001416 
 0.002152 	 0.001496 
 0.002269 	 0.001579 
 0.002390 	 0.001663 
 0.002513 	 0.001750 
 0.002639 	 0.001839 
 0.002769 	 0.001930 
 0.002902 	 0.002023 
 0.003038 	 0.002119 
 0.003177 	 0.002217 
 0.003321 	 0.002318 
 0.003467 	 0.002421 
 0.003618 	 0.002527 
 0.003772 	 0.002635 
 0.003931 	 0.002746 
 0.004093 	 0.002860 
 0.004259 	 0.002976 
 0.004430 	 0.003096 
 0.004605 	 0.003218 
 0.004784 	 0.003344 
 0.004968 	 0.003473 
 0.005156 	 0.003605 
 0.005350 	 0.003740 
 0.005548 	 0.003878 
 0.005751 	 0.004020 
 0.005959 	 0.004166 
 0.006173 	 0.004315 
 0.006392 	 0.004468 
 0.006617 	 0.004625 
 0.006847 	 0.004785 
 0.007083 	 0.004950 
 0.007325 	 0.005119 
 0.007573 	 0.005292 
 0.007828 	 0.005469 
 0.008088 	 0.005650 
 0.008356 	 0.005836 
 0.008630 	 0.006027 
 0.008911 	 0.006222 
 0.009200 	 0.006422 
 0.009495 	 0.006628 
 0.009799 	 0.006838 
 0.010109 	 0.007053 
 0.010428 	 0.007274 
 0.010755 	 0.007500 
 0.011090 	 0.007732 
 0.011433 	 0.007969 
 0.011785 	 0.008212 
 0.012147 	 0.008462 
 0.012517 	 0.008717 
 0.012896 	 0.008979 
 0.013286 	 0.009247 
 0.013685 	 0.009521 
 0.014094 	 0.009803 
 0.014513 	 0.010091 
 0.014944 	 0.010386 
 0.015385 	 0.010689 
 0.015837 	 0.010998 
 0.016301 	 0.011316 
 0.016776 	 0.011641 
 0.017263 	 0.011974 
 0.017763 	 0.012315 
 0.018276 	 0.012664 
 0.018801 	 0.013022 
 0.019340 	 0.013389 
 0.019892 	 0.013764 
 0.020458 	 0.014149 
 0.021039 	 0.014542 
 0.021634 	 0.014946 
 0.022245 	 0.015358 
 0.022871 	 0.015781 
 0.023512 	 0.016214 
 0.024170 	 0.016658 
 0.024845 	 0.017112 
 0.025537 	 0.017576 
 0.026246 	 0.018052 
 0.026973 	 0.018539 
 0.027719 	 0.019038 
 0.028483 	 0.019549 
 0.029267 	 0.020071 
 0.030071 	 0.020607 
 0.030895 	 0.021154 
 0.031739 	 0.021715 
 0.032606 	 0.022289 
 0.033494 	 0.022876 
 0.034404 	 0.023477 
 0.035338 	 0.024092 
 0.036295 	 0.024721 
 0.037277 	 0.025365 
 0.038283 	 0.026024 
 0.039315 	 0.026699 
 0.040373 	 0.027388 
 0.041458 	 0.028094 
 0.042570 	 0.028816 
 0.043711 	 0.029555 
 0.044880 	 0.030310 
 0.046079 	 0.031083 
 0.047308 	 0.031873 
 0.048569 	 0.032681 
 0.049861 	 0.033507 
 0.051186 	 0.034352 
 0.052544 	 0.035216 
 0.053937 	 0.036099 
 0.055366 	 0.037002 
 0.056830 	 0.037925 
 0.058331 	 0.038868 
 0.059871 	 0.039832 
 0.061449 	 0.040817 
 0.063067 	 0.041824 
 0.064727 	 0.042853 
 0.066428 	 0.043903 
 0.068172 	 0.044977 
 0.069961 	 0.046074 
 0.071795 	 0.047194 
 0.073675 	 0.048338 
 0.075603 	 0.049506 
 0.077580 	 0.050698 
 0.079606 	 0.051916 
 0.081684 	 0.053159 
 0.083815 	 0.054428 
 0.085999 	 0.055722 
 0.088239 	 0.057043 
 0.090536 	 0.058391 
 0.092890 	 0.059766 
 0.095305 	 0.061169 
 0.097780 	 0.062599 
 0.100318 	 0.064057 
 0.102920 	 0.065544 
 0.105589 	 0.067060 
 0.108324 	 0.068605 
 0.111129 	 0.070179 
 0.114005 	 0.071783 
 0.116954 	 0.073417 
 0.119978 	 0.075081 
 0.123078 	 0.076776 
 0.126256 	 0.078501 
 0.129515 	 0.080257 
 0.132857 	 0.082044 
 0.136283 	 0.083862 
 0.139795 	 0.085711 
 0.143397 	 0.087592 
 0.147090 	 0.089505 
 0.150876 	 0.091448 
 0.154758 	 0.093424 
 0.158739 	 0.095430 
 0.162820 	 0.097469 
 0.167005 	 0.099538 
 0.171295 	 0.101639 
 0.175694 	 0.103770 
 0.180205 	 0.105933 
 0.184829 	 0.108126 
 0.189571 	 0.110348 
 0.194433 	 0.112601 
 0.199418 	 0.114883 
 0.204529 	 0.117194 
 0.209769 	 0.119533 
 0.215142 	 0.121900 
 0.220651 	 0.124293 
 0.226300 	 0.126713 
 0.232092 	 0.129157 
 0.238030 	 0.131626 
 0.244118 	 0.134118 
 0.250361 	 0.136633 
 0.256762 	 0.139168 
 0.263324 	 0.141723 
 0.270053 	 0.144295 
 0.276952 	 0.146885 
 0.284026 	 0.149489 
 0.291279 	 0.152107 
 0.298715 	 0.154736 
 0.306340 	 0.157374 
 0.314158 	 0.160019 
 0.322174 	 0.162669 
 0.330392 	 0.165322 
 0.338819 	 0.167974 
 0.347459 	 0.170624 
 0.356318 	 0.173268 
 0.365401 	 0.175903 
 0.374714 	 0.178526 
 0.384262 	 0.181133 
 0.394053 	 0.183722 
 0.404091 	 0.186288 
 0.414383 	 0.188828 
 0.424936 	 0.191336 
 0.435756 	 0.193810 
 0.446850 	 0.196244 
 0.458225 	 0.198633 
 0.469888 	 0.200974 
 0.481846 	 0.203260 
 0.494107 	 0.205486 
 0.506678 	 0.207646 
 0.519567 	 0.209736 
 0.532783 	 0.211748 
 0.546333 	 0.213676 
 0.560226 	 0.215514 
 0.574471 	 0.217256 
 0.589077 	 0.218893 
 0.604052 	 0.220420 
 0.619406 	 0.221828 
 0.635149 	 0.223110 
 0.651291 	 0.224258 
 0.667841 	 0.225264 
 0.684811 	 0.226120 
 0.702209 	 0.226817 
 0.720049 	 0.227346 
 0.738339 	 0.227698 
 0.757093 	 0.227866 
 0.776322 	 0.227838 
 0.796037 	 0.227606 
 0.816252 	 0.227161 
 0.836978 	 0.226492 
 0.858229 	 0.225590 
 0.880018 	 0.224446 
 0.902359 	 0.223048 
 0.925265 	 0.221388 
 0.948751 	 0.219456 
 0.972831 	 0.217241 
 0.997521 	 0.214733 
 1.022836 	 0.211924 
 1.048792 	 0.208803 
 1.075405 	 0.205361 
 1.102692 	 0.201589 
 1.130670 	 0.197478 
 1.159355 	 0.193019 
 1.188767 	 0.188204 
 1.218924 	 0.183025 
 1.249844 	 0.177474 
 1.281547 	 0.171545 
 1.314052 	 0.165231 
 1.347380 	 0.158527 
 1.381552 	 0.151428 
 1.416589 	 0.143929 
 1.452513 	 0.136027 
 1.489346 	 0.127719 
 1.527112 	 0.119005 
 1.565833 	 0.109883 
 1.605535 	 0.100355 
 1.646243 	 0.090422 
 1.687980 	 0.080087 
 1.730774 	 0.069355 
 1.774652 	 0.058233 
 1.819640 	 0.046726 
 1.865767 	 0.034845 
 1.913062 	 0.022600 
 1.961554 	 0.010003 
 2.011274 	 -0.002931 
 2.062252 	 -0.016188 
 2.114521 	 -0.029748 
 2.168113 	 -0.043593 
 2.223062 	 -0.057701 
 2.279402 	 -0.072049 
 2.337168 	 -0.086611 
 2.396397 	 -0.101360 
 2.457124 	 -0.116266 
 2.519390 	 -0.131299 
 2.583231 	 -0.146425 
 2.648688 	 -0.161609 
 2.715803 	 -0.176815 
 2.784617 	 -0.192003 
 2.855172 	 -0.207133 
 2.927514 	 -0.222165 
 3.001687 	 -0.237054 
 3.077738 	 -0.251756 
 3.155714 	 -0.266226 
 3.235664 	 -0.280418 
 3.317638 	 -0.294284 
 3.401687 	 -0.307776 
 3.487864 	 -0.320847 
 3.576223 	 -0.333449 
 3.666818 	 -0.345535 
 3.759707 	 -0.357056 
 3.854947 	 -0.367968 
 3.952598 	 -0.378224 
 4.052721 	 -0.387781 
 4.155379 	 -0.396598 
 4.260636 	 -0.404634 
 4.368557 	 -0.411853 
 4.479210 	 -0.418219 
 4.592665 	 -0.423702 
 4.708991 	 -0.428274 
 4.828263 	 -0.431911 
 4.950554 	 -0.434592 
 5.075940 	 -0.436302 
 5.204501 	 -0.437030 
 5.336316 	 -0.436769 
 5.471469 	 -0.435519 
 5.610042 	 -0.433283 
 5.752124 	 -0.430071 
 5.897802 	 -0.425897 
 6.047169 	 -0.420782 
 6.200316 	 -0.414751 
 6.357341 	 -0.407834 
 6.518340 	 -0.400068 
 6.683416 	 -0.391494 
 6.852670 	 -0.382158 
 7.026209 	 -0.372110 
 7.204141 	 -0.361405 
 7.386577 	 -0.350101 
 7.573632 	 -0.338260 
 7.765422 	 -0.325947 
 7.962068 	 -0.313229 
 8.163691 	 -0.300173 
 8.370419 	 -0.286852 
 8.582380 	 -0.273334 
 8.799706 	 -0.259691 
 9.022535 	 -0.245992 
 9.251004 	 -0.232306 
 9.485257 	 -0.218700 
 9.725440 	 -0.205237 
 9.971704 	 -0.191979 
 10.224201 	 -0.178983 
 10.483091 	 -0.166303 
 10.748534 	 -0.153988 
 11.020698 	 -0.142081 
 11.299751 	 -0.130622 
 11.585868 	 -0.119644 
 11.879228 	 -0.109176 
 12.180015 	 -0.099239 
 12.488417 	 -0.089851 
 12.804625 	 -0.081022 
 13.128838 	 -0.072759 
 13.461259 	 -0.065063 
 13.802095 	 -0.057929 
 14.151560 	 -0.051350 
 14.509871 	 -0.045311 
 14.877253 	 -0.039797 
 15.253935 	 -0.034788 
 15.640153 	 -0.030262 
 16.036148 	 -0.026194 
 16.442168 	 -0.022557 
 16.858466 	 -0.019324 
 17.285303 	 -0.016466 
 17.722945 	 -0.013954 
 18.171667 	 -0.011758 
 18.631747 	 -0.009852 
 19.103475 	 -0.008206 
 19.587144 	 -0.006794 
 20.083058 	 -0.005590 
 20.591526 	 -0.004570 
 21.112866 	 -0.003713 
 21.647403 	 -0.002996 
 22.195473 	 -0.002401 
 22.757416 	 -0.001911 
 23.333586 	 -0.001510 
 23.924341 	 -0.001185 
 24.530051 	 -0.000922 
 25.151095 	 -0.000713 
 25.787861 	 -0.000546 
 26.440747 	 -0.000416 
 27.110160 	 -0.000313 
 27.796520 	 -0.000234 
 28.500255 	 -0.000174 
 29.221805 	 -0.000128 
 29.961621 	 -0.000093 
 30.720166 	 -0.000067 
 31.497914 	 -0.000048 
 32.295350 	 -0.000034 
 33.112973 	 -0.000024 
 33.951295 	 -0.000016 
 34.810839 	 -0.000011 
 35.692142 	 -0.000008 
 36.595756 	 -0.000005 
 37.522244 	 -0.000003 
 38.472187 	 -0.000002 
 39.446178 	 -0.000001 
 40.444826 	 -0.000001 
 41.468754 	 -0.000001 
 42.518603 	 -0.000000 
 43.595030 	 -0.000000 
 44.698706 	 -0.000000 
 45.830322 	 -0.000000 
 46.990584 	 -0.000000 
 48.180220 	 -0.000000 
 49.399970 	 -0.000000 
 50.650599 	 -0.000000 
 51.932888 	 -0.000000 
 53.247638 	 -0.000000 
 54.595671 	 -0.000000 
 55.977830 	 -0.000000 
 57.394978 	 -0.000000 
 58.848002 	 -0.000000 
 60.337809 	 -0.000000 
 61.865330 	 -0.000000 
 63.431522 	 -0.000000 
 65.037361 	 -0.000000 
 66.683852 	 -0.000000 
 68.372025 	 -0.000000 
 70.102934 	 -0.000000 
 71.877661 	 -0.000000 
 73.697315 	 -0.000000 
 75.563034 	 -0.000000 
 77.475984 	 -0.000000 
 79.437361 	 0.000000 
