 0.000000 	 0.000000 
 0.000063 	 0.000000 
 0.000127 	 0.000000 
 0.000193 	 0.000000 
 0.000261 	 0.000000 
 0.000330 	 0.000000 
 0.000401 	 0.000000 
 0.000474 	 0.000000 
 0.000549 	 0.000000 
 0.000625 	 0.000000 
 0.000704 	 0.000000 
 0.000785 	 0.000000 
 0.000867 	 0.000000 
 0.000952 	 0.000000 
 0.001039 	 0.000000 
 0.001128 	 0.000000 
 0.001219 	 0.000000 
 0.001313 	 0.000000 
 0.001409 	 0.000000 
 0.001507 	 0.000000 
 0.001608 	 0.000000 
 0.001711 	 0.000000 
 0.001818 	 0.000000 
 0.001926 	 0.000000 
 0.002038 	 0.000000 
 0.002152 	 0.000000 
 0.002269 	 0.000000 
 0.002390 	 0.000000 
 0.002513 	 0.000000 
 0.002639 	 0.000000 
 0.002769 	 0.000000 
 0.002902 	 0.000000 
 0.003038 	 0.000001 
 0.003177 	 0.000001 
 0.003321 	 0.000001 
 0.003467 	 0.000001 
 0.003618 	 0.000001 
 0.003772 	 0.000001 
 0.003931 	 0.000001 
 0.004093 	 0.000001 
 0.004259 	 0.000001 
 0.004430 	 0.000001 
 0.004605 	 0.000001 
 0.004784 	 0.000001 
 0.004968 	 0.000001 
 0.005156 	 0.000002 
 0.005350 	 0.000002 
 0.005548 	 0.000002 
 0.005751 	 0.000002 
 0.005959 	 0.000002 
 0.006173 	 0.000002 
 0.006392 	 0.000002 
 0.006617 	 0.000003 
 0.006847 	 0.000003 
 0.007083 	 0.000003 
 0.007325 	 0.000003 
 0.007573 	 0.000003 
 0.007828 	 0.000004 
 0.008088 	 0.000004 
 0.008356 	 0.000004 
 0.008630 	 0.000004 
 0.008911 	 0.000005 
 0.009200 	 0.000005 
 0.009495 	 0.000005 
 0.009799 	 0.000006 
 0.010109 	 0.000006 
 0.010428 	 0.000006 
 0.010755 	 0.000007 
 0.011090 	 0.000007 
 0.011433 	 0.000008 
 0.011785 	 0.000008 
 0.012147 	 0.000009 
 0.012517 	 0.000009 
 0.012896 	 0.000010 
 0.013286 	 0.000010 
 0.013685 	 0.000011 
 0.014094 	 0.000012 
 0.014513 	 0.000012 
 0.014944 	 0.000013 
 0.015385 	 0.000014 
 0.015837 	 0.000015 
 0.016301 	 0.000015 
 0.016776 	 0.000016 
 0.017263 	 0.000017 
 0.017763 	 0.000018 
 0.018276 	 0.000019 
 0.018801 	 0.000020 
 0.019340 	 0.000022 
 0.019892 	 0.000023 
 0.020458 	 0.000024 
 0.021039 	 0.000026 
 0.021634 	 0.000027 
 0.022245 	 0.000029 
 0.022871 	 0.000030 
 0.023512 	 0.000032 
 0.024170 	 0.000034 
 0.024845 	 0.000036 
 0.025537 	 0.000038 
 0.026246 	 0.000040 
 0.026973 	 0.000042 
 0.027719 	 0.000044 
 0.028483 	 0.000047 
 0.029267 	 0.000049 
 0.030071 	 0.000052 
 0.030895 	 0.000055 
 0.031739 	 0.000058 
 0.032606 	 0.000061 
 0.033494 	 0.000065 
 0.034404 	 0.000068 
 0.035338 	 0.000072 
 0.036295 	 0.000076 
 0.037277 	 0.000080 
 0.038283 	 0.000084 
 0.039315 	 0.000089 
 0.040373 	 0.000094 
 0.041458 	 0.000099 
 0.042570 	 0.000104 
 0.043711 	 0.000109 
 0.044880 	 0.000115 
 0.046079 	 0.000121 
 0.047308 	 0.000128 
 0.048569 	 0.000135 
 0.049861 	 0.000142 
 0.051186 	 0.000149 
 0.052544 	 0.000157 
 0.053937 	 0.000166 
 0.055366 	 0.000175 
 0.056830 	 0.000184 
 0.058331 	 0.000193 
 0.059871 	 0.000204 
 0.061449 	 0.000214 
 0.063067 	 0.000226 
 0.064727 	 0.000237 
 0.066428 	 0.000250 
 0.068172 	 0.000263 
 0.069961 	 0.000277 
 0.071795 	 0.000291 
 0.073675 	 0.000306 
 0.075603 	 0.000322 
 0.077580 	 0.000339 
 0.079606 	 0.000356 
 0.081684 	 0.000375 
 0.083815 	 0.000394 
 0.085999 	 0.000415 
 0.088239 	 0.000436 
 0.090536 	 0.000458 
 0.092890 	 0.000482 
 0.095305 	 0.000507 
 0.097780 	 0.000533 
 0.100318 	 0.000560 
 0.102920 	 0.000589 
 0.105589 	 0.000619 
 0.108324 	 0.000650 
 0.111129 	 0.000684 
 0.114005 	 0.000718 
 0.116954 	 0.000755 
 0.119978 	 0.000793 
 0.123078 	 0.000833 
 0.126256 	 0.000876 
 0.129515 	 0.000920 
 0.132857 	 0.000966 
 0.136283 	 0.001015 
 0.139795 	 0.001066 
 0.143397 	 0.001120 
 0.147090 	 0.001176 
 0.150876 	 0.001235 
 0.154758 	 0.001297 
 0.158739 	 0.001362 
 0.162820 	 0.001430 
 0.167005 	 0.001501 
 0.171295 	 0.001576 
 0.175694 	 0.001654 
 0.180205 	 0.001736 
 0.184829 	 0.001822 
 0.189571 	 0.001912 
 0.194433 	 0.002006 
 0.199418 	 0.002105 
 0.204529 	 0.002209 
 0.209769 	 0.002317 
 0.215142 	 0.002431 
 0.220651 	 0.002549 
 0.226300 	 0.002674 
 0.232092 	 0.002804 
 0.238030 	 0.002941 
 0.244118 	 0.003083 
 0.250361 	 0.003233 
 0.256762 	 0.003389 
 0.263324 	 0.003553 
 0.270053 	 0.003724 
 0.276952 	 0.003903 
 0.284026 	 0.004090 
 0.291279 	 0.004285 
 0.298715 	 0.004490 
 0.306340 	 0.004703 
 0.314158 	 0.004927 
 0.322174 	 0.005160 
 0.330392 	 0.005404 
 0.338819 	 0.005658 
 0.347459 	 0.005924 
 0.356318 	 0.006202 
 0.365401 	 0.006491 
 0.374714 	 0.006794 
 0.384262 	 0.007109 
 0.394053 	 0.007438 
 0.404091 	 0.007781 
 0.414383 	 0.008139 
 0.424936 	 0.008512 
 0.435756 	 0.008901 
 0.446850 	 0.009306 
 0.458225 	 0.009728 
 0.469888 	 0.010168 
 0.481846 	 0.010626 
 0.494107 	 0.011102 
 0.506678 	 0.011598 
 0.519567 	 0.012113 
 0.532783 	 0.012649 
 0.546333 	 0.013207 
 0.560226 	 0.013786 
 0.574471 	 0.014388 
 0.589077 	 0.015012 
 0.604052 	 0.015661 
 0.619406 	 0.016334 
 0.635149 	 0.017033 
 0.651291 	 0.017757 
 0.667841 	 0.018507 
 0.684811 	 0.019285 
 0.702209 	 0.020090 
 0.720049 	 0.020924 
 0.738339 	 0.021786 
 0.757093 	 0.022678 
 0.776322 	 0.023600 
 0.796037 	 0.024552 
 0.816252 	 0.025535 
 0.836978 	 0.026549 
 0.858229 	 0.027595 
 0.880018 	 0.028673 
 0.902359 	 0.029783 
 0.925265 	 0.030925 
 0.948751 	 0.032101 
 0.972831 	 0.033308 
 0.997521 	 0.034548 
 1.022836 	 0.035821 
 1.048792 	 0.037126 
 1.075405 	 0.038462 
 1.102692 	 0.039830 
 1.130670 	 0.041228 
 1.159355 	 0.042657 
 1.188767 	 0.044114 
 1.218924 	 0.045599 
 1.249844 	 0.047111 
 1.281547 	 0.048648 
 1.314052 	 0.050209 
 1.347380 	 0.051791 
 1.381552 	 0.053392 
 1.416589 	 0.055012 
 1.452513 	 0.056645 
 1.489346 	 0.058291 
 1.527112 	 0.059945 
 1.565833 	 0.061605 
 1.605535 	 0.063266 
 1.646243 	 0.064925 
 1.687980 	 0.066576 
 1.730774 	 0.068217 
 1.774652 	 0.069841 
 1.819640 	 0.071443 
 1.865767 	 0.073017 
 1.913062 	 0.074557 
 1.961554 	 0.076056 
 2.011274 	 0.077509 
 2.062252 	 0.078906 
 2.114521 	 0.080241 
 2.168113 	 0.081506 
 2.223062 	 0.082691 
 2.279402 	 0.083789 
 2.337168 	 0.084789 
 2.396397 	 0.085683 
 2.457124 	 0.086460 
 2.519390 	 0.087110 
 2.583231 	 0.087622 
 2.648688 	 0.087987 
 2.715803 	 0.088192 
 2.784617 	 0.088228 
 2.855172 	 0.088082 
 2.927514 	 0.087743 
 3.001687 	 0.087200 
 3.077738 	 0.086442 
 3.155714 	 0.085458 
 3.235664 	 0.084237 
 3.317638 	 0.082769 
 3.401687 	 0.081044 
 3.487864 	 0.079052 
 3.576223 	 0.076784 
 3.666818 	 0.074234 
 3.759707 	 0.071393 
 3.854947 	 0.068256 
 3.952598 	 0.064818 
 4.052721 	 0.061077 
 4.155379 	 0.057030 
 4.260636 	 0.052677 
 4.368557 	 0.048021 
 4.479210 	 0.043065 
 4.592665 	 0.037816 
 4.708991 	 0.032282 
 4.828263 	 0.026474 
 4.950554 	 0.020406 
 5.075940 	 0.014096 
 5.204501 	 0.007562 
 5.336316 	 0.000827 
 5.471469 	 -0.006082 
 5.610042 	 -0.013136 
 5.752124 	 -0.020302 
 5.897802 	 -0.027544 
 6.047169 	 -0.034824 
 6.200316 	 -0.042097 
 6.357341 	 -0.049318 
 6.518340 	 -0.056437 
 6.683416 	 -0.063403 
 6.852670 	 -0.070161 
 7.026209 	 -0.076653 
 7.204141 	 -0.082820 
 7.386577 	 -0.088602 
 7.573632 	 -0.093935 
 7.765422 	 -0.098758 
 7.962068 	 -0.103007 
 8.163691 	 -0.106622 
 8.370419 	 -0.109540 
 8.582380 	 -0.111704 
 8.799706 	 -0.113059 
 9.022535 	 -0.113553 
 9.251004 	 -0.113140 
 9.485257 	 -0.111779 
 9.725440 	 -0.109437 
 9.971704 	 -0.106090 
 10.224201 	 -0.101719 
 10.483091 	 -0.096319 
 10.748534 	 -0.089893 
 11.020698 	 -0.082458 
 11.299751 	 -0.074043 
 11.585868 	 -0.064688 
 11.879228 	 -0.054449 
 12.180015 	 -0.043395 
 12.488417 	 -0.031610 
 12.804625 	 -0.019192 
 13.128838 	 -0.006252 
 13.461259 	 0.007084 
 13.802095 	 0.020678 
 14.151560 	 0.034381 
 14.509871 	 0.048033 
 14.877253 	 0.061465 
 15.253935 	 0.074501 
 15.640153 	 0.086962 
 16.036148 	 0.098665 
 16.442168 	 0.109429 
 16.858466 	 0.119075 
 17.285303 	 0.127431 
 17.722945 	 0.134336 
 18.171667 	 0.139640 
 18.631747 	 0.143210 
 19.103475 	 0.144932 
 19.587144 	 0.144716 
 20.083058 	 0.142495 
 20.591526 	 0.138231 
 21.112866 	 0.131915 
 21.647403 	 0.123569 
 22.195473 	 0.113248 
 22.757416 	 0.101039 
 23.333586 	 0.087064 
 23.924341 	 0.071474 
 24.530051 	 0.054451 
 25.151095 	 0.036205 
 25.787861 	 0.016970 
 26.440747 	 -0.002998 
 27.110160 	 -0.023429 
 27.796520 	 -0.044038 
 28.500255 	 -0.064537 
 29.221805 	 -0.084636 
 29.961621 	 -0.104050 
 30.720166 	 -0.122507 
 31.497914 	 -0.139749 
 32.295350 	 -0.155544 
 33.112973 	 -0.169685 
 33.951295 	 -0.181998 
 34.810839 	 -0.192345 
 35.692142 	 -0.200623 
 36.595756 	 -0.206773 
 37.522244 	 -0.210775 
 38.472187 	 -0.212649 
 39.446178 	 -0.212455 
 40.444826 	 -0.210288 
 41.468754 	 -0.206277 
 42.518603 	 -0.200582 
 43.595030 	 -0.193385 
 44.698706 	 -0.184886 
 45.830322 	 -0.175300 
 46.990584 	 -0.164848 
 48.180220 	 -0.153753 
 49.399970 	 -0.142234 
 50.650599 	 -0.130499 
 51.932888 	 -0.118745 
 53.247638 	 -0.107147 
 54.595671 	 -0.095864 
 55.977830 	 -0.085028 
 57.394978 	 -0.074748 
 58.848002 	 -0.065108 
 60.337809 	 -0.056167 
 61.865330 	 -0.047959 
 63.431522 	 -0.040497 
 65.037361 	 -0.033772 
 66.683852 	 -0.027758 
 68.372025 	 -0.022409 
 70.102934 	 -0.017667 
 71.877661 	 -0.013459 
 73.697315 	 -0.009697 
 75.563034 	 -0.006282 
 77.475984 	 -0.003096 
 79.437361 	 0.000000 
