 0.000000 	 0.000000 
 0.000063 	 0.000000 
 0.000127 	 0.000024 
 0.000193 	 0.000040 
 0.000261 	 0.000057 
 0.000330 	 0.000075 
 0.000401 	 0.000092 
 0.000474 	 0.000111 
 0.000549 	 0.000129 
 0.000625 	 0.000148 
 0.000704 	 0.000168 
 0.000785 	 0.000188 
 0.000867 	 0.000209 
 0.000952 	 0.000230 
 0.001039 	 0.000252 
 0.001128 	 0.000274 
 0.001219 	 0.000297 
 0.001313 	 0.000320 
 0.001409 	 0.000344 
 0.001507 	 0.000368 
 0.001608 	 0.000394 
 0.001711 	 0.000419 
 0.001818 	 0.000446 
 0.001926 	 0.000473 
 0.002038 	 0.000501 
 0.002152 	 0.000529 
 0.002269 	 0.000558 
 0.002390 	 0.000588 
 0.002513 	 0.000619 
 0.002639 	 0.000650 
 0.002769 	 0.000682 
 0.002902 	 0.000715 
 0.003038 	 0.000749 
 0.003177 	 0.000784 
 0.003321 	 0.000819 
 0.003467 	 0.000856 
 0.003618 	 0.000893 
 0.003772 	 0.000932 
 0.003931 	 0.000971 
 0.004093 	 0.001011 
 0.004259 	 0.001052 
 0.004430 	 0.001095 
 0.004605 	 0.001138 
 0.004784 	 0.001182 
 0.004968 	 0.001228 
 0.005156 	 0.001274 
 0.005350 	 0.001322 
 0.005548 	 0.001371 
 0.005751 	 0.001422 
 0.005959 	 0.001473 
 0.006173 	 0.001526 
 0.006392 	 0.001580 
 0.006617 	 0.001635 
 0.006847 	 0.001692 
 0.007083 	 0.001750 
 0.007325 	 0.001810 
 0.007573 	 0.001871 
 0.007828 	 0.001934 
 0.008088 	 0.001998 
 0.008356 	 0.002064 
 0.008630 	 0.002131 
 0.008911 	 0.002200 
 0.009200 	 0.002271 
 0.009495 	 0.002343 
 0.009799 	 0.002418 
 0.010109 	 0.002494 
 0.010428 	 0.002572 
 0.010755 	 0.002652 
 0.011090 	 0.002734 
 0.011433 	 0.002818 
 0.011785 	 0.002904 
 0.012147 	 0.002992 
 0.012517 	 0.003082 
 0.012896 	 0.003175 
 0.013286 	 0.003269 
 0.013685 	 0.003366 
 0.014094 	 0.003466 
 0.014513 	 0.003568 
 0.014944 	 0.003672 
 0.015385 	 0.003779 
 0.015837 	 0.003889 
 0.016301 	 0.004001 
 0.016776 	 0.004116 
 0.017263 	 0.004234 
 0.017763 	 0.004354 
 0.018276 	 0.004478 
 0.018801 	 0.004604 
 0.019340 	 0.004734 
 0.019892 	 0.004867 
 0.020458 	 0.005002 
 0.021039 	 0.005142 
 0.021634 	 0.005284 
 0.022245 	 0.005430 
 0.022871 	 0.005580 
 0.023512 	 0.005733 
 0.024170 	 0.005889 
 0.024845 	 0.006050 
 0.025537 	 0.006214 
 0.026246 	 0.006383 
 0.026973 	 0.006555 
 0.027719 	 0.006731 
 0.028483 	 0.006912 
 0.029267 	 0.007096 
 0.030071 	 0.007286 
 0.030895 	 0.007479 
 0.031739 	 0.007677 
 0.032606 	 0.007880 
 0.033494 	 0.008088 
 0.034404 	 0.008300 
 0.035338 	 0.008518 
 0.036295 	 0.008740 
 0.037277 	 0.008968 
 0.038283 	 0.009201 
 0.039315 	 0.009439 
 0.040373 	 0.009683 
 0.041458 	 0.009933 
 0.042570 	 0.010188 
 0.043711 	 0.010449 
 0.044880 	 0.010716 
 0.046079 	 0.010989 
 0.047308 	 0.011268 
 0.048569 	 0.011554 
 0.049861 	 0.011846 
 0.051186 	 0.012145 
 0.052544 	 0.012450 
 0.053937 	 0.012762 
 0.055366 	 0.013081 
 0.056830 	 0.013408 
 0.058331 	 0.013741 
 0.059871 	 0.014082 
 0.061449 	 0.014430 
 0.063067 	 0.014786 
 0.064727 	 0.015149 
 0.066428 	 0.015521 
 0.068172 	 0.015900 
 0.069961 	 0.016288 
 0.071795 	 0.016684 
 0.073675 	 0.017088 
 0.075603 	 0.017501 
 0.077580 	 0.017922 
 0.079606 	 0.018352 
 0.081684 	 0.018791 
 0.083815 	 0.019240 
 0.085999 	 0.019697 
 0.088239 	 0.020164 
 0.090536 	 0.020640 
 0.092890 	 0.021126 
 0.095305 	 0.021621 
 0.097780 	 0.022126 
 0.100318 	 0.022641 
 0.102920 	 0.023167 
 0.105589 	 0.023702 
 0.108324 	 0.024247 
 0.111129 	 0.024803 
 0.114005 	 0.025370 
 0.116954 	 0.025947 
 0.119978 	 0.026534 
 0.123078 	 0.027132 
 0.126256 	 0.027741 
 0.129515 	 0.028361 
 0.132857 	 0.028991 
 0.136283 	 0.029633 
 0.139795 	 0.030286 
 0.143397 	 0.030949 
 0.147090 	 0.031624 
 0.150876 	 0.032309 
 0.154758 	 0.033006 
 0.158739 	 0.033713 
 0.162820 	 0.034432 
 0.167005 	 0.035161 
 0.171295 	 0.035901 
 0.175694 	 0.036652 
 0.180205 	 0.037414 
 0.184829 	 0.038186 
 0.189571 	 0.038969 
 0.194433 	 0.039762 
 0.199418 	 0.040565 
 0.204529 	 0.041378 
 0.209769 	 0.042201 
 0.215142 	 0.043033 
 0.220651 	 0.043874 
 0.226300 	 0.044724 
 0.232092 	 0.045583 
 0.238030 	 0.046449 
 0.244118 	 0.047324 
 0.250361 	 0.048206 
 0.256762 	 0.049094 
 0.263324 	 0.049989 
 0.270053 	 0.050890 
 0.276952 	 0.051797 
 0.284026 	 0.052707 
 0.291279 	 0.053622 
 0.298715 	 0.054540 
 0.306340 	 0.055460 
 0.314158 	 0.056382 
 0.322174 	 0.057305 
 0.330392 	 0.058228 
 0.338819 	 0.059149 
 0.347459 	 0.060069 
 0.356318 	 0.060985 
 0.365401 	 0.061897 
 0.374714 	 0.062803 
 0.384262 	 0.063702 
 0.394053 	 0.064594 
 0.404091 	 0.065475 
 0.414383 	 0.066345 
 0.424936 	 0.067203 
 0.435756 	 0.068046 
 0.446850 	 0.068873 
 0.458225 	 0.069682 
 0.469888 	 0.070471 
 0.481846 	 0.071239 
 0.494107 	 0.071983 
 0.506678 	 0.072701 
 0.519567 	 0.073390 
 0.532783 	 0.074050 
 0.546333 	 0.074676 
 0.560226 	 0.075267 
 0.574471 	 0.075820 
 0.589077 	 0.076333 
 0.604052 	 0.076802 
 0.619406 	 0.077224 
 0.635149 	 0.077598 
 0.651291 	 0.077920 
 0.667841 	 0.078186 
 0.684811 	 0.078394 
 0.702209 	 0.078540 
 0.720049 	 0.078621 
 0.738339 	 0.078633 
 0.757093 	 0.078574 
 0.776322 	 0.078439 
 0.796037 	 0.078225 
 0.816252 	 0.077928 
 0.836978 	 0.077545 
 0.858229 	 0.077071 
 0.880018 	 0.076504 
 0.902359 	 0.075839 
 0.925265 	 0.075072 
 0.948751 	 0.074201 
 0.972831 	 0.073220 
 0.997521 	 0.072126 
 1.022836 	 0.070916 
 1.048792 	 0.069587 
 1.075405 	 0.068133 
 1.102692 	 0.066553 
 1.130670 	 0.064843 
 1.159355 	 0.063000 
 1.188767 	 0.061020 
 1.218924 	 0.058902 
 1.249844 	 0.056642 
 1.281547 	 0.054239 
 1.314052 	 0.051689 
 1.347380 	 0.048993 
 1.381552 	 0.046148 
 1.416589 	 0.043154 
 1.452513 	 0.040009 
 1.489346 	 0.036714 
 1.527112 	 0.033270 
 1.565833 	 0.029677 
 1.605535 	 0.025938 
 1.646243 	 0.022053 
 1.687980 	 0.018026 
 1.730774 	 0.013860 
 1.774652 	 0.009561 
 1.819640 	 0.005132 
 1.865767 	 0.000580 
 1.913062 	 -0.004089 
 1.961554 	 -0.008866 
 2.011274 	 -0.013744 
 2.062252 	 -0.018712 
 2.114521 	 -0.023761 
 2.168113 	 -0.028877 
 2.223062 	 -0.034049 
 2.279402 	 -0.039263 
 2.337168 	 -0.044503 
 2.396397 	 -0.049754 
 2.457124 	 -0.054997 
 2.519390 	 -0.060215 
 2.583231 	 -0.065388 
 2.648688 	 -0.070495 
 2.715803 	 -0.075514 
 2.784617 	 -0.080422 
 2.855172 	 -0.085196 
 2.927514 	 -0.089809 
 3.001687 	 -0.094235 
 3.077738 	 -0.098449 
 3.155714 	 -0.102423 
 3.235664 	 -0.106128 
 3.317638 	 -0.109535 
 3.401687 	 -0.112615 
 3.487864 	 -0.115340 
 3.576223 	 -0.117679 
 3.666818 	 -0.119604 
 3.759707 	 -0.121085 
 3.854947 	 -0.122094 
 3.952598 	 -0.122605 
 4.052721 	 -0.122590 
 4.155379 	 -0.122024 
 4.260636 	 -0.120886 
 4.368557 	 -0.119152 
 4.479210 	 -0.116806 
 4.592665 	 -0.113829 
 4.708991 	 -0.110210 
 4.828263 	 -0.105939 
 4.950554 	 -0.101009 
 5.075940 	 -0.095419 
 5.204501 	 -0.089171 
 5.336316 	 -0.082272 
 5.471469 	 -0.074736 
 5.610042 	 -0.066579 
 5.752124 	 -0.057825 
 5.897802 	 -0.048504 
 6.047169 	 -0.038652 
 6.200316 	 -0.028310 
 6.357341 	 -0.017527 
 6.518340 	 -0.006358 
 6.683416 	 0.005136 
 6.852670 	 0.016886 
 7.026209 	 0.028818 
 7.204141 	 0.040852 
 7.386577 	 0.052903 
 7.573632 	 0.064877 
 7.765422 	 0.076680 
 7.962068 	 0.088210 
 8.163691 	 0.099364 
 8.370419 	 0.110036 
 8.582380 	 0.120116 
 8.799706 	 0.129496 
 9.022535 	 0.138067 
 9.251004 	 0.145722 
 9.485257 	 0.152358 
 9.725440 	 0.157874 
 9.971704 	 0.162177 
 10.224201 	 0.165179 
 10.483091 	 0.166802 
 10.748534 	 0.166977 
 11.020698 	 0.165647 
 11.299751 	 0.162769 
 11.585868 	 0.158311 
 11.879228 	 0.152259 
 12.180015 	 0.144614 
 12.488417 	 0.135395 
 12.804625 	 0.124636 
 13.128838 	 0.112394 
 13.461259 	 0.098740 
 13.802095 	 0.083765 
 14.151560 	 0.067579 
 14.509871 	 0.050308 
 14.877253 	 0.032095 
 15.253935 	 0.013098 
 15.640153 	 -0.006513 
 16.036148 	 -0.026554 
 16.442168 	 -0.046834 
 16.858466 	 -0.067153 
 17.285303 	 -0.087309 
 17.722945 	 -0.107097 
 18.171667 	 -0.126314 
 18.631747 	 -0.144762 
 19.103475 	 -0.162252 
 19.587144 	 -0.178604 
 20.083058 	 -0.193652 
 20.591526 	 -0.207250 
 21.112866 	 -0.219267 
 21.647403 	 -0.229595 
 22.195473 	 -0.238152 
 22.757416 	 -0.244876 
 23.333586 	 -0.249736 
 23.924341 	 -0.252722 
 24.530051 	 -0.253855 
 25.151095 	 -0.253179 
 25.787861 	 -0.250764 
 26.440747 	 -0.246701 
 27.110160 	 -0.241104 
 27.796520 	 -0.234104 
 28.500255 	 -0.225847 
 29.221805 	 -0.216495 
 29.961621 	 -0.206213 
 30.720166 	 -0.195176 
 31.497914 	 -0.183560 
 32.295350 	 -0.171539 
 33.112973 	 -0.159281 
 33.951295 	 -0.146949 
 34.810839 	 -0.134692 
 35.692142 	 -0.122650 
 36.595756 	 -0.110946 
 37.522244 	 -0.099686 
 38.472187 	 -0.088961 
 39.446178 	 -0.078843 
 40.444826 	 -0.069388 
 41.468754 	 -0.060633 
 42.518603 	 -0.052600 
 43.595030 	 -0.045297 
 44.698706 	 -0.038716 
 45.830322 	 -0.032839 
 46.990584 	 -0.027639 
 48.180220 	 -0.023078 
 49.399970 	 -0.019115 
 50.650599 	 -0.015702 
 51.932888 	 -0.012790 
 53.247638 	 -0.010329 
 54.595671 	 -0.008268 
 55.977830 	 -0.006559 
 57.394978 	 -0.005156 
 58.848002 	 -0.004015 
 60.337809 	 -0.003096 
 61.865330 	 -0.002364 
 63.431522 	 -0.001786 
 65.037361 	 -0.001334 
 66.683852 	 -0.000985 
 68.372025 	 -0.000717 
 70.102934 	 -0.000512 
 71.877661 	 -0.000357 
 73.697315 	 -0.000238 
 75.563034 	 -0.000145 
 77.475984 	 -0.000069 
 79.437361 	 0.000000 
