0.000000	0.000000
0.030000	0.000000
0.060000	0.000000
0.090000	0.000000
0.120000	0.000000
0.150000	0.000000
0.180000	0.000000
0.210000	0.000000
0.240000	0.000000
0.270000	0.000000
0.300000	0.000000
0.330000	0.000000
0.360000	0.000000
0.390000	0.000000
0.420000	0.000000
0.450000	0.000000
0.480000	0.000000
0.510000	0.000000
0.540000	0.000000
0.570000	0.000000
0.600000	0.000000
0.630000	0.000000
0.660000	0.000000
0.690000	0.000000
0.720000	0.000000
0.750000	0.000000
0.780000	0.000000
0.810000	0.000000
0.840000	0.000010
0.870000	0.005590
0.900000	0.248220
0.930000	2.699370
0.960000	11.449170
0.990000	26.674110
1.020000	42.214970
1.050000	52.095360
1.080000	54.957470
1.110000	52.513700
1.140000	47.249670
1.170000	41.166170
1.200000	35.118300
1.230000	29.700340
1.260000	25.150250
1.290000	21.531690
1.320000	18.600010
1.350000	16.404980
1.380000	14.749730
1.410000	13.730240
1.440000	13.195870
1.470000	13.126890
1.500000	13.603480
1.530000	14.596340
1.560000	16.113660
1.590000	18.188270
1.620000	20.852510
1.650000	24.034240
1.680000	27.813260
1.710000	32.223310
1.740000	37.409710
1.770000	43.230400
1.800000	49.656570
1.830000	56.402830
1.860000	63.001770
1.890000	68.972000
1.920000	73.948920
1.950000	77.963110
1.980000	81.123120
2.010000	83.638020
2.040000	85.775460
2.070000	87.400420
2.100000	88.078700
2.130000	87.706660
2.160000	86.084120
2.190000	83.106490
2.220000	77.831960
2.250000	70.421880
2.280000	62.450570
2.310000	55.120580
2.340000	48.808300
2.370000	43.308210
2.400000	38.404510
2.430000	33.959110
2.460000	30.223540
2.490000	27.251460
2.520000	25.285770
2.550000	24.569650
2.580000	25.258340
2.610000	27.655590
2.640000	31.608320
2.670000	36.846900
2.700000	42.959500
2.730000	49.272100
2.760000	55.117810
2.790000	59.476060
2.820000	61.771310
2.850000	61.479020
2.880000	58.429230
2.910000	52.816930
2.940000	45.341610
2.970000	36.931940
