0.000000	0.000000
0.030000	0.000000
0.060000	0.000000
0.090000	0.000000
0.120000	0.000000
0.150000	0.000000
0.180000	0.000000
0.210000	0.000000
0.240000	0.000000
0.270000	0.000000
0.300000	0.000000
0.330000	0.000000
0.360000	0.000000
0.390000	0.000000
0.420000	0.000000
0.450000	0.000000
0.480000	0.000000
0.510000	0.000000
0.540000	0.000000
0.570000	0.000000
0.600000	0.000000
0.630000	0.000000
0.660000	0.000000
0.690000	0.000000
0.720000	0.000000
0.750000	0.000000
0.780000	0.000000
0.810000	0.000000
0.840000	0.000000
0.870000	0.000000
0.900000	0.000070
0.930000	0.022160
0.960000	0.909040
0.990000	8.481550
1.020000	30.602410
1.050000	58.746160
1.080000	74.886980
1.110000	73.951080
1.140000	62.660580
1.170000	49.159530
1.200000	37.469380
1.230000	28.565410
1.260000	22.268670
1.290000	17.969130
1.320000	15.167700
1.350000	13.306300
1.380000	12.135560
1.410000	11.260030
1.440000	10.571090
1.470000	9.958400
1.500000	9.644130
1.530000	9.941260
1.560000	11.272190
1.590000	13.923680
1.620000	17.611150
1.650000	21.953110
1.680000	26.455780
1.710000	31.011170
1.740000	35.912620
1.770000	41.603200
1.800000	48.161110
1.830000	55.528160
1.860000	63.468050
1.890000	71.803330
1.920000	79.980260
1.950000	86.694720
1.980000	90.173980
2.010000	89.886730
2.040000	87.152890
2.070000	85.056040
2.100000	85.929520
2.130000	89.531040
2.160000	92.896820
2.190000	93.334120
2.220000	88.683470
2.250000	77.692490
2.280000	64.060300
2.310000	53.753810
2.340000	47.086710
2.370000	41.668130
2.400000	36.253240
2.430000	30.624890
2.460000	25.016980
2.490000	19.828230
2.520000	15.785420
2.550000	13.194760
2.580000	12.639520
2.610000	14.432590
2.640000	18.869160
2.670000	25.940430
2.700000	35.502880
2.730000	47.056560
2.760000	59.213110
2.790000	70.210960
2.820000	77.692590
2.850000	80.319740
2.880000	77.057220
2.910000	67.718930
2.940000	54.031990
2.970000	38.493930
