0.000000	0.000000
0.030000	0.000000
0.060000	0.000000
0.090000	0.000000
0.120000	0.000000
0.150000	0.000000
0.180000	0.000000
0.210000	0.000000
0.240000	0.000000
0.270000	0.000000
0.300000	0.000000
0.330000	0.000000
0.360000	0.000000
0.390000	0.000000
0.420000	0.000000
0.450000	0.000000
0.480000	0.000000
0.510000	0.000000
0.540000	0.000000
0.570000	0.000000
0.600000	0.000000
0.630000	0.000000
0.660000	0.000000
0.690000	0.000000
0.720000	0.000000
0.750000	0.000000
0.780000	0.000000
0.810000	0.000000
0.840000	0.000110
0.870000	0.018670
0.900000	0.527900
0.930000	4.208880
0.960000	14.597500
0.990000	29.804360
1.020000	43.243320
1.050000	50.671170
1.080000	51.907090
1.110000	49.060930
1.140000	44.136830
1.170000	38.608000
1.200000	33.265130
1.230000	28.581740
1.260000	24.647510
1.290000	21.439930
1.320000	18.903990
1.350000	16.970250
1.380000	15.619350
1.410000	14.702810
1.440000	14.268090
1.470000	14.350930
1.500000	14.893280
1.530000	15.901970
1.560000	17.477130
1.590000	19.540180
1.620000	22.182230
1.650000	25.347650
1.680000	29.113410
1.710000	33.523780
1.740000	38.560470
1.770000	44.227610
1.800000	50.275050
1.830000	56.464510
1.860000	62.418540
1.890000	67.746840
1.920000	72.524460
1.950000	76.409690
1.980000	79.504850
2.010000	82.068750
2.040000	83.926510
2.070000	85.135180
2.100000	85.515680
2.130000	84.730310
2.160000	82.888140
2.190000	79.641630
2.220000	74.624200
2.250000	68.214240
2.280000	61.498330
2.310000	55.305730
2.340000	49.763830
2.370000	44.818190
2.400000	40.482490
2.430000	36.688240
2.460000	33.614750
2.490000	31.246600
2.520000	29.849640
2.550000	29.532560
2.580000	30.334700
2.610000	32.393720
2.640000	35.584810
2.670000	39.629560
2.700000	44.300450
2.730000	48.929010
2.760000	52.999370
2.790000	55.819430
2.820000	56.921620
2.850000	56.010810
2.880000	53.099640
2.910000	48.237190
2.940000	42.029770
2.970000	35.100670
