0.000000	0.000000
0.030000	0.000000
0.060000	0.000000
0.090000	0.000000
0.120000	0.000000
0.150000	0.000000
0.180000	0.000000
0.210000	0.000000
0.240000	0.000000
0.270000	0.000000
0.300000	0.000000
0.330000	0.000000
0.360000	0.000000
0.390000	0.000000
0.420000	0.000000
0.450000	0.000000
0.480000	0.000000
0.510000	0.000000
0.540000	0.000000
0.570000	0.000000
0.600000	0.000000
0.630000	0.000000
0.660000	0.000000
0.690000	0.000000
0.720000	0.000000
0.750000	0.000000
0.780000	0.000000
0.810000	0.000000
0.840000	0.000000
0.870000	0.000010
0.900000	0.011650
0.930000	0.460870
0.960000	4.545450
0.990000	17.932030
1.020000	38.700110
1.050000	56.484220
1.080000	64.112300
1.110000	62.257620
1.140000	54.801080
1.170000	45.659590
1.200000	37.090510
1.230000	29.929310
1.260000	24.285750
1.290000	20.109490
1.320000	16.939210
1.350000	14.661870
1.380000	13.041650
1.410000	11.958500
1.440000	11.300850
1.470000	11.067970
1.500000	11.345490
1.530000	12.194800
1.560000	13.758840
1.590000	16.040660
1.620000	18.999910
1.650000	22.561080
1.680000	26.656870
1.710000	31.200600
1.740000	36.404580
1.770000	42.296110
1.800000	48.983220
1.830000	56.315800
1.860000	63.874360
1.890000	71.202140
1.920000	77.484890
1.950000	82.033490
1.980000	84.572460
2.010000	85.714910
2.040000	86.543040
2.070000	87.672330
2.100000	89.110330
2.130000	90.388330
2.160000	90.308620
2.190000	88.221440
2.220000	82.990700
2.250000	73.856690
2.280000	63.312650
2.310000	54.395740
2.340000	47.505610
2.370000	41.799420
2.400000	36.553380
2.430000	31.573510
2.460000	26.947350
2.490000	22.886460
2.520000	19.822810
2.550000	18.151910
2.580000	18.274220
2.610000	20.588740
2.640000	25.105100
2.670000	31.699930
2.700000	39.932650
2.730000	48.945740
2.760000	57.747210
2.790000	65.089430
2.820000	69.768390
2.850000	70.807060
2.880000	67.577330
2.910000	60.331430
2.940000	50.098020
2.970000	38.441310
