0.000000	0.000000
0.030000	0.000000
0.060000	0.000000
0.090000	0.000000
0.120000	0.000000
0.150000	0.000000
0.180000	0.000000
0.210000	0.000000
0.240000	0.000000
0.270000	0.000000
0.300000	0.000000
0.330000	0.000000
0.360000	0.000000
0.390000	0.000000
0.420000	0.000000
0.450000	0.000000
0.480000	0.000000
0.510000	0.000000
0.540000	0.000000
0.570000	0.000000
0.600000	0.000000
0.630000	0.000000
0.660000	0.000000
0.690000	0.000000
0.720000	0.000000
0.750000	0.000000
0.780000	0.000000
0.810000	0.000000
0.840000	0.000000
0.870000	0.000000
0.900000	0.000000
0.930000	0.000370
0.960000	0.127430
0.990000	3.371680
1.020000	22.061070
1.050000	57.825460
1.080000	83.699480
1.110000	83.786370
1.140000	68.169970
1.170000	50.572370
1.200000	36.720520
1.230000	27.005630
1.260000	20.502910
1.290000	16.367200
1.320000	13.881820
1.350000	12.510880
1.380000	11.863380
1.410000	11.389510
1.440000	10.815030
1.470000	9.848110
1.500000	8.757890
1.530000	8.178020
1.560000	9.126030
1.590000	12.119520
1.620000	16.855530
1.650000	22.164670
1.680000	26.973340
1.710000	31.096600
1.740000	35.372600
1.770000	40.946030
1.800000	48.088670
1.830000	55.703060
1.860000	62.948310
1.890000	70.576200
1.920000	79.753300
1.950000	89.249600
1.980000	95.498350
2.010000	95.389400
2.040000	89.496110
2.070000	82.470580
2.100000	80.648820
2.130000	85.972740
2.160000	93.757880
2.190000	97.221680
2.220000	93.070560
2.250000	80.205240
2.280000	63.909070
2.310000	53.449960
2.340000	47.830500
2.370000	42.710940
2.400000	36.861710
2.430000	30.330530
2.460000	23.780700
2.490000	17.921090
2.520000	13.337070
2.550000	10.358420
2.580000	9.385850
2.610000	10.861080
2.640000	14.998810
2.670000	21.930360
2.700000	31.736030
2.730000	44.229500
2.760000	58.989450
2.790000	73.415810
2.820000	84.078190
2.850000	88.091670
2.880000	84.475080
2.910000	73.155600
2.940000	56.134040
2.970000	37.218130
