0.000000	0.000000
0.030000	0.000000
0.060000	0.000000
0.090000	0.000000
0.120000	0.000000
0.150000	0.000000
0.180000	0.000000
0.210000	0.000000
0.240000	0.000000
0.270000	0.000000
0.300000	0.000000
0.330000	0.000000
0.360000	0.000000
0.390000	0.000000
0.420000	0.000000
0.450000	0.000000
0.480000	0.000000
0.510000	0.000000
0.540000	0.000000
0.570000	0.000000
0.600000	0.000000
0.630000	0.000000
0.660000	0.000000
0.690000	0.000000
0.720000	0.000000
0.750000	0.000000
0.780000	0.000000
0.810000	0.000000
0.840000	0.000000
0.870000	0.000000
0.900000	0.000000
0.930000	0.000000
0.960000	0.000470
0.990000	0.248700
1.020000	8.223770
1.050000	49.736310
1.080000	99.073310
1.110000	100.575550
1.140000	74.504050
1.170000	51.213760
1.200000	35.197810
1.230000	24.167900
1.260000	17.304980
1.290000	13.668510
1.320000	12.073760
1.350000	11.643960
1.380000	11.747130
1.410000	12.102730
1.440000	12.112630
1.470000	10.876600
1.500000	8.195770
1.530000	5.504610
1.560000	5.131340
1.590000	8.921270
1.620000	16.435440
1.650000	24.446790
1.680000	29.530730
1.710000	31.375670
1.740000	32.762360
1.770000	37.236910
1.800000	46.867660
1.830000	58.582280
1.860000	65.897960
1.890000	67.919810
1.920000	74.447590
1.950000	89.945170
1.980000	104.935720
2.010000	107.214600
2.040000	96.147060
2.070000	80.026470
2.100000	69.177770
2.130000	74.761890
2.160000	93.325170
2.190000	105.006420
2.220000	100.195740
2.250000	82.831120
2.280000	61.917360
2.310000	52.676180
2.340000	50.212780
2.370000	46.291530
2.400000	38.495470
2.430000	28.954140
2.460000	21.102770
2.490000	15.595840
2.520000	11.315890
2.550000	7.805600
2.580000	6.004010
2.610000	6.995250
2.640000	11.156740
2.670000	18.094300
2.700000	26.936950
2.730000	38.013700
2.760000	53.803620
2.790000	75.314110
2.820000	94.981050
2.850000	101.888570
2.880000	95.775580
2.910000	80.099880
2.940000	57.329510
2.970000	33.434560
