0.000000	0.000000
0.030000	0.000000
0.060000	0.000000
0.090000	0.000000
0.120000	0.000000
0.150000	0.000000
0.180000	0.000000
0.210000	0.000000
0.240000	0.000000
0.270000	0.000000
0.300000	0.000000
0.330000	0.000000
0.360000	0.000000
0.390000	0.000000
0.420000	0.000000
0.450000	0.000000
0.480000	0.000000
0.510000	0.000000
0.540000	0.000000
0.570000	0.000000
0.600000	0.000000
0.630000	0.000000
0.660000	0.000000
0.690000	0.000000
0.720000	0.000000
0.750000	0.000000
0.780000	0.000000
0.810000	0.000000
0.840000	0.000710
0.870000	0.072390
0.900000	1.309530
0.930000	7.640770
0.960000	21.108490
0.990000	36.260680
1.020000	46.186480
1.050000	49.107960
1.080000	46.910120
1.110000	42.234760
1.140000	36.964260
1.170000	32.054620
1.200000	27.874990
1.230000	24.498560
1.260000	21.850660
1.290000	19.889280
1.320000	18.418170
1.350000	17.479550
1.380000	16.909410
1.410000	16.712260
1.440000	16.844520
1.470000	17.366620
1.500000	18.216040
1.530000	19.521260
1.560000	21.232030
1.590000	23.458820
1.620000	26.293220
1.650000	29.721850
1.680000	33.711840
1.710000	38.174980
1.740000	43.004130
1.770000	47.984920
1.800000	52.855210
1.830000	57.455590
1.860000	61.664840
1.890000	65.410740
1.920000	68.779880
1.950000	71.825320
1.980000	74.399980
2.010000	76.252830
2.040000	77.248340
2.070000	77.362710
2.100000	76.496850
2.130000	75.150260
2.160000	73.223480
2.190000	68.904440
2.220000	64.232330
2.250000	60.323390
2.280000	56.937690
2.310000	53.971230
2.340000	51.443420
2.370000	49.346480
2.400000	47.742570
2.430000	46.607000
2.460000	45.951310
2.490000	45.760450
2.520000	45.864160
2.550000	46.337760
2.580000	46.846260
2.610000	47.276820
2.640000	47.762110
2.670000	47.901080
2.700000	47.803520
2.730000	47.255920
2.760000	46.208310
2.790000	44.634830
2.820000	42.648310
2.850000	40.165930
2.880000	37.300260
2.910000	34.162530
2.940000	30.781600
2.970000	27.374230
