0.000000	0.000000
0.030000	0.000000
0.060000	0.000000
0.090000	0.000000
0.120000	0.000000
0.150000	0.000000
0.180000	0.000000
0.210000	0.000000
0.240000	0.000000
0.270000	0.000000
0.300000	0.000000
0.330000	0.000000
0.360000	0.000000
0.390000	0.000000
0.420000	0.000000
0.450000	0.000000
0.480000	0.000000
0.510000	0.000000
0.540000	0.000000
0.570000	0.000000
0.600000	0.000000
0.630000	0.000000
0.660000	0.000000
0.690000	0.000000
0.720000	0.000000
0.750000	0.000000
0.780000	0.000000
0.810000	0.000000
0.840000	0.000000
0.870000	0.000240
0.900000	0.043560
0.930000	1.004000
0.960000	6.873190
0.990000	21.547280
1.020000	40.557820
1.050000	55.020430
1.080000	60.486790
1.110000	58.330750
1.140000	51.853950
1.170000	44.046660
1.200000	36.468120
1.230000	29.965320
1.260000	24.706880
1.290000	20.582740
1.320000	17.524700
1.350000	15.262220
1.380000	13.614060
1.410000	12.535250
1.440000	11.934590
1.470000	11.863650
1.500000	12.211010
1.530000	13.198310
1.560000	14.722880
1.590000	16.887570
1.620000	19.675700
1.650000	23.034850
1.680000	26.903370
1.710000	31.408260
1.740000	36.571250
1.770000	42.524040
1.800000	49.256500
1.830000	56.500650
1.860000	63.817160
1.890000	70.656120
1.920000	76.311790
1.950000	80.431410
1.980000	83.066220
2.010000	84.965070
2.040000	86.481300
2.070000	87.930150
2.100000	89.000240
2.130000	89.409400
2.160000	88.556140
2.190000	85.975230
2.220000	80.803880
2.250000	72.488800
2.280000	63.069520
2.310000	54.730230
2.340000	48.007390
2.370000	42.293590
2.400000	37.055670
2.430000	32.268610
2.460000	27.950310
2.490000	24.372090
2.520000	21.762660
2.550000	20.493180
2.580000	21.009060
2.610000	23.373240
2.640000	27.761890
2.670000	33.820060
2.700000	41.278930
2.730000	49.220960
2.760000	56.823560
2.790000	63.030110
2.820000	66.686910
2.850000	67.076690
2.880000	63.837190
2.910000	57.337510
2.940000	48.242130
2.970000	37.991410
