0.000000	0.000000
0.030000	0.000000
0.060000	0.000000
0.090000	0.000000
0.120000	0.000000
0.150000	0.000000
0.180000	0.000000
0.210000	0.000000
0.240000	0.000000
0.270000	0.000000
0.300000	0.000000
0.330000	0.000000
0.360000	0.000000
0.390000	0.000000
0.420000	0.000000
0.450000	0.000000
0.480000	0.000000
0.510000	0.000000
0.540000	0.000000
0.570000	0.000000
0.600000	0.000000
0.630000	0.000000
0.660000	0.000000
0.690000	0.000000
0.720000	0.000000
0.750000	0.000000
0.780000	0.000000
0.810000	0.000000
0.840000	0.000000
0.870000	0.000000
0.900000	0.001670
0.930000	0.146160
0.960000	2.487930
0.990000	13.616270
1.020000	35.725940
1.050000	57.821680
1.080000	68.697890
1.110000	67.118890
1.140000	58.225840
1.170000	47.375390
1.200000	37.470210
1.230000	29.512790
1.260000	23.570290
1.290000	19.249470
1.320000	16.195570
1.350000	14.080850
1.380000	12.622270
1.410000	11.605110
1.440000	10.829740
1.470000	10.407120
1.500000	10.415110
1.530000	11.063570
1.560000	12.561480
1.590000	15.033690
1.620000	18.293480
1.650000	22.200350
1.680000	26.485960
1.710000	31.155670
1.740000	36.330680
1.770000	42.034010
1.800000	48.640810
1.830000	55.913440
1.860000	63.778630
1.890000	71.630370
1.920000	78.669530
1.950000	84.011660
1.980000	86.732320
2.010000	87.222190
2.040000	86.671710
2.070000	86.851300
2.100000	88.415850
2.130000	90.527970
2.160000	91.720310
2.190000	90.457570
2.220000	85.566200
2.250000	75.761050
2.280000	63.824750
2.310000	54.124440
2.340000	47.093770
2.370000	41.484960
2.400000	36.169090
2.430000	30.964320
2.460000	25.887180
2.490000	21.411370
2.520000	17.877930
2.550000	15.774960
2.580000	15.565250
2.610000	17.619210
2.640000	22.182970
2.670000	29.079920
2.700000	38.084710
2.730000	48.344230
2.760000	58.566560
2.790000	67.582060
2.820000	73.435920
2.850000	75.204400
2.880000	71.781660
2.910000	63.661080
2.940000	51.877540
2.970000	38.507650
