0.000000	0.000000
0.030000	0.000000
0.060000	0.000000
0.090000	0.000000
0.120000	0.000000
0.150000	0.000000
0.180000	0.000000
0.210000	0.000000
0.240000	0.000000
0.270000	0.000000
0.300000	0.000000
0.330000	0.000000
0.360000	0.000000
0.390000	0.000000
0.420000	0.000000
0.450000	0.000000
0.480000	0.000000
0.510000	0.000000
0.540000	0.000000
0.570000	0.000000
0.600000	0.000000
0.630000	0.000000
0.660000	0.000000
0.690000	0.000000
0.720000	0.000000
0.750000	0.000000
0.780000	0.000000
0.810000	0.000000
0.840000	0.000000
0.870000	0.001380
0.900000	0.121500
0.930000	1.756720
0.960000	9.251510
0.990000	24.496210
1.020000	41.632360
1.050000	53.479960
1.080000	57.421240
1.110000	55.134770
1.140000	49.364870
1.170000	42.534680
1.200000	35.751710
1.230000	29.928380
1.260000	25.012400
1.290000	21.123260
1.320000	18.099240
1.350000	15.822290
1.380000	14.183350
1.410000	13.114080
1.440000	12.558630
1.470000	12.482820
1.500000	12.913060
1.530000	13.864190
1.560000	15.465170
1.590000	17.616180
1.620000	20.348110
1.650000	23.605950
1.680000	27.419550
1.710000	31.901770
1.740000	37.048290
1.770000	42.927900
1.800000	49.559700
1.830000	56.488130
1.860000	63.343810
1.890000	69.692840
1.920000	74.905040
1.950000	78.895870
1.980000	81.892600
2.010000	84.305320
2.040000	86.233800
2.070000	87.802940
2.100000	88.775050
2.130000	88.723090
2.160000	87.372800
2.190000	84.435830
2.220000	79.063000
2.250000	71.291720
2.280000	62.593960
2.310000	54.902640
2.340000	48.447830
2.370000	42.817900
2.400000	37.796180
2.430000	33.129190
2.460000	29.066910
2.490000	25.774840
2.520000	23.585580
2.550000	22.636230
2.580000	23.335260
2.610000	25.757140
2.640000	29.914090
2.670000	35.593610
2.700000	42.268570
2.730000	49.284730
2.760000	55.877650
2.790000	61.083160
2.820000	63.936550
2.850000	63.904220
2.880000	60.818660
2.910000	54.803180
2.940000	46.666530
2.970000	37.532080
