0.000000	0.000000
0.030000	0.000000
0.060000	0.000000
0.090000	0.000000
0.120000	0.000000
0.150000	0.000000
0.180000	0.000000
0.210000	0.000000
0.240000	0.000000
0.270000	0.000000
0.300000	0.000000
0.330000	0.000000
0.360000	0.000000
0.390000	0.000000
0.420000	0.000000
0.450000	0.000000
0.480000	0.000000
0.510000	0.000000
0.540000	0.000000
0.570000	0.000000
0.600000	0.000000
0.630000	0.000000
0.660000	0.000000
0.690000	0.000000
0.720000	0.000000
0.750000	0.000000
0.780000	0.000000
0.810000	0.000000
0.840000	0.000070
0.870000	0.022020
0.900000	0.615170
0.930000	4.602810
0.960000	14.893890
0.990000	28.668970
1.020000	39.495170
1.050000	44.451150
1.080000	44.256690
1.110000	41.081510
1.140000	36.784350
1.170000	32.512890
1.200000	28.717290
1.230000	25.569920
1.260000	23.039940
1.290000	21.036940
1.320000	19.501700
1.350000	18.451940
1.380000	17.758890
1.410000	17.371000
1.440000	17.346300
1.470000	17.584870
1.500000	18.139480
1.530000	19.021840
1.560000	20.255490
1.590000	21.891320
1.620000	23.992510
1.650000	26.527390
1.680000	29.577950
1.710000	33.124180
1.740000	37.030540
1.770000	41.335120
1.800000	45.682050
1.830000	49.975630
1.860000	54.084140
1.890000	58.008830
1.920000	61.699380
1.950000	65.070200
1.980000	68.038050
2.010000	70.452760
2.040000	72.190120
2.070000	73.119410
2.100000	73.285840
2.130000	72.802320
2.160000	71.678060
2.190000	70.296590
2.220000	68.484620
2.250000	64.494720
2.280000	60.865890
2.310000	57.752580
2.340000	55.039640
2.370000	52.817830
2.400000	50.968460
2.430000	49.491360
2.460000	48.419470
2.490000	47.727540
2.520000	47.412940
2.550000	47.318690
2.580000	47.370530
2.610000	47.586010
2.640000	47.779210
2.670000	47.927150
2.700000	47.822860
2.730000	47.437680
2.760000	46.718880
2.790000	45.637840
2.820000	44.269370
2.850000	42.424840
2.880000	40.243720
2.910000	37.817410
2.940000	35.148080
2.970000	32.349030
