0.000000	0.000000
0.030000	0.000000
0.060000	0.000000
0.090000	0.000000
0.120000	0.000000
0.150000	0.000000
0.180000	0.000000
0.210000	0.000000
0.240000	0.000000
0.270000	0.000000
0.300000	0.000000
0.330000	0.000000
0.360000	0.000000
0.390000	0.000000
0.420000	0.000000
0.450000	0.000000
0.480000	0.000000
0.510000	0.000000
0.540000	0.000000
0.570000	0.000000
0.600000	0.000000
0.630000	0.000000
0.660000	0.000000
0.690000	0.000000
0.720000	0.000000
0.750000	0.000000
0.780000	0.000000
0.810000	0.000000
0.840000	0.000000
0.870000	0.000000
0.900000	0.000000
0.930000	0.006630
0.960000	0.353130
0.990000	3.960110
1.020000	17.297510
1.050000	40.092050
1.080000	61.062630
1.110000	70.712080
1.140000	68.286650
1.170000	58.587930
1.200000	46.497660
1.230000	35.062020
1.260000	25.536060
1.290000	18.244340
1.320000	12.934360
1.350000	9.289560
1.380000	7.131820
1.410000	6.315440
1.440000	6.798740
1.470000	8.605000
1.500000	11.622890
1.530000	15.587940
1.560000	19.963800
1.590000	23.860600
1.620000	26.481340
1.650000	27.186530
1.680000	26.028420
1.710000	23.675510
1.740000	21.493740
1.770000	21.422240
1.800000	25.331850
1.830000	34.822650
1.860000	49.752350
1.890000	67.989320
1.920000	85.015240
1.950000	96.368250
1.980000	99.162860
2.010000	93.604180
2.040000	82.804200
2.070000	71.326980
2.100000	63.392580
2.130000	61.604270
2.160000	65.999850
2.190000	73.842690
2.220000	76.995450
2.250000	72.524630
2.280000	68.555600
2.310000	59.078800
2.340000	51.978920
2.370000	47.376580
2.400000	44.589470
2.430000	43.692300
2.460000	43.860810
2.490000	43.819450
2.520000	43.111550
2.550000	42.155260
2.580000	41.777430
2.610000	42.527310
2.640000	44.749460
2.670000	47.979070
2.700000	51.112090
2.730000	52.505280
2.760000	50.900240
2.790000	47.220870
2.820000	43.480500
2.850000	41.604050
2.880000	41.952200
2.910000	43.375530
2.940000	44.113500
2.970000	42.686410
