0.000000	0.000000
0.030000	0.000000
0.060000	0.000000
0.090000	0.000000
0.120000	0.000000
0.150000	0.000000
0.180000	0.000000
0.210000	0.000000
0.240000	0.000000
0.270000	0.000000
0.300000	0.000000
0.330000	0.000000
0.360000	0.000000
0.390000	0.000000
0.420000	0.000000
0.450000	0.000000
0.480000	0.000000
0.510000	0.000000
0.540000	0.000000
0.570000	0.000000
0.600000	0.000000
0.630000	0.000000
0.660000	0.000000
0.690000	0.000000
0.720000	0.000000
0.750000	0.000000
0.780000	0.000000
0.810000	0.000000
0.840000	0.000000
0.870000	0.000000
0.900000	0.000500
0.930000	0.062260
0.960000	1.242640
0.990000	7.845700
1.020000	23.451850
1.050000	43.319360
1.080000	58.242250
1.110000	63.693180
1.140000	60.775290
1.170000	53.016740
1.200000	43.560690
1.230000	34.371410
1.260000	26.392920
1.290000	20.020220
1.320000	15.182170
1.350000	11.793840
1.380000	9.715550
1.410000	8.836940
1.440000	9.092430
1.470000	10.441020
1.500000	12.700230
1.530000	15.606910
1.560000	18.770400
1.590000	21.601180
1.620000	23.599900
1.650000	24.581260
1.680000	24.536920
1.710000	24.176080
1.740000	24.465940
1.770000	26.596090
1.800000	31.895980
1.830000	40.899740
1.860000	53.133180
1.890000	66.587770
1.920000	78.632650
1.950000	86.620940
1.980000	89.083180
2.010000	86.551770
2.040000	80.755450
2.070000	74.507300
2.100000	70.224270
2.130000	69.300130
2.160000	71.436190
2.190000	75.109380
2.220000	75.078210
2.250000	68.502840
2.280000	63.909370
2.310000	56.608710
2.340000	51.520760
2.370000	48.561760
2.400000	46.840500
2.430000	45.847900
2.460000	45.109830
2.490000	44.227320
2.520000	43.311970
2.550000	42.648800
2.580000	42.891780
2.610000	44.106950
2.640000	46.250680
2.670000	48.618030
2.700000	50.469080
2.730000	50.800530
2.760000	49.448100
2.790000	46.951490
2.820000	44.508990
2.850000	43.103050
2.880000	42.764990
2.910000	42.780720
2.940000	42.024800
2.970000	39.829160
