0.000000	0.000000
0.030000	0.000000
0.060000	0.000000
0.090000	0.000000
0.120000	0.000000
0.150000	0.000000
0.180000	0.000000
0.210000	0.000000
0.240000	0.000000
0.270000	0.000000
0.300000	0.000000
0.330000	0.000000
0.360000	0.000000
0.390000	0.000000
0.420000	0.000000
0.450000	0.000000
0.480000	0.000000
0.510000	0.000000
0.540000	0.000000
0.570000	0.000000
0.600000	0.000000
0.630000	0.000000
0.660000	0.000000
0.690000	0.000000
0.720000	0.000000
0.750000	0.000000
0.780000	0.000000
0.810000	0.000000
0.840000	0.000000
0.870000	0.000000
0.900000	0.000000
0.930000	0.000100
0.960000	0.029540
0.990000	1.055350
1.020000	9.213270
1.050000	32.658530
1.080000	62.807640
1.110000	80.727970
1.140000	79.680680
1.170000	66.467620
1.200000	49.785960
1.230000	35.022780
1.260000	23.701590
1.290000	15.548510
1.320000	10.006460
1.350000	6.353310
1.380000	4.237820
1.410000	3.442560
1.440000	3.986630
1.470000	6.043430
1.500000	9.804760
1.530000	15.216380
1.560000	21.514420
1.590000	27.416910
1.620000	31.249150
1.650000	31.659520
1.680000	28.763090
1.710000	23.623820
1.740000	18.149400
1.770000	14.790550
1.800000	16.065420
1.830000	24.687770
1.860000	42.433000
1.890000	67.650490
1.920000	93.749170
1.950000	112.050320
1.980000	116.020000
2.010000	105.542100
2.040000	86.005340
2.070000	65.334970
2.100000	50.856670
2.130000	47.311770
2.160000	55.382820
2.190000	71.232230
2.220000	81.279570
2.250000	81.563400
2.280000	79.010550
2.310000	64.734440
2.340000	52.968160
2.370000	44.128280
2.400000	39.011650
2.430000	38.562980
2.460000	41.367760
2.490000	44.191920
2.520000	44.677630
2.550000	43.234980
2.580000	41.132650
2.610000	39.893600
2.640000	40.853570
2.670000	44.862680
2.700000	51.139330
2.730000	55.895770
2.760000	55.617350
2.790000	49.705130
2.820000	42.569710
2.850000	38.360920
2.880000	38.858100
2.910000	42.589090
2.940000	46.291440
2.970000	46.800590
