0.000000	0.000000
0.030000	0.000000
0.060000	0.000000
0.090000	0.000000
0.120000	0.000000
0.150000	0.000000
0.180000	0.000000
0.210000	0.000000
0.240000	0.000000
0.270000	0.000000
0.300000	0.000000
0.330000	0.000000
0.360000	0.000000
0.390000	0.000000
0.420000	0.000000
0.450000	0.000000
0.480000	0.000000
0.510000	0.000000
0.540000	0.000000
0.570000	0.000000
0.600000	0.000000
0.630000	0.000000
0.660000	0.000000
0.690000	0.000000
0.720000	0.000000
0.750000	0.000000
0.780000	0.000000
0.810000	0.000000
0.840000	0.000000
0.870000	0.000260
0.900000	0.036730
0.930000	0.802570
0.960000	5.437610
0.990000	17.098530
1.020000	32.748950
1.050000	45.730690
1.080000	52.190200
1.110000	52.513210
1.140000	48.809830
1.170000	43.099120
1.200000	36.955320
1.230000	31.122820
1.260000	26.052420
1.290000	21.844050
1.320000	18.494790
1.350000	16.033930
1.380000	14.396960
1.410000	13.489720
1.440000	13.321920
1.470000	13.733850
1.500000	14.694820
1.530000	16.071100
1.560000	17.679350
1.590000	19.414860
1.620000	21.220610
1.650000	23.046650
1.680000	25.072560
1.710000	27.440860
1.740000	30.628640
1.770000	34.977480
1.800000	40.614200
1.830000	47.495610
1.860000	55.025290
1.890000	62.410950
1.920000	68.703790
1.950000	73.292400
1.980000	75.946860
2.010000	76.960650
2.040000	76.911610
2.070000	76.421620
2.100000	75.942060
2.130000	75.841170
2.160000	75.813960
2.190000	75.648140
2.220000	73.184120
2.250000	65.812590
2.280000	60.664480
2.310000	55.803850
2.340000	52.245390
2.370000	50.007480
2.400000	48.494000
2.430000	47.362880
2.460000	46.414790
2.490000	45.672180
2.520000	45.144000
2.550000	45.053730
2.580000	45.507450
2.610000	46.421200
2.640000	47.621110
2.670000	48.673430
2.700000	49.354990
2.730000	49.372080
2.760000	48.611080
2.790000	47.287880
2.820000	45.559720
2.850000	43.771230
2.880000	42.002470
2.910000	39.896090
2.940000	37.470660
2.970000	34.487490
