0.000000	0.000000
0.030000	0.000000
0.060000	0.000000
0.090000	0.000000
0.120000	0.000000
0.150000	0.000000
0.180000	0.000000
0.210000	0.000000
0.240000	0.000000
0.270000	0.000000
0.300000	0.000000
0.330000	0.000000
0.360000	0.000000
0.390000	0.000000
0.420000	0.000000
0.450000	0.000000
0.480000	0.000000
0.510000	0.000000
0.540000	0.000000
0.570000	0.000000
0.600000	0.000000
0.630000	0.000000
0.660000	0.000000
0.690000	0.000000
0.720000	0.000000
0.750000	0.000000
0.780000	0.000000
0.810000	0.000000
0.840000	0.000000
0.870000	0.000010
0.900000	0.005300
0.930000	0.253200
0.960000	2.736410
0.990000	11.855310
1.020000	28.039250
1.050000	44.708470
1.080000	55.391640
1.110000	58.241120
1.140000	55.009640
1.170000	48.504190
1.200000	40.797120
1.230000	33.300520
1.260000	26.731640
1.290000	21.286990
1.320000	17.029240
1.350000	13.983760
1.380000	12.038490
1.410000	11.135910
1.440000	11.124320
1.470000	11.952040
1.500000	13.523730
1.530000	15.562930
1.560000	17.838670
1.590000	19.994500
1.620000	21.764070
1.650000	23.050030
1.680000	24.059580
1.710000	25.237290
1.740000	27.165270
1.770000	30.725790
1.800000	36.571790
1.830000	44.706360
1.860000	54.600870
1.890000	64.828890
1.920000	73.704260
1.950000	79.782340
1.980000	82.242740
2.010000	81.555190
2.040000	78.965020
2.070000	76.062110
2.100000	74.141170
2.130000	73.672370
2.160000	74.615780
2.190000	75.918030
2.220000	74.320290
2.250000	66.676310
2.280000	61.651290
2.310000	55.794990
2.340000	51.668480
2.370000	49.387740
2.400000	47.977720
2.430000	46.898630
2.460000	45.900660
2.490000	44.942750
2.520000	44.101770
2.550000	43.688110
2.580000	44.087190
2.610000	45.210460
2.640000	46.903840
2.670000	48.589410
2.700000	49.691780
2.730000	49.799100
2.760000	48.768710
2.790000	47.052150
2.820000	45.255420
2.850000	43.805880
2.880000	42.729500
2.910000	41.581570
2.940000	39.909770
2.970000	37.329080
