0.000000	0.000000
0.030000	0.000000
0.060000	0.000000
0.090000	0.000000
0.120000	0.000000
0.150000	0.000000
0.180000	0.000000
0.210000	0.000000
0.240000	0.000000
0.270000	0.000000
0.300000	0.000000
0.330000	0.000000
0.360000	0.000000
0.390000	0.000000
0.420000	0.000000
0.450000	0.000000
0.480000	0.000000
0.510000	0.000000
0.540000	0.000000
0.570000	0.000000
0.600000	0.000000
0.630000	0.000000
0.660000	0.000000
0.690000	0.000000
0.720000	0.000000
0.750000	0.000000
0.780000	0.000000
0.810000	0.000000
0.840000	0.000000
0.870000	0.000000
0.900000	0.000000
0.930000	0.000000
0.960000	0.000040
0.990000	0.024650
1.020000	1.498340
1.050000	16.311290
1.080000	57.658430
1.110000	96.379990
1.140000	100.460520
1.170000	79.224100
1.200000	53.880800
1.230000	33.814470
1.260000	20.021440
1.290000	11.038750
1.320000	5.586440
1.350000	2.560550
1.380000	1.098010
1.410000	0.588950
1.440000	0.880740
1.470000	2.268120
1.500000	5.750160
1.530000	12.403780
1.560000	22.368140
1.590000	33.280330
1.620000	40.784350
1.650000	41.143740
1.680000	34.200040
1.710000	23.557630
1.740000	13.483750
1.770000	6.688690
1.800000	4.292880
1.830000	8.437420
1.860000	24.669010
1.890000	58.616580
1.920000	104.706220
1.950000	142.034530
1.980000	150.735990
2.010000	128.439020
2.040000	89.463770
2.070000	52.251090
2.100000	27.869140
2.130000	20.497920
2.160000	32.254250
2.190000	62.327130
2.220000	88.811350
2.250000	103.551700
2.280000	106.521540
2.310000	79.141580
2.340000	54.682770
2.370000	34.931350
2.400000	24.123400
2.430000	24.668110
2.460000	34.835210
2.490000	46.948590
2.520000	52.268080
2.550000	50.399970
2.580000	44.430770
2.610000	36.458580
2.640000	30.649850
2.670000	32.892420
2.700000	45.709970
2.730000	62.898540
2.760000	69.641570
2.790000	59.560430
2.820000	43.212310
2.850000	31.614400
2.880000	28.545060
2.910000	35.239130
2.940000	47.683100
2.970000	55.170750
