0.000000	0.000000
0.030000	0.000000
0.060000	0.000000
0.090000	0.000000
0.120000	0.000000
0.150000	0.000000
0.180000	0.000000
0.210000	0.000000
0.240000	0.000000
0.270000	0.000000
0.300000	0.000000
0.330000	0.000000
0.360000	0.000000
0.390000	0.000000
0.420000	0.000000
0.450000	0.000000
0.480000	0.000000
0.510000	0.000000
0.540000	0.000000
0.570000	0.000000
0.600000	0.000000
0.630000	0.000000
0.660000	0.000000
0.690000	0.000000
0.720000	0.000000
0.750000	0.000000
0.780000	0.000000
0.810000	0.000000
0.840000	0.000290
0.870000	0.046860
0.900000	0.931170
0.930000	5.700510
0.960000	16.504520
0.990000	29.547770
1.020000	39.192120
1.050000	43.218310
1.080000	42.699980
1.110000	39.702650
1.140000	35.714330
1.170000	31.820730
1.200000	28.300190
1.230000	25.366430
1.260000	22.987270
1.290000	21.123650
1.320000	19.727350
1.350000	18.737250
1.380000	18.103100
1.410000	17.764340
1.440000	17.755110
1.470000	18.008110
1.500000	18.600000
1.530000	19.498470
1.560000	20.744000
1.590000	22.400510
1.620000	24.521420
1.650000	27.013880
1.680000	29.995380
1.710000	33.382120
1.740000	37.214360
1.770000	41.303210
1.800000	45.559910
1.830000	49.737220
1.860000	53.717320
1.890000	57.662570
1.920000	61.324500
1.950000	64.677200
1.980000	67.524330
2.010000	69.913070
2.040000	71.535710
2.070000	72.445620
2.100000	72.451470
2.130000	71.978250
2.160000	71.010050
2.190000	69.844860
2.220000	68.202730
2.250000	64.401780
2.280000	60.808310
2.310000	57.722520
2.340000	55.193320
2.370000	53.158310
2.400000	51.492450
2.430000	50.206810
2.460000	49.255000
2.490000	48.722300
2.520000	48.365930
2.550000	48.260540
2.580000	48.219620
2.610000	48.258520
2.640000	48.268370
2.670000	48.180950
2.700000	47.831810
2.730000	47.304460
2.760000	46.481740
2.790000	45.276470
2.820000	43.686260
2.850000	41.791450
2.880000	39.671090
2.910000	37.284730
2.940000	34.721080
2.970000	32.024540
