0.000000	0.000000
0.030000	0.000000
0.060000	0.000000
0.090000	0.000000
0.120000	0.000000
0.150000	0.000000
0.180000	0.000000
0.210000	0.000000
0.240000	0.000000
0.270000	0.000000
0.300000	0.000000
0.330000	0.000000
0.360000	0.000000
0.390000	0.000000
0.420000	0.000000
0.450000	0.000000
0.480000	0.000000
0.510000	0.000000
0.540000	0.000000
0.570000	0.000000
0.600000	0.000000
0.630000	0.000000
0.660000	0.000000
0.690000	0.000000
0.720000	0.000000
0.750000	0.000000
0.780000	0.000000
0.810000	0.000000
0.840000	0.000020
0.870000	0.010130
0.900000	0.360110
0.930000	3.395710
0.960000	12.929840
0.990000	27.213820
1.020000	39.557200
1.050000	45.704710
1.080000	46.009170
1.110000	42.822250
1.140000	38.192920
1.170000	33.528700
1.200000	29.353750
1.230000	25.826520
1.260000	23.074780
1.290000	20.912430
1.320000	19.315190
1.350000	18.214130
1.380000	17.484600
1.410000	17.072620
1.440000	16.959490
1.470000	17.141320
1.500000	17.660970
1.530000	18.542750
1.560000	19.769330
1.590000	21.394840
1.620000	23.460010
1.650000	26.035750
1.680000	29.158150
1.710000	32.728520
1.740000	36.753020
1.770000	41.124830
1.800000	45.667190
1.830000	50.093520
1.860000	54.270850
1.890000	58.145860
1.920000	61.819880
1.950000	65.209350
1.980000	68.193740
2.010000	70.796250
2.040000	72.696380
2.070000	73.875770
2.100000	74.081300
2.130000	73.614180
2.160000	72.559750
2.190000	71.071310
2.220000	68.996870
2.250000	64.808520
2.280000	60.890400
2.310000	57.573670
2.340000	54.780840
2.370000	52.379890
2.400000	50.469710
2.430000	49.054290
2.460000	48.056670
2.490000	47.348560
2.520000	46.978230
2.550000	46.916830
2.580000	47.064990
2.610000	47.326220
2.640000	47.545770
2.670000	47.789970
2.700000	47.788290
2.730000	47.540940
2.760000	46.906740
2.790000	45.923560
2.820000	44.467400
2.850000	42.610070
2.880000	40.421730
2.910000	37.987220
2.940000	35.338260
2.970000	32.481850
