0.000000	0.000000
0.030000	0.000000
0.060000	0.000000
0.090000	0.000000
0.120000	0.000000
0.150000	0.000000
0.180000	0.000000
0.210000	0.000000
0.240000	0.000000
0.270000	0.000000
0.300000	0.000000
0.330000	0.000000
0.360000	0.000000
0.390000	0.000000
0.420000	0.000000
0.450000	0.000000
0.480000	0.000000
0.510000	0.000000
0.540000	0.000000
0.570000	0.000000
0.600000	0.000000
0.630000	0.000000
0.660000	0.000000
0.690000	0.000000
0.720000	0.000000
0.750000	0.000000
0.780000	0.000000
0.810000	0.000000
0.840000	0.000010
0.870000	0.002730
0.900000	0.176640
0.930000	2.281380
0.960000	10.562750
0.990000	25.161180
1.020000	39.187910
1.050000	47.020880
1.080000	48.146180
1.110000	44.991420
1.140000	40.033620
1.170000	34.923270
1.200000	30.274380
1.230000	26.482620
1.260000	23.377550
1.290000	20.981130
1.320000	19.235350
1.350000	17.898610
1.380000	17.015770
1.410000	16.487570
1.440000	16.307610
1.470000	16.445750
1.500000	16.997040
1.530000	17.805590
1.560000	19.033080
1.590000	20.594400
1.620000	22.706950
1.650000	25.277490
1.680000	28.387460
1.710000	32.029760
1.740000	36.160850
1.770000	40.667820
1.800000	45.461130
1.830000	50.126690
1.860000	54.573090
1.890000	58.688170
1.920000	62.388060
1.950000	65.807100
1.980000	68.836760
2.010000	71.488060
2.040000	73.688070
2.070000	74.994110
2.100000	75.391980
2.130000	75.013430
2.160000	74.029010
2.190000	72.456880
2.220000	70.128320
2.250000	65.789630
2.280000	61.722490
2.310000	58.084830
2.340000	54.857000
2.370000	52.040630
2.400000	49.707390
2.430000	47.866920
2.460000	46.535860
2.490000	45.543070
2.520000	44.964300
2.550000	44.818330
2.580000	44.876850
2.610000	45.222250
2.640000	45.742510
2.670000	46.248400
2.700000	46.705300
2.730000	46.874420
2.760000	46.828010
2.790000	46.296740
2.820000	45.313770
2.850000	43.915660
2.880000	42.075200
2.910000	39.702230
2.940000	37.073910
2.970000	34.149610
