0.000000	0.000000
0.030000	0.000000
0.060000	0.000000
0.090000	0.000000
0.120000	0.000000
0.150000	0.000000
0.180000	0.000000
0.210000	0.000000
0.240000	0.000000
0.270000	0.000000
0.300000	0.000000
0.330000	0.000000
0.360000	0.000000
0.390000	0.000000
0.420000	0.000000
0.450000	0.000000
0.480000	0.000000
0.510000	0.000000
0.540000	0.000000
0.570000	0.000000
0.600000	0.000000
0.630000	0.000000
0.660000	0.000000
0.690000	0.000000
0.720000	0.000000
0.750000	0.000000
0.780000	0.000000
0.810000	0.000000
0.840000	0.000000
0.870000	0.000000
0.900000	0.000710
0.930000	0.232380
0.960000	6.315950
0.990000	37.966140
1.020000	84.325360
1.050000	99.219000
1.080000	81.727250
1.110000	58.462210
1.140000	40.685840
1.170000	28.579170
1.200000	20.581980
1.230000	15.835690
1.260000	13.606240
1.290000	12.888770
1.320000	12.978280
1.350000	12.878630
1.380000	11.865890
1.410000	9.682020
1.440000	6.965630
1.470000	5.442380
1.500000	6.775300
1.530000	11.909000
1.560000	19.820850
1.590000	27.876260
1.620000	33.676270
1.650000	37.238940
1.680000	41.255950
1.710000	48.477290
1.740000	57.805240
1.770000	65.111080
1.800000	69.764320
1.830000	77.310720
1.860000	91.459160
1.890000	104.773050
1.920000	108.369120
1.950000	99.614280
1.980000	86.014920
2.010000	79.522110
2.040000	86.514710
2.070000	99.222840
2.100000	104.599920
2.130000	97.556890
2.160000	77.439860
2.190000	61.081870
2.220000	54.434800
2.250000	48.926040
2.280000	41.661000
2.310000	32.966390
2.340000	24.652050
2.370000	17.756540
2.400000	12.331250
2.430000	8.361720
2.460000	6.564180
2.490000	7.731640
2.520000	12.400910
2.550000	20.163890
2.580000	30.635790
2.610000	44.543780
2.640000	63.335980
2.670000	84.709080
2.700000	100.478050
2.730000	103.876040
2.760000	94.469050
2.790000	73.638650
2.820000	46.658040
2.850000	23.211840
2.880000	9.184740
2.910000	2.936390
2.940000	0.758120
2.970000	0.155230
