0.000000	0.000000
0.030000	0.000000
0.060000	0.000000
0.090000	0.000000
0.120000	0.000000
0.150000	0.000000
0.180000	0.000000
0.210000	0.000000
0.240000	0.000000
0.270000	0.000000
0.300000	0.000000
0.330000	0.000000
0.360000	0.000000
0.390000	0.000000
0.420000	0.000000
0.450000	0.000000
0.480000	0.000000
0.510000	0.000000
0.540000	0.000000
0.570000	0.000000
0.600000	0.000000
0.630000	0.000000
0.660000	0.000000
0.690000	0.000000
0.720000	0.000000
0.750000	0.000000
0.780000	0.000000
0.810000	0.000000
0.840000	0.000000
0.870000	0.001160
0.900000	0.166240
0.930000	3.280300
0.960000	18.958920
0.990000	48.841960
1.020000	74.117690
1.050000	80.247500
1.080000	70.770170
1.110000	55.812530
1.140000	41.867160
1.170000	31.272720
1.200000	23.867150
1.230000	18.906810
1.260000	15.768920
1.290000	13.804600
1.320000	12.587470
1.350000	11.645430
1.380000	10.761180
1.410000	9.893760
1.440000	9.326940
1.470000	9.702620
1.500000	11.659480
1.530000	15.310480
1.560000	20.291260
1.590000	25.811440
1.620000	31.302000
1.650000	36.815700
1.680000	42.663510
1.710000	49.215450
1.740000	56.519500
1.770000	64.308330
1.800000	73.032090
1.830000	82.112660
1.860000	90.466560
1.890000	95.618680
1.920000	95.713560
1.950000	92.474740
1.980000	89.680350
2.010000	90.509290
2.040000	94.391390
2.070000	97.912960
2.100000	97.516710
2.130000	90.031060
2.160000	75.288670
2.190000	61.344250
2.220000	52.686050
2.250000	46.356580
2.280000	40.157450
2.310000	33.657390
2.340000	26.922620
2.370000	20.735430
2.400000	15.788320
2.430000	12.581880
2.460000	11.718050
2.490000	13.526970
2.520000	18.441290
2.550000	26.512130
2.580000	37.581710
2.610000	51.065180
2.640000	65.480590
2.670000	78.016500
2.700000	85.931470
2.730000	87.019690
2.760000	80.275590
2.790000	66.340900
2.820000	48.204600
2.850000	30.340740
2.880000	16.496010
2.910000	7.778380
2.940000	3.189450
2.970000	1.119710
