0.000000	0.000000
0.030000	0.000000
0.060000	0.000000
0.090000	0.000000
0.120000	0.000000
0.150000	0.000000
0.180000	0.000000
0.210000	0.000000
0.240000	0.000000
0.270000	0.000000
0.300000	0.000000
0.330000	0.000000
0.360000	0.000000
0.390000	0.000000
0.420000	0.000000
0.450000	0.000000
0.480000	0.000000
0.510000	0.000000
0.540000	0.000000
0.570000	0.000000
0.600000	0.000000
0.630000	0.000000
0.660000	0.000000
0.690000	0.000000
0.720000	0.000000
0.750000	0.000000
0.780000	0.000000
0.810000	0.000000
0.840000	0.000000
0.870000	0.000000
0.900000	0.011410
0.930000	0.856990
0.960000	10.860870
0.990000	43.403830
1.020000	80.423230
1.050000	91.159350
1.080000	77.690820
1.110000	57.779830
1.140000	41.235420
1.170000	29.645160
1.200000	21.939010
1.230000	17.139440
1.260000	14.469940
1.290000	13.240360
1.320000	12.723380
1.350000	12.211630
1.380000	11.231450
1.410000	9.609460
1.440000	7.864330
1.470000	7.184710
1.500000	8.802400
1.530000	13.266140
1.560000	19.833000
1.590000	26.638160
1.620000	32.497560
1.650000	37.207350
1.680000	42.314030
1.710000	49.143940
1.740000	56.864700
1.770000	64.054790
1.800000	71.055820
1.830000	80.319310
1.860000	91.837220
1.890000	101.087400
1.920000	102.441930
1.950000	95.905250
1.980000	87.203710
2.010000	84.674440
2.040000	90.659530
2.070000	98.955280
2.100000	101.817610
2.130000	94.544270
2.160000	76.734820
2.190000	61.290280
2.220000	53.537760
2.250000	47.745430
2.280000	41.049130
2.310000	33.279880
2.340000	25.542910
2.370000	18.747330
2.400000	13.364350
2.430000	9.745520
2.460000	8.356350
2.490000	9.814700
2.520000	14.424270
2.550000	22.165890
2.580000	33.187390
2.610000	47.721670
2.640000	65.141450
2.670000	82.530660
2.700000	94.328240
2.730000	96.746750
2.760000	88.760780
2.790000	71.147880
2.820000	47.800310
2.850000	26.426410
2.880000	12.060710
2.910000	4.575480
2.940000	1.466940
2.970000	0.393360
