0.000000	0.000000
0.030000	0.000000
0.060000	0.000000
0.090000	0.000000
0.120000	0.000000
0.150000	0.000000
0.180000	0.000000
0.210000	0.000000
0.240000	0.000000
0.270000	0.000000
0.300000	0.000000
0.330000	0.000000
0.360000	0.000000
0.390000	0.000000
0.420000	0.000000
0.450000	0.000000
0.480000	0.000000
0.510000	0.000000
0.540000	0.000000
0.570000	0.000000
0.600000	0.000000
0.630000	0.000000
0.660000	0.000000
0.690000	0.000000
0.720000	0.000000
0.750000	0.000000
0.780000	0.000000
0.810000	0.000000
0.840000	0.000050
0.870000	0.016020
0.900000	0.670240
0.930000	6.581530
0.960000	24.960280
0.990000	50.908270
1.020000	69.333420
1.050000	72.927180
1.080000	65.455820
1.110000	53.492380
1.140000	41.788040
1.170000	32.180880
1.200000	25.123480
1.230000	20.184580
1.260000	16.772880
1.290000	14.485350
1.320000	12.913970
1.350000	11.775000
1.380000	10.942100
1.410000	10.426510
1.440000	10.457230
1.470000	11.327160
1.500000	13.354400
1.530000	16.591660
1.560000	20.864500
1.590000	25.738790
1.620000	31.015150
1.650000	36.561380
1.680000	42.659790
1.710000	49.370900
1.740000	56.843620
1.770000	64.988800
1.800000	73.577000
1.830000	81.768210
1.860000	88.282380
1.890000	91.882100
1.920000	92.487040
1.950000	91.590970
1.980000	91.306960
2.010000	92.873120
2.040000	95.197020
2.070000	96.376130
2.100000	94.533340
2.130000	87.056430
2.160000	74.092320
2.190000	61.467080
2.220000	52.644600
2.250000	45.969120
2.280000	39.925540
2.310000	33.860070
2.340000	27.828170
2.370000	22.311720
2.400000	17.941140
2.430000	15.257170
2.460000	14.821560
2.490000	16.947620
2.520000	22.051180
2.550000	29.989980
2.580000	40.417030
2.610000	52.412840
2.640000	64.333310
2.670000	74.448190
2.700000	80.257690
2.730000	80.719310
2.760000	74.580080
2.790000	62.665580
2.820000	47.543060
2.850000	32.141850
2.880000	19.305840
2.910000	10.335670
2.940000	4.906720
2.970000	2.037510
