0.000000	0.000000
0.030000	0.000000
0.060000	0.000000
0.090000	0.000000
0.120000	0.000000
0.150000	0.000000
0.180000	0.000000
0.210000	0.000000
0.240000	0.000000
0.270000	0.000000
0.300000	0.000000
0.330000	0.000000
0.360000	0.000000
0.390000	0.000000
0.420000	0.000000
0.450000	0.000000
0.480000	0.000000
0.510000	0.000000
0.540000	0.000000
0.570000	0.000000
0.600000	0.000000
0.630000	0.000000
0.660000	0.000000
0.690000	0.000000
0.720000	0.000000
0.750000	0.000000
0.780000	0.000000
0.810000	0.000000
0.840000	0.000020
0.870000	0.005540
0.900000	0.367180
0.930000	4.873770
0.960000	22.146410
0.990000	50.105670
1.020000	71.555270
1.050000	76.320690
1.080000	68.000970
1.110000	54.635780
1.140000	42.001300
1.170000	31.898470
1.200000	24.574300
1.230000	19.559520
1.260000	16.231580
1.290000	14.109490
1.320000	12.703390
1.350000	11.658200
1.380000	10.789230
1.410000	10.153090
1.440000	9.911620
1.470000	10.544050
1.500000	12.550790
1.530000	15.986650
1.560000	20.593850
1.590000	25.775620
1.620000	31.154150
1.650000	36.668430
1.680000	42.575250
1.710000	49.236230
1.740000	56.533680
1.770000	64.574650
1.800000	73.261810
1.830000	82.015760
1.860000	89.482570
1.890000	93.719640
1.920000	94.079810
1.950000	92.190480
1.980000	90.835300
2.010000	92.048830
2.040000	94.934260
2.070000	96.939890
2.100000	95.804510
2.130000	88.370950
2.160000	74.542860
2.190000	61.451750
2.220000	52.594170
2.250000	46.094140
2.280000	40.022840
2.310000	33.732660
2.340000	27.442160
2.370000	21.572970
2.400000	16.908680
2.430000	13.934310
2.460000	13.197490
2.490000	15.212890
2.520000	20.200880
2.550000	28.180390
2.580000	39.011520
2.610000	51.766680
2.640000	65.074130
2.670000	76.343120
2.700000	83.092520
2.730000	83.666740
2.760000	77.342790
2.790000	64.563770
2.820000	47.845470
2.850000	31.266150
2.880000	17.949600
2.910000	9.085710
2.940000	4.049800
2.970000	1.583320
