0.000000	0.000000
0.030000	0.000000
0.060000	0.000000
0.090000	0.000000
0.120000	0.000000
0.150000	0.000000
0.180000	0.000000
0.210000	0.000000
0.240000	0.000000
0.270000	0.000000
0.300000	0.000000
0.330000	0.000000
0.360000	0.000000
0.390000	0.000000
0.420000	0.000000
0.450000	0.000000
0.480000	0.000000
0.510000	0.000000
0.540000	0.000000
0.570000	0.000000
0.600000	0.000000
0.630000	0.000000
0.660000	0.000000
0.690000	0.000000
0.720000	0.000000
0.750000	0.000000
0.780000	0.000000
0.810000	0.000000
0.840000	0.000000
0.870000	0.000230
0.900000	0.054400
0.930000	1.897650
0.960000	15.152650
0.990000	46.676940
1.020000	77.053530
1.050000	85.098350
1.080000	74.145280
1.110000	56.939070
1.140000	41.714760
1.170000	30.490100
1.200000	22.901520
1.230000	18.060180
1.260000	15.139560
1.290000	13.478260
1.320000	12.544040
1.350000	11.805000
1.380000	10.902780
1.410000	9.680210
1.440000	8.708220
1.470000	8.684830
1.500000	10.488810
1.530000	14.506400
1.560000	20.052570
1.590000	26.061670
1.620000	31.726340
1.650000	36.898010
1.680000	42.462810
1.710000	49.109150
1.740000	56.458660
1.770000	64.057630
1.800000	72.155460
1.830000	81.806480
1.860000	91.661630
1.890000	98.230910
1.920000	98.598230
1.950000	93.611970
1.980000	88.336590
2.010000	87.996410
2.040000	93.050590
2.070000	98.532960
2.100000	99.432910
2.130000	92.067820
2.160000	75.972250
2.190000	61.321610
2.220000	52.980150
2.250000	46.855500
2.280000	40.496180
2.310000	33.422330
2.340000	26.309500
2.370000	19.855460
2.400000	14.647930
2.430000	11.267110
2.460000	10.123960
2.490000	11.721980
2.520000	16.433400
2.550000	24.398450
2.580000	35.652790
2.610000	49.883310
2.640000	65.607210
2.670000	80.171250
2.700000	89.519440
2.730000	91.172840
2.760000	83.940700
2.790000	68.546240
2.820000	48.240330
2.850000	28.809890
2.880000	14.578670
2.910000	6.292350
2.940000	2.330370
2.970000	0.746110
