0.000000	0.000000
0.030000	0.000000
0.060000	0.000000
0.090000	0.000000
0.120000	0.000000
0.150000	0.000000
0.180000	0.000000
0.210000	0.000000
0.240000	0.000000
0.270000	0.000000
0.300000	0.000000
0.330000	0.000000
0.360000	0.000000
0.390000	0.000000
0.420000	0.000000
0.450000	0.000000
0.480000	0.000000
0.510000	0.000000
0.540000	0.000000
0.570000	0.000000
0.600000	0.000000
0.630000	0.000000
0.660000	0.000000
0.690000	0.000000
0.720000	0.000000
0.750000	0.000000
0.780000	0.000000
0.810000	0.000000
0.840000	0.000000
0.870000	0.000000
0.900000	0.000030
0.930000	0.020140
0.960000	2.253520
0.990000	29.055650
1.020000	89.115930
1.050000	110.174100
1.080000	85.354010
1.110000	58.630460
1.140000	40.292640
1.170000	27.430910
1.200000	18.836010
1.230000	14.190880
1.260000	12.557710
1.290000	12.722710
1.320000	13.712250
1.350000	14.172540
1.380000	12.969300
1.410000	9.709300
1.440000	5.713340
1.470000	3.114520
1.500000	3.875090
1.530000	9.489210
1.560000	19.487890
1.590000	29.957760
1.620000	36.428410
1.650000	38.105530
1.680000	39.447910
1.710000	46.400330
1.740000	59.307140
1.770000	68.761920
1.800000	68.877790
1.830000	70.680200
1.860000	87.319700
1.890000	109.546410
1.920000	117.527980
1.950000	106.838190
1.980000	86.197180
2.010000	71.529040
2.040000	78.594570
2.070000	98.776770
2.100000	108.165620
2.130000	101.621890
2.160000	79.014510
2.190000	61.259600
2.220000	56.151600
2.250000	51.166490
2.280000	42.145230
2.310000	31.578090
2.340000	23.028890
2.370000	16.861690
2.400000	11.505000
2.430000	6.805310
2.460000	4.264310
2.490000	5.330140
2.520000	10.414780
2.550000	18.655280
2.580000	28.250480
2.610000	39.740470
2.640000	58.548950
2.670000	86.087310
2.700000	109.369510
2.730000	114.778890
2.760000	102.687250
2.790000	77.020510
2.820000	43.782030
2.850000	17.869090
2.880000	5.298990
2.910000	1.196340
2.940000	0.200900
2.970000	0.023720
