0.000000	0.000000
0.030000	0.000000
0.060000	0.000000
0.090000	0.000000
0.120000	0.000000
0.150000	0.000000
0.180000	0.000000
0.210000	0.000000
0.240000	0.000000
0.270000	0.000000
0.300000	0.000000
0.330000	0.000000
0.360000	0.000000
0.390000	0.000000
0.420000	0.000000
0.450000	0.000000
0.480000	0.000000
0.510000	0.000000
0.540000	0.000000
0.570000	0.000000
0.600000	0.000000
0.630000	0.000000
0.660000	0.000000
0.690000	0.000000
0.720000	0.000000
0.750000	0.000000
0.780000	0.000000
0.810000	0.000000
0.840000	0.000530
0.870000	0.075540
0.900000	1.595920
0.930000	10.059340
0.960000	29.298810
0.990000	51.484880
1.020000	65.471370
1.050000	67.547990
1.080000	61.153490
1.110000	51.315000
1.140000	41.286640
1.170000	32.706940
1.200000	26.021690
1.230000	21.075440
1.260000	17.544150
1.290000	15.036040
1.320000	13.282650
1.350000	12.119220
1.380000	11.424000
1.410000	11.179420
1.440000	11.537510
1.470000	12.691110
1.500000	14.690990
1.530000	17.698280
1.560000	21.464270
1.590000	25.962400
1.620000	30.929840
1.650000	36.472010
1.680000	42.604730
1.710000	49.515570
1.740000	57.086780
1.770000	65.267590
1.800000	73.478500
1.830000	80.828380
1.860000	86.244590
1.890000	89.472740
1.920000	90.875170
1.950000	91.390720
1.980000	92.423880
2.010000	93.841290
2.040000	95.021400
2.070000	94.695930
2.100000	91.865570
2.130000	84.374540
2.160000	72.837920
2.190000	61.471690
2.220000	52.809370
2.250000	46.010430
2.280000	39.909090
2.310000	34.130740
2.340000	28.681680
2.370000	23.877500
2.400000	20.116110
2.430000	17.985380
2.460000	17.871310
2.490000	20.290860
2.520000	25.349570
2.550000	32.945940
2.580000	42.374900
2.610000	52.872980
2.640000	63.209990
2.670000	71.263860
2.700000	75.755920
2.730000	75.457880
2.760000	69.872500
2.790000	59.601940
2.820000	46.580550
2.850000	33.065610
2.880000	21.350280
2.910000	12.473910
2.940000	6.551590
2.970000	3.035540
