0.000000	0.000000
0.030000	0.000000
0.060000	0.000000
0.090000	0.000000
0.120000	0.000000
0.150000	0.000000
0.180000	0.000000
0.210000	0.000000
0.240000	0.000000
0.270000	0.000000
0.300000	0.000000
0.330000	0.000000
0.360000	0.000000
0.390000	0.000000
0.420000	0.000000
0.450000	0.000000
0.480000	0.000000
0.510000	0.000000
0.540000	0.000000
0.570000	0.000000
0.600000	0.000000
0.630000	0.000000
0.660000	0.000000
0.690000	0.000000
0.720000	0.000000
0.750000	0.000000
0.780000	0.000000
0.810000	0.000000
0.840000	0.000000
0.870000	0.000000
0.900000	0.000000
0.930000	0.000000
0.960000	0.142350
0.990000	13.995350
1.020000	94.728890
1.050000	127.601450
1.080000	85.397870
1.110000	59.005500
1.140000	42.363970
1.170000	25.664370
1.200000	15.520720
1.230000	11.779810
1.260000	11.175640
1.290000	12.213440
1.320000	14.627590
1.350000	16.845300
1.380000	15.402490
1.410000	9.392560
1.440000	3.410800
1.470000	0.722500
1.500000	0.862740
1.530000	5.317970
1.560000	17.996650
1.590000	34.329160
1.620000	42.048910
1.650000	39.877120
1.680000	35.273330
1.710000	39.163470
1.740000	60.168780
1.770000	80.848520
1.800000	72.806680
1.830000	55.149730
1.860000	74.642200
1.890000	116.245460
1.920000	132.498880
1.950000	121.328470
1.980000	90.915880
2.010000	59.291410
2.040000	60.805400
2.070000	98.348770
2.100000	110.678290
2.130000	107.594460
2.160000	83.844950
2.190000	60.832590
2.220000	57.984260
2.250000	55.800290
2.280000	42.001290
2.310000	27.105820
2.340000	21.449760
2.370000	18.187900
2.400000	11.247850
2.430000	4.330760
2.460000	1.398990
2.490000	2.569770
2.520000	8.279180
2.550000	18.283460
2.580000	27.918770
2.610000	33.112500
2.640000	45.992780
2.670000	83.106780
2.700000	125.104140
2.730000	133.855500
2.760000	115.865400
2.790000	78.868460
2.820000	35.535420
2.850000	9.466770
2.880000	1.504280
2.910000	0.157120
2.940000	0.012060
2.970000	0.000270
