0.000000	0.000000
0.030000	0.000000
0.060000	0.000000
0.090000	0.000000
0.120000	0.000000
0.150000	0.000000
0.180000	0.000000
0.210000	0.000000
0.240000	0.000000
0.270000	0.000000
0.300000	0.000000
0.330000	0.000000
0.360000	0.000000
0.390000	0.000000
0.420000	0.000000
0.450000	0.000000
0.480000	0.000000
0.510000	0.000000
0.540000	0.000000
0.570000	0.000000
0.600000	0.000000
0.630000	0.000000
0.660000	0.000000
0.690000	0.000000
0.720000	0.000000
0.750000	0.000000
0.780000	0.000000
0.810000	0.000000
0.840000	0.000160
0.870000	0.039840
0.900000	1.086110
0.930000	8.334860
0.960000	27.323240
0.990000	51.328920
1.020000	67.284440
1.050000	70.092640
1.080000	63.231580
1.110000	52.426920
1.140000	41.588050
1.170000	32.534950
1.200000	25.571080
1.230000	20.559850
1.260000	17.032640
1.290000	14.611920
1.320000	12.959120
1.350000	11.873730
1.380000	11.155680
1.410000	10.887850
1.440000	11.146300
1.470000	12.237090
1.500000	14.256320
1.530000	17.314120
1.560000	21.252610
1.590000	25.857460
1.620000	30.859630
1.650000	36.272330
1.680000	42.431190
1.710000	49.287290
1.740000	56.884610
1.770000	65.219040
1.800000	73.658300
1.830000	81.457230
1.860000	87.466650
1.890000	90.667230
1.920000	91.699950
1.950000	91.537910
1.980000	92.042250
2.010000	93.525680
2.040000	95.119430
2.070000	95.288650
2.100000	92.742260
2.130000	85.337530
2.160000	73.256170
2.190000	61.446310
2.220000	52.644410
2.250000	45.963010
2.280000	39.895280
2.310000	34.050700
2.340000	28.368030
2.370000	23.294960
2.400000	19.205310
2.430000	16.756880
2.460000	16.500480
2.490000	18.802220
2.520000	23.848260
2.550000	31.603700
2.580000	41.493770
2.610000	52.711820
2.640000	63.773660
2.670000	72.769660
2.700000	77.854450
2.730000	77.665930
2.760000	71.753560
2.790000	60.928430
2.820000	46.921490
2.850000	32.638860
2.880000	20.490490
2.910000	11.612820
2.940000	5.894450
2.970000	2.633540
