 0.500000 	 0.000000 
 0.500063 	 0.000000 
 0.500127 	 0.000000 
 0.500193 	 0.000000 
 0.500261 	 0.000000 
 0.500330 	 0.000000 
 0.500401 	 0.000000 
 0.500474 	 0.000000 
 0.500549 	 0.000000 
 0.500625 	 0.000000 
 0.500704 	 0.000000 
 0.500785 	 0.000000 
 0.500867 	 0.000000 
 0.500952 	 0.000000 
 0.501039 	 0.000000 
 0.501128 	 0.000000 
 0.501219 	 0.000000 
 0.501313 	 0.000000 
 0.501409 	 0.000000 
 0.501507 	 0.000000 
 0.501608 	 0.000000 
 0.501711 	 0.000000 
 0.501818 	 0.000000 
 0.501926 	 0.000000 
 0.502038 	 0.000000 
 0.502152 	 0.000000 
 0.502269 	 0.000000 
 0.502390 	 0.000000 
 0.502513 	 0.000000 
 0.502639 	 0.000000 
 0.502769 	 0.000000 
 0.502902 	 0.000000 
 0.503038 	 0.000000 
 0.503177 	 0.000000 
 0.503321 	 0.000000 
 0.503467 	 0.000000 
 0.503618 	 0.000000 
 0.503772 	 0.000000 
 0.503931 	 0.000000 
 0.504093 	 0.000000 
 0.504259 	 0.000000 
 0.504430 	 0.000000 
 0.504605 	 0.000000 
 0.504784 	 0.000000 
 0.504968 	 0.000000 
 0.505156 	 0.000000 
 0.505350 	 0.000000 
 0.505548 	 0.000000 
 0.505751 	 0.000000 
 0.505959 	 0.000000 
 0.506173 	 0.000000 
 0.506392 	 0.000000 
 0.506617 	 0.000000 
 0.506847 	 0.000000 
 0.507083 	 0.000000 
 0.507325 	 0.000000 
 0.507573 	 0.000000 
 0.507828 	 0.000000 
 0.508088 	 0.000000 
 0.508356 	 0.000000 
 0.508630 	 0.000000 
 0.508911 	 0.000000 
 0.509200 	 0.000000 
 0.509495 	 0.000000 
 0.509799 	 0.000000 
 0.510109 	 0.000000 
 0.510428 	 0.000000 
 0.510755 	 0.000000 
 0.511090 	 0.000000 
 0.511433 	 0.000000 
 0.511785 	 0.000000 
 0.512147 	 0.000000 
 0.512517 	 0.000000 
 0.512896 	 0.000000 
 0.513286 	 0.000000 
 0.513685 	 0.000000 
 0.514094 	 0.000000 
 0.514513 	 0.000000 
 0.514944 	 0.000000 
 0.515385 	 0.000000 
 0.515837 	 0.000000 
 0.516301 	 0.000000 
 0.516776 	 0.000000 
 0.517263 	 0.000000 
 0.517763 	 0.000000 
 0.518276 	 0.000000 
 0.518801 	 0.000000 
 0.519340 	 0.000000 
 0.519892 	 0.000000 
 0.520458 	 0.000000 
 0.521039 	 0.000000 
 0.521634 	 0.000000 
 0.522245 	 0.000000 
 0.522871 	 0.000000 
 0.523512 	 0.000000 
 0.524170 	 0.000000 
 0.524845 	 0.000000 
 0.525537 	 0.000000 
 0.526246 	 0.000000 
 0.526973 	 0.000000 
 0.527719 	 0.000000 
 0.528483 	 0.000000 
 0.529267 	 0.000000 
 0.530071 	 0.000000 
 0.530895 	 0.000000 
 0.531739 	 0.000000 
 0.532606 	 0.000000 
 0.533494 	 0.000000 
 0.534404 	 0.000000 
 0.535338 	 0.000000 
 0.536295 	 0.000000 
 0.537277 	 0.000000 
 0.538283 	 0.000000 
 0.539315 	 0.000000 
 0.540373 	 0.000000 
 0.541458 	 0.000000 
 0.542570 	 0.000000 
 0.543711 	 0.000000 
 0.544880 	 0.000000 
 0.546079 	 0.000000 
 0.547308 	 0.000000 
 0.548569 	 0.000000 
 0.549861 	 0.000000 
 0.551186 	 0.000000 
 0.552544 	 0.000000 
 0.553937 	 0.000000 
 0.555366 	 0.000000 
 0.556830 	 0.000000 
 0.558331 	 0.000000 
 0.559871 	 0.000000 
 0.561449 	 0.000000 
 0.563067 	 0.000000 
 0.564727 	 0.000000 
 0.566428 	 0.000000 
 0.568172 	 0.000000 
 0.569961 	 0.000000 
 0.571795 	 0.000000 
 0.573675 	 0.000000 
 0.575603 	 0.000000 
 0.577580 	 0.000000 
 0.579606 	 0.000000 
 0.581684 	 0.000000 
 0.583815 	 0.000000 
 0.585999 	 0.000000 
 0.588239 	 0.000000 
 0.590536 	 0.000000 
 0.592890 	 0.000000 
 0.595305 	 0.000000 
 0.597780 	 0.000000 
 0.600318 	 0.000000 
 0.602920 	 0.000000 
 0.605589 	 0.000000 
 0.608324 	 0.000000 
 0.611129 	 0.000000 
 0.614005 	 0.000000 
 0.616954 	 0.000000 
 0.619978 	 0.000000 
 0.623078 	 0.000000 
 0.626256 	 0.000000 
 0.629515 	 0.000000 
 0.632857 	 0.000000 
 0.636283 	 0.000000 
 0.639795 	 0.000000 
 0.643397 	 0.000000 
 0.647090 	 0.000000 
 0.650876 	 0.000000 
 0.654758 	 0.000000 
 0.658739 	 0.000000 
 0.662820 	 0.000000 
 0.667005 	 0.000000 
 0.671295 	 0.000000 
 0.675694 	 0.000000 
 0.680205 	 0.000000 
 0.684829 	 0.000000 
 0.689571 	 0.000000 
 0.694433 	 0.000000 
 0.699418 	 0.000000 
 0.704529 	 0.000000 
 0.709769 	 0.000000 
 0.715142 	 0.000000 
 0.720651 	 0.000000 
 0.726300 	 0.000000 
 0.732092 	 0.000000 
 0.738030 	 0.000000 
 0.744118 	 0.000000 
 0.750361 	 0.000000 
 0.756762 	 0.000000 
 0.763324 	 0.000000 
 0.770053 	 0.000000 
 0.776952 	 0.000000 
 0.784026 	 0.000000 
 0.791279 	 0.000000 
 0.798715 	 0.000000 
 0.806340 	 0.000000 
 0.814158 	 0.000000 
 0.822174 	 0.000000 
 0.830392 	 0.000000 
 0.838819 	 0.000000 
 0.847459 	 0.000000 
 0.856318 	 0.000000 
 0.865401 	 0.000000 
 0.874714 	 0.000001 
 0.884262 	 0.000001 
 0.894053 	 0.000004 
 0.904091 	 0.000010 
 0.914383 	 0.000024 
 0.924936 	 0.000054 
 0.935756 	 0.000114 
 0.946850 	 0.000224 
 0.958225 	 0.000411 
 0.969888 	 0.000704 
 0.981846 	 0.001120 
 0.994107 	 0.001650 
 1.006678 	 0.002240 
 1.019567 	 0.002778 
 1.032783 	 0.003104 
 1.046333 	 0.003045 
 1.060226 	 0.002477 
 1.074471 	 0.001396 
 1.089077 	 -0.000035 
 1.104052 	 -0.001494 
 1.119406 	 -0.002575 
 1.135149 	 -0.002923 
 1.151291 	 -0.002378 
 1.167841 	 -0.001058 
 1.184811 	 0.000641 
 1.202209 	 0.002170 
 1.220049 	 0.003009 
 1.238339 	 0.002857 
 1.257093 	 0.001742 
 1.276322 	 0.000019 
 1.296037 	 -0.001755 
 1.316252 	 -0.003004 
 1.336978 	 -0.003331 
 1.358229 	 -0.002631 
 1.380018 	 -0.001117 
 1.402359 	 0.000764 
 1.425265 	 0.002474 
 1.448751 	 0.003546 
 1.472831 	 0.003700 
 1.497521 	 0.002908 
 1.522836 	 0.001380 
 1.548792 	 -0.000514 
 1.575405 	 -0.002339 
 1.602692 	 -0.003703 
 1.630670 	 -0.004336 
 1.659355 	 -0.004129 
 1.688767 	 -0.003141 
 1.718924 	 -0.001567 
 1.749844 	 0.000313 
 1.781547 	 0.002190 
 1.814052 	 0.003781 
 1.847380 	 0.004866 
 1.881552 	 0.005315 
 1.916589 	 0.005092 
 1.952513 	 0.004244 
 1.989346 	 0.002888 
 2.027112 	 0.001187 
 2.065833 	 -0.000677 
 2.105535 	 -0.002524 
 2.146243 	 -0.004192 
 2.187980 	 -0.005550 
 2.230774 	 -0.006506 
 2.274652 	 -0.007005 
 2.319640 	 -0.007033 
 2.365767 	 -0.006607 
 2.413062 	 -0.005771 
 2.461554 	 -0.004589 
 2.511274 	 -0.003135 
 2.562252 	 -0.001490 
 2.614521 	 0.000265 
 2.668113 	 0.002053 
 2.723062 	 0.003805 
 2.779402 	 0.005461 
 2.837168 	 0.006970 
 2.896397 	 0.008295 
 2.957124 	 0.009407 
 3.019390 	 0.010287 
 3.083231 	 0.010927 
 3.148688 	 0.011324 
 3.215803 	 0.011482 
 3.284617 	 0.011409 
 3.355172 	 0.011120 
 3.427514 	 0.010629 
 3.501687 	 0.009954 
 3.577738 	 0.009113 
 3.655714 	 0.008125 
 3.735664 	 0.007008 
 3.817638 	 0.005781 
 3.901687 	 0.004459 
 3.987864 	 0.003059 
 4.076223 	 0.001596 
 4.166818 	 0.000082 
 4.259707 	 -0.001471 
 4.354947 	 -0.003053 
 4.452598 	 -0.004654 
 4.552721 	 -0.006267 
 4.655379 	 -0.007886 
 4.760636 	 -0.009505 
 4.868557 	 -0.011119 
 4.979210 	 -0.012725 
 5.092665 	 -0.014321 
 5.208991 	 -0.015903 
 5.328263 	 -0.017472 
 5.450554 	 -0.019025 
 5.575940 	 -0.020563 
 5.704501 	 -0.022086 
 5.836316 	 -0.023593 
 5.971469 	 -0.025086 
 6.110042 	 -0.026566 
 6.252124 	 -0.028032 
 6.397802 	 -0.029488 
 6.547169 	 -0.030934 
 6.700316 	 -0.032372 
 6.857341 	 -0.033802 
 7.018340 	 -0.035228 
 7.183416 	 -0.036650 
 7.352670 	 -0.038069 
 7.526209 	 -0.039489 
 7.704141 	 -0.040910 
 7.886577 	 -0.042333 
 8.073632 	 -0.043761 
 8.265422 	 -0.045195 
 8.462068 	 -0.046636 
 8.663691 	 -0.048087 
 8.870419 	 -0.049548 
 9.082380 	 -0.051020 
 9.299706 	 -0.052506 
 9.522535 	 -0.054006 
 9.751004 	 -0.055522 
 9.985257 	 -0.057055 
 10.225440 	 -0.058605 
 10.471704 	 -0.060175 
 10.724201 	 -0.061764 
 10.983091 	 -0.063375 
 11.248534 	 -0.065007 
 11.520698 	 -0.066662 
 11.799751 	 -0.068340 
 12.085868 	 -0.070042 
 12.379228 	 -0.071768 
 12.680015 	 -0.073520 
 12.988417 	 -0.075298 
 13.304625 	 -0.077101 
 13.628838 	 -0.078930 
 13.961259 	 -0.080786 
 14.302095 	 -0.082669 
 14.651560 	 -0.084577 
 15.009871 	 -0.086513 
 15.377253 	 -0.088474 
 15.753935 	 -0.090461 
 16.140153 	 -0.092474 
 16.536148 	 -0.094511 
 16.942168 	 -0.096572 
 17.358466 	 -0.098657 
 17.785303 	 -0.100763 
 18.222945 	 -0.102890 
 18.671667 	 -0.105036 
 19.131747 	 -0.107200 
 19.603475 	 -0.109379 
 20.087144 	 -0.111572 
 20.583058 	 -0.113777 
 21.091526 	 -0.115990 
 21.612866 	 -0.118209 
 22.147403 	 -0.120430 
 22.695473 	 -0.122651 
 23.257416 	 -0.124867 
 23.833586 	 -0.127074 
 24.424341 	 -0.129268 
 25.030051 	 -0.131443 
 25.651095 	 -0.133595 
 26.287861 	 -0.135716 
 26.940747 	 -0.137801 
 27.610160 	 -0.139844 
 28.296520 	 -0.141836 
 29.000255 	 -0.143770 
 29.721805 	 -0.145637 
 30.461621 	 -0.147429 
 31.220166 	 -0.149134 
 31.997914 	 -0.150744 
 32.795350 	 -0.152247 
 33.612973 	 -0.153631 
 34.451295 	 -0.154884 
 35.310839 	 -0.155992 
 36.192142 	 -0.156942 
 37.095756 	 -0.157718 
 38.022244 	 -0.158306 
 38.972187 	 -0.158689 
 39.946178 	 -0.158850 
 40.944826 	 -0.158772 
 41.968754 	 -0.158435 
 43.018603 	 -0.157822 
 44.095030 	 -0.156911 
 45.198706 	 -0.155684 
 46.330322 	 -0.154119 
 47.490584 	 -0.152196 
 48.680220 	 -0.149893 
 49.899970 	 -0.147189 
 51.150599 	 -0.144063 
 52.432888 	 -0.140494 
 53.747638 	 -0.136460 
 55.095671 	 -0.131944 
 56.477830 	 -0.126926 
 57.894978 	 -0.121390 
 59.348002 	 -0.115319 
 60.837809 	 -0.108702 
 62.365330 	 -0.101528 
 63.931522 	 -0.093790 
 65.537361 	 -0.085484 
 67.183852 	 -0.076612 
 68.872025 	 -0.067179 
 70.602934 	 -0.057199 
 72.377661 	 -0.046689 
 74.197315 	 -0.035676 
 76.063034 	 -0.024193 
 77.975984 	 -0.012284 
 79.937361 	 0.000000 
