 0.500000 	 0.000000 
 0.500063 	 -0.000000 
 0.500127 	 -0.000000 
 0.500193 	 -0.000000 
 0.500261 	 -0.000000 
 0.500330 	 -0.000000 
 0.500401 	 -0.000000 
 0.500474 	 -0.000000 
 0.500549 	 -0.000000 
 0.500625 	 -0.000000 
 0.500704 	 -0.000000 
 0.500785 	 -0.000000 
 0.500867 	 -0.000000 
 0.500952 	 -0.000000 
 0.501039 	 -0.000000 
 0.501128 	 -0.000000 
 0.501219 	 -0.000000 
 0.501313 	 -0.000000 
 0.501409 	 -0.000000 
 0.501507 	 -0.000000 
 0.501608 	 -0.000000 
 0.501711 	 -0.000000 
 0.501818 	 -0.000000 
 0.501926 	 -0.000000 
 0.502038 	 -0.000000 
 0.502152 	 -0.000000 
 0.502269 	 -0.000000 
 0.502390 	 -0.000000 
 0.502513 	 -0.000000 
 0.502639 	 -0.000000 
 0.502769 	 -0.000000 
 0.502902 	 -0.000000 
 0.503038 	 -0.000000 
 0.503177 	 -0.000000 
 0.503321 	 -0.000000 
 0.503467 	 -0.000000 
 0.503618 	 -0.000000 
 0.503772 	 -0.000000 
 0.503931 	 -0.000000 
 0.504093 	 -0.000000 
 0.504259 	 -0.000000 
 0.504430 	 -0.000000 
 0.504605 	 -0.000000 
 0.504784 	 -0.000000 
 0.504968 	 -0.000000 
 0.505156 	 -0.000000 
 0.505350 	 -0.000000 
 0.505548 	 -0.000000 
 0.505751 	 -0.000000 
 0.505959 	 -0.000000 
 0.506173 	 -0.000000 
 0.506392 	 -0.000000 
 0.506617 	 -0.000000 
 0.506847 	 -0.000000 
 0.507083 	 -0.000000 
 0.507325 	 -0.000000 
 0.507573 	 -0.000000 
 0.507828 	 -0.000000 
 0.508088 	 -0.000000 
 0.508356 	 -0.000000 
 0.508630 	 -0.000000 
 0.508911 	 -0.000000 
 0.509200 	 -0.000000 
 0.509495 	 -0.000000 
 0.509799 	 -0.000000 
 0.510109 	 -0.000000 
 0.510428 	 -0.000000 
 0.510755 	 -0.000000 
 0.511090 	 -0.000000 
 0.511433 	 -0.000000 
 0.511785 	 -0.000000 
 0.512147 	 -0.000000 
 0.512517 	 -0.000000 
 0.512896 	 -0.000000 
 0.513286 	 -0.000000 
 0.513685 	 -0.000000 
 0.514094 	 -0.000000 
 0.514513 	 -0.000000 
 0.514944 	 -0.000000 
 0.515385 	 -0.000000 
 0.515837 	 -0.000000 
 0.516301 	 -0.000000 
 0.516776 	 -0.000000 
 0.517263 	 -0.000000 
 0.517763 	 -0.000000 
 0.518276 	 -0.000000 
 0.518801 	 -0.000000 
 0.519340 	 -0.000000 
 0.519892 	 -0.000000 
 0.520458 	 -0.000000 
 0.521039 	 -0.000000 
 0.521634 	 -0.000000 
 0.522245 	 -0.000000 
 0.522871 	 -0.000000 
 0.523512 	 -0.000000 
 0.524170 	 -0.000000 
 0.524845 	 -0.000000 
 0.525537 	 -0.000000 
 0.526246 	 -0.000000 
 0.526973 	 -0.000000 
 0.527719 	 -0.000000 
 0.528483 	 -0.000000 
 0.529267 	 -0.000000 
 0.530071 	 -0.000000 
 0.530895 	 -0.000000 
 0.531739 	 -0.000000 
 0.532606 	 -0.000000 
 0.533494 	 -0.000000 
 0.534404 	 -0.000000 
 0.535338 	 -0.000000 
 0.536295 	 -0.000000 
 0.537277 	 -0.000000 
 0.538283 	 -0.000000 
 0.539315 	 -0.000000 
 0.540373 	 -0.000000 
 0.541458 	 -0.000000 
 0.542570 	 -0.000000 
 0.543711 	 -0.000000 
 0.544880 	 -0.000000 
 0.546079 	 -0.000000 
 0.547308 	 -0.000000 
 0.548569 	 -0.000000 
 0.549861 	 -0.000000 
 0.551186 	 -0.000000 
 0.552544 	 -0.000000 
 0.553937 	 -0.000000 
 0.555366 	 -0.000000 
 0.556830 	 -0.000000 
 0.558331 	 -0.000000 
 0.559871 	 -0.000000 
 0.561449 	 -0.000000 
 0.563067 	 -0.000000 
 0.564727 	 -0.000000 
 0.566428 	 -0.000000 
 0.568172 	 -0.000000 
 0.569961 	 -0.000000 
 0.571795 	 -0.000000 
 0.573675 	 -0.000000 
 0.575603 	 -0.000000 
 0.577580 	 -0.000000 
 0.579606 	 -0.000000 
 0.581684 	 -0.000000 
 0.583815 	 -0.000000 
 0.585999 	 -0.000000 
 0.588239 	 -0.000000 
 0.590536 	 -0.000000 
 0.592890 	 -0.000000 
 0.595305 	 -0.000000 
 0.597780 	 -0.000000 
 0.600318 	 -0.000000 
 0.602920 	 -0.000000 
 0.605589 	 -0.000000 
 0.608324 	 -0.000000 
 0.611129 	 -0.000000 
 0.614005 	 -0.000000 
 0.616954 	 -0.000000 
 0.619978 	 -0.000000 
 0.623078 	 -0.000000 
 0.626256 	 -0.000000 
 0.629515 	 -0.000000 
 0.632857 	 -0.000000 
 0.636283 	 -0.000000 
 0.639795 	 -0.000000 
 0.643397 	 -0.000000 
 0.647090 	 -0.000000 
 0.650876 	 -0.000000 
 0.654758 	 -0.000000 
 0.658739 	 -0.000000 
 0.662820 	 -0.000000 
 0.667005 	 -0.000000 
 0.671295 	 -0.000000 
 0.675694 	 -0.000000 
 0.680205 	 -0.000000 
 0.684829 	 -0.000000 
 0.689571 	 -0.000000 
 0.694433 	 -0.000000 
 0.699418 	 -0.000000 
 0.704529 	 -0.000000 
 0.709769 	 -0.000000 
 0.715142 	 -0.000000 
 0.720651 	 -0.000000 
 0.726300 	 -0.000000 
 0.732092 	 -0.000000 
 0.738030 	 -0.000000 
 0.744118 	 -0.000000 
 0.750361 	 -0.000000 
 0.756762 	 -0.000000 
 0.763324 	 -0.000000 
 0.770053 	 -0.000000 
 0.776952 	 -0.000000 
 0.784026 	 -0.000000 
 0.791279 	 -0.000000 
 0.798715 	 -0.000000 
 0.806340 	 -0.000000 
 0.814158 	 -0.000000 
 0.822174 	 -0.000000 
 0.830392 	 -0.000000 
 0.838819 	 -0.000000 
 0.847459 	 -0.000001 
 0.856318 	 -0.000003 
 0.865401 	 -0.000009 
 0.874714 	 -0.000030 
 0.884262 	 -0.000089 
 0.894053 	 -0.000252 
 0.904091 	 -0.000670 
 0.914383 	 -0.001687 
 0.924936 	 -0.004008 
 0.935756 	 -0.008995 
 0.946850 	 -0.019076 
 0.958225 	 -0.038244 
 0.969888 	 -0.072518 
 0.981846 	 -0.130139 
 0.994107 	 -0.221174 
 1.006678 	 -0.356244 
 1.019567 	 -0.544253 
 1.032783 	 -0.789350 
 1.046333 	 -1.087801 
 1.060226 	 -1.425790 
 1.074471 	 -1.779166 
 1.089077 	 -2.115791 
 1.104052 	 -2.400339 
 1.119406 	 -2.600573 
 1.135149 	 -2.693500 
 1.151291 	 -2.669745 
 1.167841 	 -2.534998 
 1.184811 	 -2.308255 
 1.202209 	 -2.017546 
 1.220049 	 -1.694420 
 1.238339 	 -1.368639 
 1.257093 	 -1.064204 
 1.276322 	 -0.797282 
 1.296037 	 -0.575992 
 1.316252 	 -0.401594 
 1.336978 	 -0.270429 
 1.358229 	 -0.176006 
 1.380018 	 -0.110791 
 1.402359 	 -0.067492 
 1.425265 	 -0.039813 
 1.448751 	 -0.022754 
 1.472831 	 -0.012605 
 1.497521 	 -0.006772 
 1.522836 	 -0.003529 
 1.548792 	 -0.001785 
 1.575405 	 -0.000877 
 1.602692 	 -0.000418 
 1.630670 	 -0.000194 
 1.659355 	 -0.000087 
 1.688767 	 -0.000038 
 1.718924 	 -0.000016 
 1.749844 	 -0.000007 
 1.781547 	 -0.000003 
 1.814052 	 -0.000001 
 1.847380 	 -0.000000 
 1.881552 	 -0.000000 
 1.916589 	 -0.000000 
 1.952513 	 -0.000000 
 1.989346 	 -0.000000 
 2.027112 	 -0.000000 
 2.065833 	 -0.000000 
 2.105535 	 -0.000000 
 2.146243 	 -0.000000 
 2.187980 	 -0.000000 
 2.230774 	 -0.000000 
 2.274652 	 -0.000000 
 2.319640 	 -0.000000 
 2.365767 	 -0.000000 
 2.413062 	 -0.000000 
 2.461554 	 -0.000000 
 2.511274 	 -0.000000 
 2.562252 	 -0.000000 
 2.614521 	 0.000000 
 2.668113 	 0.000000 
 2.723062 	 0.000000 
 2.779402 	 -0.000000 
 2.837168 	 -0.000000 
 2.896397 	 0.000000 
 2.957124 	 -0.000000 
 3.019390 	 0.000000 
 3.083231 	 -0.000000 
 3.148688 	 0.000000 
 3.215803 	 -0.000000 
 3.284617 	 -0.000000 
 3.355172 	 -0.000000 
 3.427514 	 0.000000 
 3.501687 	 0.000000 
 3.577738 	 0.000000 
 3.655714 	 0.000000 
 3.735664 	 -0.000000 
 3.817638 	 0.000000 
 3.901687 	 -0.000000 
 3.987864 	 -0.000000 
 4.076223 	 -0.000000 
 4.166818 	 -0.000000 
 4.259707 	 -0.000000 
 4.354947 	 -0.000000 
 4.452598 	 0.000000 
 4.552721 	 -0.000000 
 4.655379 	 0.000000 
 4.760636 	 0.000000 
 4.868557 	 -0.000000 
 4.979210 	 -0.000000 
 5.092665 	 -0.000000 
 5.208991 	 0.000000 
 5.328263 	 0.000000 
 5.450554 	 0.000000 
 5.575940 	 0.000000 
 5.704501 	 -0.000000 
 5.836316 	 -0.000000 
 5.971469 	 0.000000 
 6.110042 	 -0.000000 
 6.252124 	 0.000000 
 6.397802 	 -0.000000 
 6.547169 	 0.000000 
 6.700316 	 -0.000000 
 6.857341 	 0.000000 
 7.018340 	 0.000000 
 7.183416 	 -0.000000 
 7.352670 	 -0.000000 
 7.526209 	 0.000000 
 7.704141 	 0.000000 
 7.886577 	 -0.000000 
 8.073632 	 0.000000 
 8.265422 	 0.000000 
 8.462068 	 0.000000 
 8.663691 	 -0.000000 
 8.870419 	 0.000000 
 9.082380 	 -0.000000 
 9.299706 	 -0.000000 
 9.522535 	 0.000000 
 9.751004 	 0.000000 
 9.985257 	 0.000000 
 10.225440 	 0.000000 
 10.471704 	 0.000000 
 10.724201 	 -0.000000 
 10.983091 	 0.000000 
 11.248534 	 0.000000 
 11.520698 	 0.000000 
 11.799751 	 0.000000 
 12.085868 	 0.000000 
 12.379228 	 0.000000 
 12.680015 	 0.000000 
 12.988417 	 0.000000 
 13.304625 	 -0.000000 
 13.628838 	 -0.000000 
 13.961259 	 -0.000000 
 14.302095 	 -0.000000 
 14.651560 	 0.000000 
 15.009871 	 0.000000 
 15.377253 	 0.000000 
 15.753935 	 0.000000 
 16.140153 	 0.000000 
 16.536148 	 -0.000000 
 16.942168 	 -0.000000 
 17.358466 	 -0.000000 
 17.785303 	 0.000000 
 18.222945 	 -0.000000 
 18.671667 	 0.000000 
 19.131747 	 -0.000000 
 19.603475 	 -0.000000 
 20.087144 	 -0.000000 
 20.583058 	 -0.000000 
 21.091526 	 0.000000 
 21.612866 	 0.000000 
 22.147403 	 -0.000000 
 22.695473 	 0.000000 
 23.257416 	 -0.000000 
 23.833586 	 -0.000000 
 24.424341 	 -0.000000 
 25.030051 	 -0.000000 
 25.651095 	 0.000000 
 26.287861 	 -0.000000 
 26.940747 	 -0.000000 
 27.610160 	 -0.000000 
 28.296520 	 -0.000000 
 29.000255 	 -0.000000 
 29.721805 	 -0.000000 
 30.461621 	 -0.000000 
 31.220166 	 0.000000 
 31.997914 	 0.000000 
 32.795350 	 -0.000000 
 33.612973 	 -0.000000 
 34.451295 	 0.000000 
 35.310839 	 0.000000 
 36.192142 	 0.000000 
 37.095756 	 0.000000 
 38.022244 	 0.000000 
 38.972187 	 0.000000 
 39.946178 	 -0.000000 
 40.944826 	 -0.000000 
 41.968754 	 -0.000000 
 43.018603 	 -0.000000 
 44.095030 	 0.000000 
 45.198706 	 -0.000000 
 46.330322 	 0.000000 
 47.490584 	 0.000000 
 48.680220 	 0.000000 
 49.899970 	 0.000000 
 51.150599 	 -0.000000 
 52.432888 	 -0.000000 
 53.747638 	 -0.000000 
 55.095671 	 -0.000000 
 56.477830 	 -0.000000 
 57.894978 	 0.000000 
 59.348002 	 0.000000 
 60.837809 	 0.000000 
 62.365330 	 0.000000 
 63.931522 	 -0.000000 
 65.537361 	 -0.000000 
 67.183852 	 -0.000000 
 68.872025 	 -0.000000 
 70.602934 	 -0.000000 
 72.377661 	 0.000000 
 74.197315 	 -0.000000 
 76.063034 	 0.000000 
 77.975984 	 -0.000000 
 79.937361 	 0.000000 
