 0.500000 	 0.000000 
 0.500063 	 -0.000000 
 0.500127 	 -0.000000 
 0.500193 	 -0.000000 
 0.500261 	 -0.000000 
 0.500330 	 -0.000000 
 0.500401 	 -0.000000 
 0.500474 	 -0.000000 
 0.500549 	 -0.000000 
 0.500625 	 -0.000000 
 0.500704 	 -0.000000 
 0.500785 	 -0.000000 
 0.500867 	 -0.000000 
 0.500952 	 -0.000000 
 0.501039 	 -0.000000 
 0.501128 	 -0.000000 
 0.501219 	 -0.000000 
 0.501313 	 -0.000000 
 0.501409 	 -0.000000 
 0.501507 	 -0.000000 
 0.501608 	 -0.000000 
 0.501711 	 -0.000000 
 0.501818 	 -0.000000 
 0.501926 	 -0.000000 
 0.502038 	 -0.000000 
 0.502152 	 -0.000000 
 0.502269 	 -0.000000 
 0.502390 	 -0.000000 
 0.502513 	 -0.000000 
 0.502639 	 -0.000000 
 0.502769 	 -0.000000 
 0.502902 	 -0.000000 
 0.503038 	 -0.000000 
 0.503177 	 -0.000000 
 0.503321 	 -0.000000 
 0.503467 	 -0.000000 
 0.503618 	 -0.000000 
 0.503772 	 -0.000000 
 0.503931 	 -0.000000 
 0.504093 	 -0.000000 
 0.504259 	 -0.000000 
 0.504430 	 -0.000000 
 0.504605 	 -0.000000 
 0.504784 	 -0.000000 
 0.504968 	 -0.000000 
 0.505156 	 -0.000000 
 0.505350 	 -0.000000 
 0.505548 	 -0.000000 
 0.505751 	 -0.000000 
 0.505959 	 -0.000000 
 0.506173 	 -0.000000 
 0.506392 	 -0.000000 
 0.506617 	 -0.000000 
 0.506847 	 -0.000000 
 0.507083 	 -0.000000 
 0.507325 	 -0.000000 
 0.507573 	 -0.000000 
 0.507828 	 -0.000000 
 0.508088 	 -0.000000 
 0.508356 	 -0.000000 
 0.508630 	 -0.000000 
 0.508911 	 -0.000000 
 0.509200 	 -0.000000 
 0.509495 	 -0.000000 
 0.509799 	 -0.000000 
 0.510109 	 -0.000000 
 0.510428 	 -0.000000 
 0.510755 	 -0.000000 
 0.511090 	 -0.000000 
 0.511433 	 -0.000000 
 0.511785 	 -0.000000 
 0.512147 	 -0.000000 
 0.512517 	 -0.000000 
 0.512896 	 -0.000000 
 0.513286 	 -0.000000 
 0.513685 	 -0.000000 
 0.514094 	 -0.000000 
 0.514513 	 -0.000000 
 0.514944 	 -0.000000 
 0.515385 	 -0.000000 
 0.515837 	 -0.000000 
 0.516301 	 -0.000000 
 0.516776 	 -0.000000 
 0.517263 	 -0.000000 
 0.517763 	 -0.000000 
 0.518276 	 -0.000000 
 0.518801 	 -0.000000 
 0.519340 	 -0.000000 
 0.519892 	 -0.000000 
 0.520458 	 -0.000000 
 0.521039 	 -0.000000 
 0.521634 	 -0.000000 
 0.522245 	 -0.000000 
 0.522871 	 -0.000000 
 0.523512 	 -0.000000 
 0.524170 	 -0.000000 
 0.524845 	 -0.000000 
 0.525537 	 -0.000000 
 0.526246 	 -0.000000 
 0.526973 	 -0.000000 
 0.527719 	 -0.000000 
 0.528483 	 -0.000000 
 0.529267 	 -0.000000 
 0.530071 	 -0.000000 
 0.530895 	 -0.000000 
 0.531739 	 -0.000000 
 0.532606 	 -0.000000 
 0.533494 	 -0.000000 
 0.534404 	 -0.000000 
 0.535338 	 -0.000000 
 0.536295 	 -0.000000 
 0.537277 	 -0.000000 
 0.538283 	 -0.000000 
 0.539315 	 -0.000000 
 0.540373 	 -0.000000 
 0.541458 	 -0.000000 
 0.542570 	 -0.000000 
 0.543711 	 -0.000000 
 0.544880 	 -0.000000 
 0.546079 	 -0.000000 
 0.547308 	 -0.000000 
 0.548569 	 -0.000000 
 0.549861 	 -0.000000 
 0.551186 	 -0.000000 
 0.552544 	 -0.000000 
 0.553937 	 -0.000000 
 0.555366 	 -0.000000 
 0.556830 	 -0.000000 
 0.558331 	 -0.000000 
 0.559871 	 -0.000000 
 0.561449 	 -0.000000 
 0.563067 	 -0.000000 
 0.564727 	 -0.000000 
 0.566428 	 -0.000000 
 0.568172 	 -0.000000 
 0.569961 	 -0.000000 
 0.571795 	 -0.000000 
 0.573675 	 -0.000000 
 0.575603 	 -0.000000 
 0.577580 	 -0.000000 
 0.579606 	 -0.000000 
 0.581684 	 -0.000000 
 0.583815 	 -0.000000 
 0.585999 	 -0.000000 
 0.588239 	 -0.000000 
 0.590536 	 -0.000000 
 0.592890 	 -0.000000 
 0.595305 	 -0.000000 
 0.597780 	 -0.000000 
 0.600318 	 -0.000000 
 0.602920 	 -0.000000 
 0.605589 	 -0.000001 
 0.608324 	 -0.000001 
 0.611129 	 -0.000001 
 0.614005 	 -0.000001 
 0.616954 	 -0.000002 
 0.619978 	 -0.000002 
 0.623078 	 -0.000003 
 0.626256 	 -0.000004 
 0.629515 	 -0.000005 
 0.632857 	 -0.000006 
 0.636283 	 -0.000008 
 0.639795 	 -0.000011 
 0.643397 	 -0.000014 
 0.647090 	 -0.000018 
 0.650876 	 -0.000023 
 0.654758 	 -0.000029 
 0.658739 	 -0.000037 
 0.662820 	 -0.000047 
 0.667005 	 -0.000060 
 0.671295 	 -0.000075 
 0.675694 	 -0.000095 
 0.680205 	 -0.000119 
 0.684829 	 -0.000150 
 0.689571 	 -0.000187 
 0.694433 	 -0.000232 
 0.699418 	 -0.000288 
 0.704529 	 -0.000356 
 0.709769 	 -0.000437 
 0.715142 	 -0.000536 
 0.720651 	 -0.000655 
 0.726300 	 -0.000797 
 0.732092 	 -0.000965 
 0.738030 	 -0.001165 
 0.744118 	 -0.001399 
 0.750361 	 -0.001675 
 0.756762 	 -0.001996 
 0.763324 	 -0.002369 
 0.770053 	 -0.002799 
 0.776952 	 -0.003293 
 0.784026 	 -0.003859 
 0.791279 	 -0.004502 
 0.798715 	 -0.005229 
 0.806340 	 -0.006048 
 0.814158 	 -0.006966 
 0.822174 	 -0.007989 
 0.830392 	 -0.009124 
 0.838819 	 -0.010376 
 0.847459 	 -0.011752 
 0.856318 	 -0.013254 
 0.865401 	 -0.014889 
 0.874714 	 -0.016657 
 0.884262 	 -0.018562 
 0.894053 	 -0.020604 
 0.904091 	 -0.022782 
 0.914383 	 -0.025097 
 0.924936 	 -0.027544 
 0.935756 	 -0.030120 
 0.946850 	 -0.032820 
 0.958225 	 -0.035638 
 0.969888 	 -0.038566 
 0.981846 	 -0.041598 
 0.994107 	 -0.044723 
 1.006678 	 -0.047932 
 1.019567 	 -0.051214 
 1.032783 	 -0.054559 
 1.046333 	 -0.057956 
 1.060226 	 -0.061392 
 1.074471 	 -0.064857 
 1.089077 	 -0.068338 
 1.104052 	 -0.071824 
 1.119406 	 -0.075305 
 1.135149 	 -0.078769 
 1.151291 	 -0.082205 
 1.167841 	 -0.085604 
 1.184811 	 -0.088956 
 1.202209 	 -0.092253 
 1.220049 	 -0.095487 
 1.238339 	 -0.098650 
 1.257093 	 -0.101735 
 1.276322 	 -0.104737 
 1.296037 	 -0.107650 
 1.316252 	 -0.110471 
 1.336978 	 -0.113194 
 1.358229 	 -0.115817 
 1.380018 	 -0.118337 
 1.402359 	 -0.120752 
 1.425265 	 -0.123060 
 1.448751 	 -0.125261 
 1.472831 	 -0.127353 
 1.497521 	 -0.129337 
 1.522836 	 -0.131212 
 1.548792 	 -0.132980 
 1.575405 	 -0.134640 
 1.602692 	 -0.136193 
 1.630670 	 -0.137641 
 1.659355 	 -0.138984 
 1.688767 	 -0.140224 
 1.718924 	 -0.141362 
 1.749844 	 -0.142400 
 1.781547 	 -0.143338 
 1.814052 	 -0.144177 
 1.847380 	 -0.144920 
 1.881552 	 -0.145566 
 1.916589 	 -0.146117 
 1.952513 	 -0.146574 
 1.989346 	 -0.146937 
 2.027112 	 -0.147206 
 2.065833 	 -0.147383 
 2.105535 	 -0.147467 
 2.146243 	 -0.147457 
 2.187980 	 -0.147354 
 2.230774 	 -0.147158 
 2.274652 	 -0.146866 
 2.319640 	 -0.146478 
 2.365767 	 -0.145993 
 2.413062 	 -0.145409 
 2.461554 	 -0.144724 
 2.511274 	 -0.143937 
 2.562252 	 -0.143044 
 2.614521 	 -0.142044 
 2.668113 	 -0.140933 
 2.723062 	 -0.139708 
 2.779402 	 -0.138366 
 2.837168 	 -0.136903 
 2.896397 	 -0.135315 
 2.957124 	 -0.133599 
 3.019390 	 -0.131749 
 3.083231 	 -0.129761 
 3.148688 	 -0.127630 
 3.215803 	 -0.125352 
 3.284617 	 -0.122921 
 3.355172 	 -0.120331 
 3.427514 	 -0.117578 
 3.501687 	 -0.114655 
 3.577738 	 -0.111557 
 3.655714 	 -0.108278 
 3.735664 	 -0.104813 
 3.817638 	 -0.101155 
 3.901687 	 -0.097298 
 3.987864 	 -0.093238 
 4.076223 	 -0.088969 
 4.166818 	 -0.084486 
 4.259707 	 -0.079783 
 4.354947 	 -0.074857 
 4.452598 	 -0.069703 
 4.552721 	 -0.064319 
 4.655379 	 -0.058701 
 4.760636 	 -0.052849 
 4.868557 	 -0.046760 
 4.979210 	 -0.040436 
 5.092665 	 -0.033877 
 5.208991 	 -0.027088 
 5.328263 	 -0.020072 
 5.450554 	 -0.012836 
 5.575940 	 -0.005388 
 5.704501 	 0.002260 
 5.836316 	 0.010097 
 5.971469 	 0.018107 
 6.110042 	 0.026270 
 6.252124 	 0.034565 
 6.397802 	 0.042966 
 6.547169 	 0.051445 
 6.700316 	 0.059968 
 6.857341 	 0.068499 
 7.018340 	 0.076996 
 7.183416 	 0.085412 
 7.352670 	 0.093697 
 7.526209 	 0.101794 
 7.704141 	 0.109642 
 7.886577 	 0.117175 
 8.073632 	 0.124322 
 8.265422 	 0.131006 
 8.462068 	 0.137147 
 8.663691 	 0.142658 
 8.870419 	 0.147450 
 9.082380 	 0.151432 
 9.299706 	 0.154509 
 9.522535 	 0.156583 
 9.751004 	 0.157560 
 9.985257 	 0.157346 
 10.225440 	 0.155849 
 10.471704 	 0.152984 
 10.724201 	 0.148674 
 10.983091 	 0.142854 
 11.248534 	 0.135470 
 11.520698 	 0.126487 
 11.799751 	 0.115891 
 12.085868 	 0.103693 
 12.379228 	 0.089930 
 12.680015 	 0.074674 
 12.988417 	 0.058033 
 13.304625 	 0.040154 
 13.628838 	 0.021229 
 13.961259 	 0.001495 
 14.302095 	 -0.018763 
 14.651560 	 -0.039212 
 15.009871 	 -0.059470 
 15.377253 	 -0.079112 
 15.753935 	 -0.097672 
 16.140153 	 -0.114652 
 16.536148 	 -0.129533 
 16.942168 	 -0.141787 
 17.358466 	 -0.150894 
 17.785303 	 -0.156365 
 18.222945 	 -0.157761 
 18.671667 	 -0.154724 
 19.131747 	 -0.147003 
 19.603475 	 -0.134484 
 20.087144 	 -0.117223 
 20.583058 	 -0.095470 
 21.091526 	 -0.069694 
 21.612866 	 -0.040601 
 22.147403 	 -0.009139 
 22.695473 	 0.023506 
 23.257416 	 0.055932 
 23.833586 	 0.086568 
 24.424341 	 0.113729 
 25.030051 	 0.135708 
 25.651095 	 0.150881 
 26.287861 	 0.157831 
 26.940747 	 0.155494 
 27.610160 	 0.143296 
 28.296520 	 0.121293 
 29.000255 	 0.090282 
 29.721805 	 0.051875 
 30.461621 	 0.008502 
 31.220166 	 -0.036658 
 31.997914 	 -0.079842 
 32.795350 	 -0.116977 
 33.612973 	 -0.144051 
 34.451295 	 -0.157570 
 35.310839 	 -0.155055 
 36.192142 	 -0.135535 
 37.095756 	 -0.099953 
 38.022244 	 -0.051402 
 38.972187 	 0.004904 
 39.946178 	 0.061980 
 40.944826 	 0.111807 
 41.968754 	 0.146405 
 43.018603 	 0.159179 
 44.095030 	 0.146332 
 45.198706 	 0.108086 
 46.330322 	 0.049401 
 47.490584 	 -0.020124 
 48.680220 	 -0.087404 
 49.899970 	 -0.138093 
 51.150599 	 -0.159683 
 52.432888 	 -0.144885 
 53.747638 	 -0.094483 
 55.095671 	 -0.018652 
 56.477830 	 0.064111 
 57.894978 	 0.130857 
 59.348002 	 0.160429 
 60.837809 	 0.140661 
 62.365330 	 0.074223 
 63.931522 	 -0.019507 
 65.537361 	 -0.108534 
 67.183852 	 -0.158426 
 68.872025 	 -0.146068 
 70.602934 	 -0.071836 
 72.377661 	 0.036103 
 74.197315 	 0.129958 
 76.063034 	 0.162554 
 77.975984 	 0.112299 
 79.937361 	 0.000000 
