 0.500000 	 0.000000 
 0.500063 	 -0.000000 
 0.500127 	 -0.000000 
 0.500193 	 -0.000000 
 0.500261 	 -0.000000 
 0.500330 	 -0.000000 
 0.500401 	 -0.000000 
 0.500474 	 -0.000000 
 0.500549 	 -0.000000 
 0.500625 	 -0.000000 
 0.500704 	 -0.000000 
 0.500785 	 -0.000000 
 0.500867 	 -0.000000 
 0.500952 	 -0.000000 
 0.501039 	 -0.000000 
 0.501128 	 -0.000000 
 0.501219 	 -0.000000 
 0.501313 	 -0.000000 
 0.501409 	 -0.000000 
 0.501507 	 -0.000000 
 0.501608 	 -0.000000 
 0.501711 	 -0.000000 
 0.501818 	 -0.000000 
 0.501926 	 -0.000000 
 0.502038 	 -0.000000 
 0.502152 	 -0.000000 
 0.502269 	 -0.000000 
 0.502390 	 -0.000000 
 0.502513 	 -0.000000 
 0.502639 	 -0.000000 
 0.502769 	 -0.000000 
 0.502902 	 -0.000000 
 0.503038 	 -0.000000 
 0.503177 	 -0.000000 
 0.503321 	 -0.000000 
 0.503467 	 -0.000000 
 0.503618 	 -0.000000 
 0.503772 	 -0.000000 
 0.503931 	 -0.000000 
 0.504093 	 -0.000000 
 0.504259 	 -0.000000 
 0.504430 	 -0.000000 
 0.504605 	 -0.000000 
 0.504784 	 -0.000000 
 0.504968 	 -0.000000 
 0.505156 	 -0.000000 
 0.505350 	 -0.000000 
 0.505548 	 -0.000000 
 0.505751 	 -0.000000 
 0.505959 	 -0.000000 
 0.506173 	 -0.000000 
 0.506392 	 -0.000000 
 0.506617 	 -0.000000 
 0.506847 	 -0.000000 
 0.507083 	 -0.000000 
 0.507325 	 -0.000000 
 0.507573 	 -0.000000 
 0.507828 	 -0.000000 
 0.508088 	 -0.000000 
 0.508356 	 -0.000000 
 0.508630 	 -0.000000 
 0.508911 	 -0.000000 
 0.509200 	 -0.000000 
 0.509495 	 -0.000000 
 0.509799 	 -0.000000 
 0.510109 	 -0.000000 
 0.510428 	 -0.000000 
 0.510755 	 -0.000000 
 0.511090 	 -0.000000 
 0.511433 	 -0.000000 
 0.511785 	 -0.000000 
 0.512147 	 -0.000000 
 0.512517 	 -0.000000 
 0.512896 	 -0.000000 
 0.513286 	 -0.000000 
 0.513685 	 -0.000000 
 0.514094 	 -0.000000 
 0.514513 	 -0.000000 
 0.514944 	 -0.000000 
 0.515385 	 -0.000000 
 0.515837 	 -0.000000 
 0.516301 	 -0.000000 
 0.516776 	 -0.000000 
 0.517263 	 -0.000000 
 0.517763 	 -0.000000 
 0.518276 	 -0.000000 
 0.518801 	 -0.000000 
 0.519340 	 -0.000000 
 0.519892 	 -0.000000 
 0.520458 	 -0.000000 
 0.521039 	 -0.000000 
 0.521634 	 -0.000000 
 0.522245 	 -0.000000 
 0.522871 	 -0.000000 
 0.523512 	 -0.000000 
 0.524170 	 -0.000000 
 0.524845 	 -0.000000 
 0.525537 	 -0.000000 
 0.526246 	 -0.000000 
 0.526973 	 -0.000000 
 0.527719 	 -0.000000 
 0.528483 	 -0.000000 
 0.529267 	 -0.000000 
 0.530071 	 -0.000000 
 0.530895 	 -0.000000 
 0.531739 	 -0.000000 
 0.532606 	 -0.000000 
 0.533494 	 -0.000000 
 0.534404 	 -0.000000 
 0.535338 	 -0.000000 
 0.536295 	 -0.000000 
 0.537277 	 -0.000000 
 0.538283 	 -0.000000 
 0.539315 	 -0.000000 
 0.540373 	 -0.000000 
 0.541458 	 -0.000000 
 0.542570 	 -0.000000 
 0.543711 	 -0.000000 
 0.544880 	 -0.000000 
 0.546079 	 -0.000000 
 0.547308 	 -0.000000 
 0.548569 	 -0.000000 
 0.549861 	 -0.000000 
 0.551186 	 -0.000000 
 0.552544 	 -0.000000 
 0.553937 	 -0.000000 
 0.555366 	 -0.000000 
 0.556830 	 -0.000000 
 0.558331 	 -0.000000 
 0.559871 	 -0.000000 
 0.561449 	 -0.000000 
 0.563067 	 -0.000000 
 0.564727 	 -0.000000 
 0.566428 	 -0.000000 
 0.568172 	 -0.000000 
 0.569961 	 -0.000000 
 0.571795 	 -0.000000 
 0.573675 	 -0.000000 
 0.575603 	 -0.000000 
 0.577580 	 -0.000000 
 0.579606 	 -0.000000 
 0.581684 	 -0.000000 
 0.583815 	 -0.000000 
 0.585999 	 -0.000000 
 0.588239 	 -0.000000 
 0.590536 	 -0.000000 
 0.592890 	 -0.000000 
 0.595305 	 -0.000000 
 0.597780 	 -0.000000 
 0.600318 	 -0.000000 
 0.602920 	 -0.000000 
 0.605589 	 -0.000001 
 0.608324 	 -0.000001 
 0.611129 	 -0.000001 
 0.614005 	 -0.000001 
 0.616954 	 -0.000002 
 0.619978 	 -0.000002 
 0.623078 	 -0.000003 
 0.626256 	 -0.000004 
 0.629515 	 -0.000005 
 0.632857 	 -0.000006 
 0.636283 	 -0.000008 
 0.639795 	 -0.000010 
 0.643397 	 -0.000013 
 0.647090 	 -0.000017 
 0.650876 	 -0.000022 
 0.654758 	 -0.000028 
 0.658739 	 -0.000036 
 0.662820 	 -0.000045 
 0.667005 	 -0.000058 
 0.671295 	 -0.000073 
 0.675694 	 -0.000092 
 0.680205 	 -0.000115 
 0.684829 	 -0.000144 
 0.689571 	 -0.000180 
 0.694433 	 -0.000224 
 0.699418 	 -0.000278 
 0.704529 	 -0.000343 
 0.709769 	 -0.000423 
 0.715142 	 -0.000518 
 0.720651 	 -0.000633 
 0.726300 	 -0.000769 
 0.732092 	 -0.000932 
 0.738030 	 -0.001125 
 0.744118 	 -0.001352 
 0.750361 	 -0.001618 
 0.756762 	 -0.001928 
 0.763324 	 -0.002288 
 0.770053 	 -0.002704 
 0.776952 	 -0.003182 
 0.784026 	 -0.003728 
 0.791279 	 -0.004349 
 0.798715 	 -0.005052 
 0.806340 	 -0.005844 
 0.814158 	 -0.006730 
 0.822174 	 -0.007719 
 0.830392 	 -0.008816 
 0.838819 	 -0.010026 
 0.847459 	 -0.011355 
 0.856318 	 -0.012808 
 0.865401 	 -0.014387 
 0.874714 	 -0.016097 
 0.884262 	 -0.017938 
 0.894053 	 -0.019912 
 0.904091 	 -0.022019 
 0.914383 	 -0.024257 
 0.924936 	 -0.026624 
 0.935756 	 -0.029116 
 0.946850 	 -0.031728 
 0.958225 	 -0.034455 
 0.969888 	 -0.037290 
 0.981846 	 -0.040225 
 0.994107 	 -0.043251 
 1.006678 	 -0.046359 
 1.019567 	 -0.049540 
 1.032783 	 -0.052782 
 1.046333 	 -0.056076 
 1.060226 	 -0.059409 
 1.074471 	 -0.062772 
 1.089077 	 -0.066153 
 1.104052 	 -0.069541 
 1.119406 	 -0.072926 
 1.135149 	 -0.076297 
 1.151291 	 -0.079645 
 1.167841 	 -0.082960 
 1.184811 	 -0.086234 
 1.202209 	 -0.089457 
 1.220049 	 -0.092624 
 1.238339 	 -0.095727 
 1.257093 	 -0.098760 
 1.276322 	 -0.101718 
 1.296037 	 -0.104596 
 1.316252 	 -0.107390 
 1.336978 	 -0.110097 
 1.358229 	 -0.112715 
 1.380018 	 -0.115241 
 1.402359 	 -0.117674 
 1.425265 	 -0.120013 
 1.448751 	 -0.122258 
 1.472831 	 -0.124410 
 1.497521 	 -0.126468 
 1.522836 	 -0.128433 
 1.548792 	 -0.130307 
 1.575405 	 -0.132092 
 1.602692 	 -0.133789 
 1.630670 	 -0.135400 
 1.659355 	 -0.136928 
 1.688767 	 -0.138374 
 1.718924 	 -0.139742 
 1.749844 	 -0.141034 
 1.781547 	 -0.142253 
 1.814052 	 -0.143401 
 1.847380 	 -0.144482 
 1.881552 	 -0.145497 
 1.916589 	 -0.146449 
 1.952513 	 -0.147342 
 1.989346 	 -0.148178 
 2.027112 	 -0.148959 
 2.065833 	 -0.149688 
 2.105535 	 -0.150367 
 2.146243 	 -0.150999 
 2.187980 	 -0.151586 
 2.230774 	 -0.152130 
 2.274652 	 -0.152633 
 2.319640 	 -0.153097 
 2.365767 	 -0.153524 
 2.413062 	 -0.153915 
 2.461554 	 -0.154273 
 2.511274 	 -0.154598 
 2.562252 	 -0.154893 
 2.614521 	 -0.155158 
 2.668113 	 -0.155395 
 2.723062 	 -0.155605 
 2.779402 	 -0.155788 
 2.837168 	 -0.155947 
 2.896397 	 -0.156080 
 2.957124 	 -0.156190 
 3.019390 	 -0.156277 
 3.083231 	 -0.156342 
 3.148688 	 -0.156384 
 3.215803 	 -0.156404 
 3.284617 	 -0.156403 
 3.355172 	 -0.156380 
 3.427514 	 -0.156336 
 3.501687 	 -0.156270 
 3.577738 	 -0.156183 
 3.655714 	 -0.156074 
 3.735664 	 -0.155944 
 3.817638 	 -0.155791 
 3.901687 	 -0.155615 
 3.987864 	 -0.155416 
 4.076223 	 -0.155193 
 4.166818 	 -0.154946 
 4.259707 	 -0.154674 
 4.354947 	 -0.154375 
 4.452598 	 -0.154049 
 4.552721 	 -0.153695 
 4.655379 	 -0.153312 
 4.760636 	 -0.152899 
 4.868557 	 -0.152454 
 4.979210 	 -0.151975 
 5.092665 	 -0.151462 
 5.208991 	 -0.150913 
 5.328263 	 -0.150327 
 5.450554 	 -0.149700 
 5.575940 	 -0.149032 
 5.704501 	 -0.148321 
 5.836316 	 -0.147564 
 5.971469 	 -0.146760 
 6.110042 	 -0.145905 
 6.252124 	 -0.144998 
 6.397802 	 -0.144036 
 6.547169 	 -0.143017 
 6.700316 	 -0.141937 
 6.857341 	 -0.140794 
 7.018340 	 -0.139584 
 7.183416 	 -0.138305 
 7.352670 	 -0.136953 
 7.526209 	 -0.135524 
 7.704141 	 -0.134017 
 7.886577 	 -0.132425 
 8.073632 	 -0.130747 
 8.265422 	 -0.128977 
 8.462068 	 -0.127112 
 8.663691 	 -0.125147 
 8.870419 	 -0.123079 
 9.082380 	 -0.120903 
 9.299706 	 -0.118614 
 9.522535 	 -0.116208 
 9.751004 	 -0.113680 
 9.985257 	 -0.111025 
 10.225440 	 -0.108239 
 10.471704 	 -0.105316 
 10.724201 	 -0.102251 
 10.983091 	 -0.099040 
 11.248534 	 -0.095678 
 11.520698 	 -0.092159 
 11.799751 	 -0.088479 
 12.085868 	 -0.084633 
 12.379228 	 -0.080616 
 12.680015 	 -0.076425 
 12.988417 	 -0.072054 
 13.304625 	 -0.067501 
 13.628838 	 -0.062761 
 13.961259 	 -0.057831 
 14.302095 	 -0.052709 
 14.651560 	 -0.047392 
 15.009871 	 -0.041880 
 15.377253 	 -0.036172 
 15.753935 	 -0.030268 
 16.140153 	 -0.024169 
 16.536148 	 -0.017877 
 16.942168 	 -0.011397 
 17.358466 	 -0.004732 
 17.785303 	 0.002109 
 18.222945 	 0.009120 
 18.671667 	 0.016290 
 19.131747 	 0.023607 
 19.603475 	 0.031056 
 20.087144 	 0.038621 
 20.583058 	 0.046282 
 21.091526 	 0.054017 
 21.612866 	 0.061800 
 22.147403 	 0.069603 
 22.695473 	 0.077394 
 23.257416 	 0.085137 
 23.833586 	 0.092792 
 24.424341 	 0.100316 
 25.030051 	 0.107661 
 25.651095 	 0.114775 
 26.287861 	 0.121602 
 26.940747 	 0.128081 
 27.610160 	 0.134148 
 28.296520 	 0.139735 
 29.000255 	 0.144769 
 29.721805 	 0.149173 
 30.461621 	 0.152870 
 31.220166 	 0.155777 
 31.997914 	 0.157812 
 32.795350 	 0.158892 
 33.612973 	 0.158932 
 34.451295 	 0.157853 
 35.310839 	 0.155576 
 36.192142 	 0.152028 
 37.095756 	 0.147145 
 38.022244 	 0.140870 
 38.972187 	 0.133161 
 39.946178 	 0.123988 
 40.944826 	 0.113343 
 41.968754 	 0.101235 
 43.018603 	 0.087701 
 44.095030 	 0.072805 
 45.198706 	 0.056642 
 46.330322 	 0.039341 
 47.490584 	 0.021071 
 48.680220 	 0.002039 
 49.899970 	 -0.017505 
 51.150599 	 -0.037269 
 52.432888 	 -0.056918 
 53.747638 	 -0.076078 
 55.095671 	 -0.094335 
 56.477830 	 -0.111245 
 57.894978 	 -0.126342 
 59.348002 	 -0.139144 
 60.837809 	 -0.149170 
 62.365330 	 -0.155957 
 63.931522 	 -0.159077 
 65.537361 	 -0.158159 
 67.183852 	 -0.152915 
 68.872025 	 -0.143165 
 70.602934 	 -0.128862 
 72.377661 	 -0.110125 
 74.197315 	 -0.087254 
 76.063034 	 -0.060755 
 77.975984 	 -0.031355 
 79.937361 	 0.000000 
