 0.500000 	 0.000000 
 0.500063 	 0.000000 
 0.500127 	 0.000000 
 0.500193 	 0.000000 
 0.500261 	 0.000000 
 0.500330 	 0.000000 
 0.500401 	 0.000000 
 0.500474 	 0.000000 
 0.500549 	 0.000000 
 0.500625 	 0.000000 
 0.500704 	 0.000000 
 0.500785 	 0.000000 
 0.500867 	 0.000000 
 0.500952 	 0.000000 
 0.501039 	 0.000000 
 0.501128 	 0.000000 
 0.501219 	 0.000000 
 0.501313 	 0.000000 
 0.501409 	 0.000000 
 0.501507 	 0.000000 
 0.501608 	 0.000000 
 0.501711 	 0.000000 
 0.501818 	 0.000000 
 0.501926 	 0.000000 
 0.502038 	 0.000000 
 0.502152 	 0.000000 
 0.502269 	 0.000000 
 0.502390 	 0.000000 
 0.502513 	 0.000000 
 0.502639 	 0.000000 
 0.502769 	 0.000000 
 0.502902 	 0.000000 
 0.503038 	 0.000000 
 0.503177 	 0.000000 
 0.503321 	 0.000000 
 0.503467 	 0.000000 
 0.503618 	 0.000000 
 0.503772 	 0.000000 
 0.503931 	 0.000000 
 0.504093 	 0.000000 
 0.504259 	 0.000000 
 0.504430 	 0.000000 
 0.504605 	 0.000000 
 0.504784 	 0.000000 
 0.504968 	 0.000000 
 0.505156 	 0.000000 
 0.505350 	 0.000000 
 0.505548 	 0.000000 
 0.505751 	 0.000000 
 0.505959 	 0.000000 
 0.506173 	 0.000000 
 0.506392 	 0.000000 
 0.506617 	 0.000000 
 0.506847 	 0.000000 
 0.507083 	 0.000000 
 0.507325 	 0.000000 
 0.507573 	 0.000000 
 0.507828 	 0.000000 
 0.508088 	 0.000000 
 0.508356 	 0.000000 
 0.508630 	 0.000000 
 0.508911 	 0.000000 
 0.509200 	 0.000000 
 0.509495 	 0.000000 
 0.509799 	 0.000000 
 0.510109 	 0.000000 
 0.510428 	 0.000000 
 0.510755 	 0.000000 
 0.511090 	 0.000000 
 0.511433 	 0.000000 
 0.511785 	 0.000000 
 0.512147 	 0.000000 
 0.512517 	 0.000000 
 0.512896 	 0.000000 
 0.513286 	 0.000000 
 0.513685 	 0.000000 
 0.514094 	 0.000000 
 0.514513 	 0.000000 
 0.514944 	 0.000000 
 0.515385 	 0.000000 
 0.515837 	 0.000000 
 0.516301 	 0.000000 
 0.516776 	 0.000000 
 0.517263 	 0.000000 
 0.517763 	 0.000000 
 0.518276 	 0.000000 
 0.518801 	 0.000000 
 0.519340 	 0.000000 
 0.519892 	 0.000000 
 0.520458 	 0.000000 
 0.521039 	 0.000000 
 0.521634 	 0.000000 
 0.522245 	 0.000000 
 0.522871 	 0.000000 
 0.523512 	 0.000000 
 0.524170 	 0.000000 
 0.524845 	 0.000000 
 0.525537 	 0.000000 
 0.526246 	 0.000000 
 0.526973 	 0.000000 
 0.527719 	 0.000000 
 0.528483 	 0.000000 
 0.529267 	 0.000000 
 0.530071 	 0.000000 
 0.530895 	 0.000000 
 0.531739 	 0.000000 
 0.532606 	 0.000000 
 0.533494 	 0.000000 
 0.534404 	 0.000000 
 0.535338 	 0.000000 
 0.536295 	 0.000000 
 0.537277 	 0.000000 
 0.538283 	 0.000000 
 0.539315 	 0.000000 
 0.540373 	 0.000000 
 0.541458 	 0.000000 
 0.542570 	 0.000000 
 0.543711 	 0.000000 
 0.544880 	 0.000000 
 0.546079 	 0.000000 
 0.547308 	 0.000000 
 0.548569 	 0.000000 
 0.549861 	 0.000000 
 0.551186 	 0.000000 
 0.552544 	 0.000000 
 0.553937 	 0.000000 
 0.555366 	 0.000000 
 0.556830 	 0.000000 
 0.558331 	 0.000000 
 0.559871 	 0.000000 
 0.561449 	 0.000000 
 0.563067 	 0.000000 
 0.564727 	 0.000000 
 0.566428 	 0.000000 
 0.568172 	 0.000000 
 0.569961 	 0.000000 
 0.571795 	 0.000000 
 0.573675 	 0.000000 
 0.575603 	 0.000000 
 0.577580 	 0.000000 
 0.579606 	 0.000000 
 0.581684 	 0.000000 
 0.583815 	 0.000000 
 0.585999 	 0.000000 
 0.588239 	 0.000000 
 0.590536 	 0.000000 
 0.592890 	 0.000000 
 0.595305 	 0.000000 
 0.597780 	 0.000000 
 0.600318 	 0.000000 
 0.602920 	 0.000000 
 0.605589 	 0.000001 
 0.608324 	 0.000001 
 0.611129 	 0.000001 
 0.614005 	 0.000001 
 0.616954 	 0.000002 
 0.619978 	 0.000002 
 0.623078 	 0.000003 
 0.626256 	 0.000004 
 0.629515 	 0.000005 
 0.632857 	 0.000006 
 0.636283 	 0.000008 
 0.639795 	 0.000010 
 0.643397 	 0.000013 
 0.647090 	 0.000017 
 0.650876 	 0.000022 
 0.654758 	 0.000028 
 0.658739 	 0.000035 
 0.662820 	 0.000045 
 0.667005 	 0.000057 
 0.671295 	 0.000072 
 0.675694 	 0.000091 
 0.680205 	 0.000114 
 0.684829 	 0.000143 
 0.689571 	 0.000178 
 0.694433 	 0.000222 
 0.699418 	 0.000275 
 0.704529 	 0.000340 
 0.709769 	 0.000418 
 0.715142 	 0.000512 
 0.720651 	 0.000626 
 0.726300 	 0.000761 
 0.732092 	 0.000922 
 0.738030 	 0.001113 
 0.744118 	 0.001337 
 0.750361 	 0.001600 
 0.756762 	 0.001907 
 0.763324 	 0.002263 
 0.770053 	 0.002674 
 0.776952 	 0.003147 
 0.784026 	 0.003687 
 0.791279 	 0.004302 
 0.798715 	 0.004997 
 0.806340 	 0.005780 
 0.814158 	 0.006657 
 0.822174 	 0.007635 
 0.830392 	 0.008720 
 0.838819 	 0.009917 
 0.847459 	 0.011232 
 0.856318 	 0.012669 
 0.865401 	 0.014231 
 0.874714 	 0.015922 
 0.884262 	 0.017744 
 0.894053 	 0.019697 
 0.904091 	 0.021781 
 0.914383 	 0.023995 
 0.924936 	 0.026336 
 0.935756 	 0.028801 
 0.946850 	 0.031385 
 0.958225 	 0.034083 
 0.969888 	 0.036887 
 0.981846 	 0.039790 
 0.994107 	 0.042784 
 1.006678 	 0.045859 
 1.019567 	 0.049005 
 1.032783 	 0.052213 
 1.046333 	 0.055471 
 1.060226 	 0.058769 
 1.074471 	 0.062097 
 1.089077 	 0.065442 
 1.104052 	 0.068794 
 1.119406 	 0.072143 
 1.135149 	 0.075479 
 1.151291 	 0.078792 
 1.167841 	 0.082073 
 1.184811 	 0.085312 
 1.202209 	 0.088503 
 1.220049 	 0.091637 
 1.238339 	 0.094709 
 1.257093 	 0.097711 
 1.276322 	 0.100640 
 1.296037 	 0.103489 
 1.316252 	 0.106257 
 1.336978 	 0.108938 
 1.358229 	 0.111531 
 1.380018 	 0.114034 
 1.402359 	 0.116446 
 1.425265 	 0.118765 
 1.448751 	 0.120992 
 1.472831 	 0.123126 
 1.497521 	 0.125169 
 1.522836 	 0.127120 
 1.548792 	 0.128982 
 1.575405 	 0.130756 
 1.602692 	 0.132444 
 1.630670 	 0.134048 
 1.659355 	 0.135570 
 1.688767 	 0.137013 
 1.718924 	 0.138379 
 1.749844 	 0.139671 
 1.781547 	 0.140892 
 1.814052 	 0.142044 
 1.847380 	 0.143130 
 1.881552 	 0.144153 
 1.916589 	 0.145116 
 1.952513 	 0.146021 
 1.989346 	 0.146872 
 2.027112 	 0.147670 
 2.065833 	 0.148418 
 2.105535 	 0.149119 
 2.146243 	 0.149776 
 2.187980 	 0.150390 
 2.230774 	 0.150964 
 2.274652 	 0.151501 
 2.319640 	 0.152001 
 2.365767 	 0.152468 
 2.413062 	 0.152903 
 2.461554 	 0.153307 
 2.511274 	 0.153684 
 2.562252 	 0.154033 
 2.614521 	 0.154358 
 2.668113 	 0.154658 
 2.723062 	 0.154936 
 2.779402 	 0.155193 
 2.837168 	 0.155430 
 2.896397 	 0.155648 
 2.957124 	 0.155848 
 3.019390 	 0.156031 
 3.083231 	 0.156198 
 3.148688 	 0.156349 
 3.215803 	 0.156486 
 3.284617 	 0.156609 
 3.355172 	 0.156719 
 3.427514 	 0.156816 
 3.501687 	 0.156900 
 3.577738 	 0.156972 
 3.655714 	 0.157033 
 3.735664 	 0.157082 
 3.817638 	 0.157120 
 3.901687 	 0.157147 
 3.987864 	 0.157163 
 4.076223 	 0.157168 
 4.166818 	 0.157162 
 4.259707 	 0.157145 
 4.354947 	 0.157118 
 4.452598 	 0.157079 
 4.552721 	 0.157030 
 4.655379 	 0.156968 
 4.760636 	 0.156895 
 4.868557 	 0.156810 
 4.979210 	 0.156713 
 5.092665 	 0.156602 
 5.208991 	 0.156479 
 5.328263 	 0.156341 
 5.450554 	 0.156189 
 5.575940 	 0.156022 
 5.704501 	 0.155840 
 5.836316 	 0.155641 
 5.971469 	 0.155424 
 6.110042 	 0.155190 
 6.252124 	 0.154937 
 6.397802 	 0.154664 
 6.547169 	 0.154371 
 6.700316 	 0.154055 
 6.857341 	 0.153716 
 7.018340 	 0.153354 
 7.183416 	 0.152966 
 7.352670 	 0.152551 
 7.526209 	 0.152107 
 7.704141 	 0.151635 
 7.886577 	 0.151131 
 8.073632 	 0.150594 
 8.265422 	 0.150022 
 8.462068 	 0.149414 
 8.663691 	 0.148768 
 8.870419 	 0.148082 
 9.082380 	 0.147353 
 9.299706 	 0.146580 
 9.522535 	 0.145760 
 9.751004 	 0.144890 
 9.985257 	 0.143969 
 10.225440 	 0.142994 
 10.471704 	 0.141962 
 10.724201 	 0.140869 
 10.983091 	 0.139714 
 11.248534 	 0.138493 
 11.520698 	 0.137203 
 11.799751 	 0.135841 
 12.085868 	 0.134403 
 12.379228 	 0.132885 
 12.680015 	 0.131284 
 12.988417 	 0.129597 
 13.304625 	 0.127818 
 13.628838 	 0.125945 
 13.961259 	 0.123973 
 14.302095 	 0.121897 
 14.651560 	 0.119713 
 15.009871 	 0.117417 
 15.377253 	 0.115004 
 15.753935 	 0.112470 
 16.140153 	 0.109809 
 16.536148 	 0.107017 
 16.942168 	 0.104089 
 17.358466 	 0.101019 
 17.785303 	 0.097804 
 18.222945 	 0.094438 
 18.671667 	 0.090916 
 19.131747 	 0.087233 
 19.603475 	 0.083386 
 20.087144 	 0.079368 
 20.583058 	 0.075176 
 21.091526 	 0.070807 
 21.612866 	 0.066255 
 22.147403 	 0.061518 
 22.695473 	 0.056592 
 23.257416 	 0.051476 
 23.833586 	 0.046167 
 24.424341 	 0.040663 
 25.030051 	 0.034965 
 25.651095 	 0.029073 
 26.287861 	 0.022987 
 26.940747 	 0.016712 
 27.610160 	 0.010249 
 28.296520 	 0.003606 
 29.000255 	 -0.003213 
 29.721805 	 -0.010198 
 30.461621 	 -0.017339 
 31.220166 	 -0.024624 
 31.997914 	 -0.032038 
 32.795350 	 -0.039564 
 33.612973 	 -0.047183 
 34.451295 	 -0.054872 
 35.310839 	 -0.062605 
 36.192142 	 -0.070354 
 37.095756 	 -0.078085 
 38.022244 	 -0.085765 
 38.972187 	 -0.093351 
 39.946178 	 -0.100802 
 40.944826 	 -0.108068 
 41.968754 	 -0.115099 
 43.018603 	 -0.121837 
 44.095030 	 -0.128223 
 45.198706 	 -0.134192 
 46.330322 	 -0.139675 
 47.490584 	 -0.144599 
 48.680220 	 -0.148891 
 49.899970 	 -0.152470 
 51.150599 	 -0.155255 
 52.432888 	 -0.157165 
 53.747638 	 -0.158117 
 55.095671 	 -0.158028 
 56.477830 	 -0.156817 
 57.894978 	 -0.154409 
 59.348002 	 -0.150732 
 60.837809 	 -0.145722 
 62.365330 	 -0.139326 
 63.931522 	 -0.131501 
 65.537361 	 -0.122221 
 67.183852 	 -0.111478 
 68.872025 	 -0.099286 
 70.602934 	 -0.085683 
 72.377661 	 -0.070735 
 74.197315 	 -0.054541 
 76.063034 	 -0.037234 
 77.975984 	 -0.018983 
 79.937361 	 0.000000 
