 0.500000 	 0.000000 
 0.500063 	 -0.000000 
 0.500127 	 -0.000000 
 0.500193 	 -0.000000 
 0.500261 	 -0.000000 
 0.500330 	 -0.000000 
 0.500401 	 -0.000000 
 0.500474 	 -0.000000 
 0.500549 	 -0.000000 
 0.500625 	 -0.000000 
 0.500704 	 -0.000000 
 0.500785 	 -0.000000 
 0.500867 	 -0.000000 
 0.500952 	 -0.000000 
 0.501039 	 -0.000000 
 0.501128 	 -0.000000 
 0.501219 	 -0.000000 
 0.501313 	 -0.000000 
 0.501409 	 -0.000000 
 0.501507 	 -0.000000 
 0.501608 	 -0.000000 
 0.501711 	 -0.000000 
 0.501818 	 -0.000000 
 0.501926 	 -0.000000 
 0.502038 	 -0.000000 
 0.502152 	 -0.000000 
 0.502269 	 -0.000000 
 0.502390 	 -0.000000 
 0.502513 	 -0.000000 
 0.502639 	 -0.000000 
 0.502769 	 -0.000000 
 0.502902 	 -0.000000 
 0.503038 	 -0.000000 
 0.503177 	 -0.000000 
 0.503321 	 -0.000000 
 0.503467 	 -0.000000 
 0.503618 	 -0.000000 
 0.503772 	 -0.000000 
 0.503931 	 -0.000000 
 0.504093 	 -0.000000 
 0.504259 	 -0.000000 
 0.504430 	 -0.000000 
 0.504605 	 -0.000000 
 0.504784 	 -0.000000 
 0.504968 	 -0.000000 
 0.505156 	 -0.000000 
 0.505350 	 -0.000000 
 0.505548 	 -0.000000 
 0.505751 	 -0.000000 
 0.505959 	 -0.000000 
 0.506173 	 -0.000000 
 0.506392 	 -0.000000 
 0.506617 	 -0.000000 
 0.506847 	 -0.000000 
 0.507083 	 -0.000000 
 0.507325 	 -0.000000 
 0.507573 	 -0.000000 
 0.507828 	 -0.000000 
 0.508088 	 -0.000000 
 0.508356 	 -0.000000 
 0.508630 	 -0.000000 
 0.508911 	 -0.000000 
 0.509200 	 -0.000000 
 0.509495 	 -0.000000 
 0.509799 	 -0.000000 
 0.510109 	 -0.000000 
 0.510428 	 -0.000000 
 0.510755 	 -0.000000 
 0.511090 	 -0.000000 
 0.511433 	 -0.000000 
 0.511785 	 -0.000000 
 0.512147 	 -0.000000 
 0.512517 	 -0.000000 
 0.512896 	 -0.000000 
 0.513286 	 -0.000000 
 0.513685 	 -0.000000 
 0.514094 	 -0.000000 
 0.514513 	 -0.000000 
 0.514944 	 -0.000000 
 0.515385 	 -0.000000 
 0.515837 	 -0.000000 
 0.516301 	 -0.000000 
 0.516776 	 -0.000000 
 0.517263 	 -0.000000 
 0.517763 	 -0.000000 
 0.518276 	 -0.000000 
 0.518801 	 -0.000000 
 0.519340 	 -0.000000 
 0.519892 	 -0.000000 
 0.520458 	 -0.000000 
 0.521039 	 -0.000000 
 0.521634 	 -0.000000 
 0.522245 	 -0.000000 
 0.522871 	 -0.000000 
 0.523512 	 -0.000000 
 0.524170 	 -0.000000 
 0.524845 	 -0.000000 
 0.525537 	 -0.000000 
 0.526246 	 -0.000000 
 0.526973 	 -0.000000 
 0.527719 	 -0.000000 
 0.528483 	 -0.000000 
 0.529267 	 -0.000000 
 0.530071 	 -0.000000 
 0.530895 	 -0.000000 
 0.531739 	 -0.000000 
 0.532606 	 -0.000000 
 0.533494 	 -0.000000 
 0.534404 	 -0.000000 
 0.535338 	 -0.000000 
 0.536295 	 -0.000000 
 0.537277 	 -0.000000 
 0.538283 	 -0.000000 
 0.539315 	 -0.000000 
 0.540373 	 -0.000000 
 0.541458 	 -0.000000 
 0.542570 	 -0.000000 
 0.543711 	 -0.000000 
 0.544880 	 -0.000000 
 0.546079 	 -0.000000 
 0.547308 	 -0.000000 
 0.548569 	 -0.000000 
 0.549861 	 -0.000000 
 0.551186 	 -0.000000 
 0.552544 	 -0.000000 
 0.553937 	 -0.000000 
 0.555366 	 -0.000000 
 0.556830 	 -0.000000 
 0.558331 	 -0.000000 
 0.559871 	 -0.000000 
 0.561449 	 -0.000000 
 0.563067 	 -0.000000 
 0.564727 	 -0.000000 
 0.566428 	 -0.000000 
 0.568172 	 -0.000000 
 0.569961 	 -0.000000 
 0.571795 	 -0.000000 
 0.573675 	 -0.000000 
 0.575603 	 -0.000000 
 0.577580 	 -0.000000 
 0.579606 	 -0.000000 
 0.581684 	 -0.000000 
 0.583815 	 -0.000000 
 0.585999 	 -0.000000 
 0.588239 	 -0.000000 
 0.590536 	 -0.000000 
 0.592890 	 -0.000000 
 0.595305 	 -0.000000 
 0.597780 	 -0.000000 
 0.600318 	 -0.000000 
 0.602920 	 -0.000000 
 0.605589 	 -0.000001 
 0.608324 	 -0.000001 
 0.611129 	 -0.000001 
 0.614005 	 -0.000001 
 0.616954 	 -0.000002 
 0.619978 	 -0.000002 
 0.623078 	 -0.000003 
 0.626256 	 -0.000004 
 0.629515 	 -0.000005 
 0.632857 	 -0.000006 
 0.636283 	 -0.000008 
 0.639795 	 -0.000011 
 0.643397 	 -0.000014 
 0.647090 	 -0.000017 
 0.650876 	 -0.000022 
 0.654758 	 -0.000028 
 0.658739 	 -0.000036 
 0.662820 	 -0.000046 
 0.667005 	 -0.000058 
 0.671295 	 -0.000074 
 0.675694 	 -0.000093 
 0.680205 	 -0.000117 
 0.684829 	 -0.000146 
 0.689571 	 -0.000182 
 0.694433 	 -0.000227 
 0.699418 	 -0.000281 
 0.704529 	 -0.000347 
 0.709769 	 -0.000427 
 0.715142 	 -0.000523 
 0.720651 	 -0.000639 
 0.726300 	 -0.000777 
 0.732092 	 -0.000942 
 0.738030 	 -0.001136 
 0.744118 	 -0.001365 
 0.750361 	 -0.001634 
 0.756762 	 -0.001947 
 0.763324 	 -0.002311 
 0.770053 	 -0.002731 
 0.776952 	 -0.003214 
 0.784026 	 -0.003765 
 0.791279 	 -0.004393 
 0.798715 	 -0.005103 
 0.806340 	 -0.005902 
 0.814158 	 -0.006798 
 0.822174 	 -0.007797 
 0.830392 	 -0.008904 
 0.838819 	 -0.010127 
 0.847459 	 -0.011469 
 0.856318 	 -0.012936 
 0.865401 	 -0.014531 
 0.874714 	 -0.016258 
 0.884262 	 -0.018118 
 0.894053 	 -0.020112 
 0.904091 	 -0.022239 
 0.914383 	 -0.024500 
 0.924936 	 -0.026890 
 0.935756 	 -0.029406 
 0.946850 	 -0.032044 
 0.958225 	 -0.034798 
 0.969888 	 -0.037660 
 0.981846 	 -0.040623 
 0.994107 	 -0.043679 
 1.006678 	 -0.046817 
 1.019567 	 -0.050028 
 1.032783 	 -0.053301 
 1.046333 	 -0.056626 
 1.060226 	 -0.059991 
 1.074471 	 -0.063385 
 1.089077 	 -0.066797 
 1.104052 	 -0.070216 
 1.119406 	 -0.073631 
 1.135149 	 -0.077032 
 1.151291 	 -0.080408 
 1.167841 	 -0.083751 
 1.184811 	 -0.087052 
 1.202209 	 -0.090302 
 1.220049 	 -0.093493 
 1.238339 	 -0.096619 
 1.257093 	 -0.099674 
 1.276322 	 -0.102651 
 1.296037 	 -0.105547 
 1.316252 	 -0.108358 
 1.336978 	 -0.111079 
 1.358229 	 -0.113709 
 1.380018 	 -0.116245 
 1.402359 	 -0.118685 
 1.425265 	 -0.121029 
 1.448751 	 -0.123277 
 1.472831 	 -0.125427 
 1.497521 	 -0.127482 
 1.522836 	 -0.129441 
 1.548792 	 -0.131305 
 1.575405 	 -0.133077 
 1.602692 	 -0.134757 
 1.630670 	 -0.136348 
 1.659355 	 -0.137852 
 1.688767 	 -0.139270 
 1.718924 	 -0.140606 
 1.749844 	 -0.141861 
 1.781547 	 -0.143038 
 1.814052 	 -0.144139 
 1.847380 	 -0.145168 
 1.881552 	 -0.146126 
 1.916589 	 -0.147015 
 1.952513 	 -0.147839 
 1.989346 	 -0.148599 
 2.027112 	 -0.149297 
 2.065833 	 -0.149937 
 2.105535 	 -0.150519 
 2.146243 	 -0.151046 
 2.187980 	 -0.151519 
 2.230774 	 -0.151940 
 2.274652 	 -0.152311 
 2.319640 	 -0.152632 
 2.365767 	 -0.152906 
 2.413062 	 -0.153134 
 2.461554 	 -0.153315 
 2.511274 	 -0.153452 
 2.562252 	 -0.153545 
 2.614521 	 -0.153594 
 2.668113 	 -0.153601 
 2.723062 	 -0.153564 
 2.779402 	 -0.153484 
 2.837168 	 -0.153362 
 2.896397 	 -0.153197 
 2.957124 	 -0.152988 
 3.019390 	 -0.152736 
 3.083231 	 -0.152439 
 3.148688 	 -0.152098 
 3.215803 	 -0.151710 
 3.284617 	 -0.151275 
 3.355172 	 -0.150791 
 3.427514 	 -0.150258 
 3.501687 	 -0.149674 
 3.577738 	 -0.149037 
 3.655714 	 -0.148345 
 3.735664 	 -0.147596 
 3.817638 	 -0.146789 
 3.901687 	 -0.145921 
 3.987864 	 -0.144989 
 4.076223 	 -0.143991 
 4.166818 	 -0.142924 
 4.259707 	 -0.141785 
 4.354947 	 -0.140571 
 4.452598 	 -0.139280 
 4.552721 	 -0.137906 
 4.655379 	 -0.136448 
 4.760636 	 -0.134901 
 4.868557 	 -0.133262 
 4.979210 	 -0.131526 
 5.092665 	 -0.129689 
 5.208991 	 -0.127747 
 5.328263 	 -0.125696 
 5.450554 	 -0.123531 
 5.575940 	 -0.121246 
 5.704501 	 -0.118839 
 5.836316 	 -0.116302 
 5.971469 	 -0.113632 
 6.110042 	 -0.110823 
 6.252124 	 -0.107871 
 6.397802 	 -0.104769 
 6.547169 	 -0.101513 
 6.700316 	 -0.098097 
 6.857341 	 -0.094517 
 7.018340 	 -0.090767 
 7.183416 	 -0.086842 
 7.352670 	 -0.082737 
 7.526209 	 -0.078448 
 7.704141 	 -0.073971 
 7.886577 	 -0.069301 
 8.073632 	 -0.064434 
 8.265422 	 -0.059368 
 8.462068 	 -0.054100 
 8.663691 	 -0.048628 
 8.870419 	 -0.042950 
 9.082380 	 -0.037067 
 9.299706 	 -0.030978 
 9.522535 	 -0.024686 
 9.751004 	 -0.018194 
 9.985257 	 -0.011504 
 10.225440 	 -0.004624 
 10.471704 	 0.002439 
 10.724201 	 0.009676 
 10.983091 	 0.017075 
 11.248534 	 0.024623 
 11.520698 	 0.032303 
 11.799751 	 0.040098 
 12.085868 	 0.047984 
 12.379228 	 0.055937 
 12.680015 	 0.063928 
 12.988417 	 0.071927 
 13.304625 	 0.079898 
 13.628838 	 0.087800 
 13.961259 	 0.095591 
 14.302095 	 0.103222 
 14.651560 	 0.110642 
 15.009871 	 0.117794 
 15.377253 	 0.124616 
 15.753935 	 0.131043 
 16.140153 	 0.137005 
 16.536148 	 0.142428 
 16.942168 	 0.147234 
 17.358466 	 0.151343 
 17.785303 	 0.154671 
 18.222945 	 0.157131 
 18.671667 	 0.158638 
 19.131747 	 0.159104 
 19.603475 	 0.158446 
 20.087144 	 0.156580 
 20.583058 	 0.153431 
 21.091526 	 0.148929 
 21.612866 	 0.143013 
 22.147403 	 0.135635 
 22.695473 	 0.126762 
 23.257416 	 0.116379 
 23.833586 	 0.104493 
 24.424341 	 0.091135 
 25.030051 	 0.076366 
 25.651095 	 0.060277 
 26.287861 	 0.042995 
 26.940747 	 0.024688 
 27.610160 	 0.005562 
 28.296520 	 -0.014132 
 29.000255 	 -0.034100 
 29.721805 	 -0.054004 
 30.461621 	 -0.073462 
 31.220166 	 -0.092056 
 31.997914 	 -0.109332 
 32.795350 	 -0.124814 
 33.612973 	 -0.138008 
 34.451295 	 -0.148423 
 35.310839 	 -0.155580 
 36.192142 	 -0.159038 
 37.095756 	 -0.158415 
 38.022244 	 -0.153410 
 38.972187 	 -0.143833 
 39.946178 	 -0.129633 
 40.944826 	 -0.110922 
 41.968754 	 -0.088004 
 43.018603 	 -0.061392 
 44.095030 	 -0.031822 
 45.198706 	 -0.000258 
 46.330322 	 0.032114 
 47.490584 	 0.063919 
 48.680220 	 0.093624 
 49.899970 	 0.119609 
 51.150599 	 0.140245 
 52.432888 	 0.153999 
 53.747638 	 0.159555 
 55.095671 	 0.155943 
 56.477830 	 0.142674 
 57.894978 	 0.119869 
 59.348002 	 0.088362 
 60.837809 	 0.049760 
 62.365330 	 0.006453 
 63.931522 	 -0.038458 
 65.537361 	 -0.081323 
 67.183852 	 -0.118194 
 68.872025 	 -0.145183 
 70.602934 	 -0.158889 
 72.377661 	 -0.156875 
 74.197315 	 -0.138133 
 76.063034 	 -0.103477 
 77.975984 	 -0.055788 
 79.937361 	 0.000000 
