 0.500000 	 0.000000 
 0.500063 	 -0.000000 
 0.500127 	 -0.000000 
 0.500193 	 -0.000000 
 0.500261 	 -0.000000 
 0.500330 	 -0.000000 
 0.500401 	 -0.000000 
 0.500474 	 -0.000000 
 0.500549 	 -0.000000 
 0.500625 	 -0.000000 
 0.500704 	 -0.000000 
 0.500785 	 -0.000000 
 0.500867 	 -0.000000 
 0.500952 	 -0.000000 
 0.501039 	 -0.000000 
 0.501128 	 -0.000000 
 0.501219 	 -0.000000 
 0.501313 	 -0.000000 
 0.501409 	 -0.000000 
 0.501507 	 -0.000000 
 0.501608 	 -0.000000 
 0.501711 	 -0.000000 
 0.501818 	 -0.000000 
 0.501926 	 -0.000000 
 0.502038 	 -0.000000 
 0.502152 	 -0.000000 
 0.502269 	 -0.000000 
 0.502390 	 -0.000000 
 0.502513 	 -0.000000 
 0.502639 	 -0.000000 
 0.502769 	 -0.000000 
 0.502902 	 -0.000000 
 0.503038 	 -0.000000 
 0.503177 	 -0.000000 
 0.503321 	 -0.000000 
 0.503467 	 -0.000000 
 0.503618 	 -0.000000 
 0.503772 	 -0.000000 
 0.503931 	 -0.000000 
 0.504093 	 -0.000000 
 0.504259 	 -0.000000 
 0.504430 	 -0.000000 
 0.504605 	 -0.000000 
 0.504784 	 -0.000000 
 0.504968 	 -0.000000 
 0.505156 	 -0.000000 
 0.505350 	 -0.000000 
 0.505548 	 -0.000000 
 0.505751 	 -0.000000 
 0.505959 	 -0.000000 
 0.506173 	 -0.000000 
 0.506392 	 -0.000000 
 0.506617 	 -0.000000 
 0.506847 	 -0.000000 
 0.507083 	 -0.000000 
 0.507325 	 -0.000000 
 0.507573 	 -0.000000 
 0.507828 	 -0.000000 
 0.508088 	 -0.000000 
 0.508356 	 -0.000000 
 0.508630 	 -0.000000 
 0.508911 	 -0.000000 
 0.509200 	 -0.000000 
 0.509495 	 -0.000000 
 0.509799 	 -0.000000 
 0.510109 	 -0.000000 
 0.510428 	 -0.000000 
 0.510755 	 -0.000000 
 0.511090 	 -0.000000 
 0.511433 	 -0.000000 
 0.511785 	 -0.000000 
 0.512147 	 -0.000000 
 0.512517 	 -0.000000 
 0.512896 	 -0.000000 
 0.513286 	 -0.000000 
 0.513685 	 -0.000000 
 0.514094 	 -0.000000 
 0.514513 	 -0.000000 
 0.514944 	 -0.000000 
 0.515385 	 -0.000000 
 0.515837 	 -0.000000 
 0.516301 	 -0.000000 
 0.516776 	 -0.000000 
 0.517263 	 -0.000000 
 0.517763 	 -0.000000 
 0.518276 	 -0.000000 
 0.518801 	 -0.000000 
 0.519340 	 -0.000000 
 0.519892 	 -0.000000 
 0.520458 	 -0.000000 
 0.521039 	 -0.000000 
 0.521634 	 -0.000000 
 0.522245 	 -0.000000 
 0.522871 	 -0.000000 
 0.523512 	 -0.000000 
 0.524170 	 -0.000000 
 0.524845 	 -0.000000 
 0.525537 	 -0.000000 
 0.526246 	 -0.000000 
 0.526973 	 -0.000000 
 0.527719 	 -0.000000 
 0.528483 	 -0.000000 
 0.529267 	 -0.000000 
 0.530071 	 -0.000000 
 0.530895 	 -0.000000 
 0.531739 	 -0.000000 
 0.532606 	 -0.000000 
 0.533494 	 -0.000000 
 0.534404 	 -0.000000 
 0.535338 	 -0.000000 
 0.536295 	 -0.000000 
 0.537277 	 -0.000000 
 0.538283 	 -0.000000 
 0.539315 	 -0.000000 
 0.540373 	 -0.000000 
 0.541458 	 -0.000000 
 0.542570 	 -0.000000 
 0.543711 	 -0.000000 
 0.544880 	 -0.000000 
 0.546079 	 -0.000000 
 0.547308 	 -0.000000 
 0.548569 	 -0.000000 
 0.549861 	 -0.000000 
 0.551186 	 -0.000000 
 0.552544 	 -0.000000 
 0.553937 	 -0.000000 
 0.555366 	 -0.000000 
 0.556830 	 -0.000000 
 0.558331 	 -0.000000 
 0.559871 	 -0.000000 
 0.561449 	 -0.000000 
 0.563067 	 -0.000000 
 0.564727 	 -0.000000 
 0.566428 	 -0.000000 
 0.568172 	 -0.000000 
 0.569961 	 -0.000000 
 0.571795 	 -0.000000 
 0.573675 	 -0.000000 
 0.575603 	 -0.000000 
 0.577580 	 -0.000000 
 0.579606 	 -0.000000 
 0.581684 	 -0.000000 
 0.583815 	 -0.000000 
 0.585999 	 -0.000000 
 0.588239 	 -0.000000 
 0.590536 	 -0.000000 
 0.592890 	 -0.000000 
 0.595305 	 -0.000000 
 0.597780 	 -0.000000 
 0.600318 	 -0.000000 
 0.602920 	 -0.000000 
 0.605589 	 -0.000001 
 0.608324 	 -0.000001 
 0.611129 	 -0.000001 
 0.614005 	 -0.000001 
 0.616954 	 -0.000002 
 0.619978 	 -0.000002 
 0.623078 	 -0.000003 
 0.626256 	 -0.000004 
 0.629515 	 -0.000005 
 0.632857 	 -0.000006 
 0.636283 	 -0.000008 
 0.639795 	 -0.000010 
 0.643397 	 -0.000013 
 0.647090 	 -0.000017 
 0.650876 	 -0.000022 
 0.654758 	 -0.000028 
 0.658739 	 -0.000036 
 0.662820 	 -0.000046 
 0.667005 	 -0.000058 
 0.671295 	 -0.000073 
 0.675694 	 -0.000092 
 0.680205 	 -0.000116 
 0.684829 	 -0.000145 
 0.689571 	 -0.000181 
 0.694433 	 -0.000226 
 0.699418 	 -0.000280 
 0.704529 	 -0.000345 
 0.709769 	 -0.000425 
 0.715142 	 -0.000521 
 0.720651 	 -0.000636 
 0.726300 	 -0.000774 
 0.732092 	 -0.000937 
 0.738030 	 -0.001131 
 0.744118 	 -0.001359 
 0.750361 	 -0.001627 
 0.756762 	 -0.001939 
 0.763324 	 -0.002301 
 0.770053 	 -0.002719 
 0.776952 	 -0.003199 
 0.784026 	 -0.003748 
 0.791279 	 -0.004373 
 0.798715 	 -0.005079 
 0.806340 	 -0.005875 
 0.814158 	 -0.006767 
 0.822174 	 -0.007761 
 0.830392 	 -0.008864 
 0.838819 	 -0.010080 
 0.847459 	 -0.011417 
 0.856318 	 -0.012877 
 0.865401 	 -0.014465 
 0.874714 	 -0.016184 
 0.884262 	 -0.018035 
 0.894053 	 -0.020020 
 0.904091 	 -0.022138 
 0.914383 	 -0.024388 
 0.924936 	 -0.026768 
 0.935756 	 -0.029273 
 0.946850 	 -0.031899 
 0.958225 	 -0.034641 
 0.969888 	 -0.037491 
 0.981846 	 -0.040441 
 0.994107 	 -0.043483 
 1.006678 	 -0.046607 
 1.019567 	 -0.049805 
 1.032783 	 -0.053064 
 1.046333 	 -0.056374 
 1.060226 	 -0.059725 
 1.074471 	 -0.063105 
 1.089077 	 -0.066503 
 1.104052 	 -0.069909 
 1.119406 	 -0.073310 
 1.135149 	 -0.076698 
 1.151291 	 -0.080062 
 1.167841 	 -0.083393 
 1.184811 	 -0.086681 
 1.202209 	 -0.089920 
 1.220049 	 -0.093101 
 1.238339 	 -0.096217 
 1.257093 	 -0.099263 
 1.276322 	 -0.102232 
 1.296037 	 -0.105121 
 1.316252 	 -0.107926 
 1.336978 	 -0.110642 
 1.358229 	 -0.113268 
 1.380018 	 -0.115801 
 1.402359 	 -0.118240 
 1.425265 	 -0.120584 
 1.448751 	 -0.122833 
 1.472831 	 -0.124986 
 1.497521 	 -0.127045 
 1.522836 	 -0.129010 
 1.548792 	 -0.130882 
 1.575405 	 -0.132663 
 1.602692 	 -0.134355 
 1.630670 	 -0.135959 
 1.659355 	 -0.137478 
 1.688767 	 -0.138914 
 1.718924 	 -0.140270 
 1.749844 	 -0.141548 
 1.781547 	 -0.142750 
 1.814052 	 -0.143879 
 1.847380 	 -0.144939 
 1.881552 	 -0.145930 
 1.916589 	 -0.146857 
 1.952513 	 -0.147721 
 1.989346 	 -0.148526 
 2.027112 	 -0.149272 
 2.065833 	 -0.149964 
 2.105535 	 -0.150602 
 2.146243 	 -0.151190 
 2.187980 	 -0.151729 
 2.230774 	 -0.152220 
 2.274652 	 -0.152667 
 2.319640 	 -0.153071 
 2.365767 	 -0.153433 
 2.413062 	 -0.153754 
 2.461554 	 -0.154037 
 2.511274 	 -0.154282 
 2.562252 	 -0.154490 
 2.614521 	 -0.154663 
 2.668113 	 -0.154801 
 2.723062 	 -0.154905 
 2.779402 	 -0.154976 
 2.837168 	 -0.155014 
 2.896397 	 -0.155019 
 2.957124 	 -0.154992 
 3.019390 	 -0.154933 
 3.083231 	 -0.154842 
 3.148688 	 -0.154719 
 3.215803 	 -0.154564 
 3.284617 	 -0.154375 
 3.355172 	 -0.154154 
 3.427514 	 -0.153898 
 3.501687 	 -0.153609 
 3.577738 	 -0.153284 
 3.655714 	 -0.152923 
 3.735664 	 -0.152524 
 3.817638 	 -0.152088 
 3.901687 	 -0.151611 
 3.987864 	 -0.151094 
 4.076223 	 -0.150534 
 4.166818 	 -0.149930 
 4.259707 	 -0.149280 
 4.354947 	 -0.148582 
 4.452598 	 -0.147834 
 4.552721 	 -0.147035 
 4.655379 	 -0.146180 
 4.760636 	 -0.145270 
 4.868557 	 -0.144300 
 4.979210 	 -0.143267 
 5.092665 	 -0.142171 
 5.208991 	 -0.141006 
 5.328263 	 -0.139771 
 5.450554 	 -0.138461 
 5.575940 	 -0.137075 
 5.704501 	 -0.135607 
 5.836316 	 -0.134054 
 5.971469 	 -0.132413 
 6.110042 	 -0.130680 
 6.252124 	 -0.128850 
 6.397802 	 -0.126920 
 6.547169 	 -0.124884 
 6.700316 	 -0.122739 
 6.857341 	 -0.120480 
 7.018340 	 -0.118102 
 7.183416 	 -0.115601 
 7.352670 	 -0.112971 
 7.526209 	 -0.110208 
 7.704141 	 -0.107306 
 7.886577 	 -0.104260 
 8.073632 	 -0.101066 
 8.265422 	 -0.097719 
 8.462068 	 -0.094212 
 8.663691 	 -0.090542 
 8.870419 	 -0.086703 
 9.082380 	 -0.082691 
 9.299706 	 -0.078501 
 9.522535 	 -0.074129 
 9.751004 	 -0.069570 
 9.985257 	 -0.064822 
 10.225440 	 -0.059880 
 10.471704 	 -0.054742 
 10.724201 	 -0.049406 
 10.983091 	 -0.043870 
 11.248534 	 -0.038133 
 11.520698 	 -0.032197 
 11.799751 	 -0.026061 
 12.085868 	 -0.019728 
 12.379228 	 -0.013201 
 12.680015 	 -0.006486 
 12.988417 	 0.000411 
 13.304625 	 0.007482 
 13.628838 	 0.014716 
 13.961259 	 0.022102 
 14.302095 	 0.029625 
 14.651560 	 0.037267 
 15.009871 	 0.045010 
 15.377253 	 0.052830 
 15.753935 	 0.060702 
 16.140153 	 0.068596 
 16.536148 	 0.076481 
 16.942168 	 0.084318 
 17.358466 	 0.092070 
 17.785303 	 0.099690 
 18.222945 	 0.107130 
 18.671667 	 0.114338 
 19.131747 	 0.121256 
 19.603475 	 0.127822 
 20.087144 	 0.133971 
 20.583058 	 0.139634 
 21.091526 	 0.144735 
 21.612866 	 0.149197 
 22.147403 	 0.152941 
 22.695473 	 0.155883 
 23.257416 	 0.157940 
 23.833586 	 0.159025 
 24.424341 	 0.159055 
 25.030051 	 0.157947 
 25.651095 	 0.155622 
 26.287861 	 0.152008 
 26.940747 	 0.147037 
 27.610160 	 0.140655 
 28.296520 	 0.132819 
 29.000255 	 0.123501 
 29.721805 	 0.112693 
 30.461621 	 0.100407 
 31.220166 	 0.086683 
 31.997914 	 0.071589 
 32.795350 	 0.055225 
 33.612973 	 0.037726 
 34.451295 	 0.019266 
 35.310839 	 0.000062 
 36.192142 	 -0.019630 
 37.095756 	 -0.039507 
 38.022244 	 -0.059226 
 38.972187 	 -0.078401 
 39.946178 	 -0.096611 
 40.944826 	 -0.113402 
 41.968754 	 -0.128298 
 43.018603 	 -0.140812 
 44.095030 	 -0.150460 
 45.198706 	 -0.156776 
 46.330322 	 -0.159336 
 47.490584 	 -0.157775 
 48.680220 	 -0.151819 
 49.899970 	 -0.141305 
 51.150599 	 -0.126212 
 52.432888 	 -0.106689 
 53.747638 	 -0.083074 
 55.095671 	 -0.055915 
 56.477830 	 -0.025985 
 57.894978 	 0.005721 
 59.348002 	 0.037994 
 60.837809 	 0.069439 
 62.365330 	 0.098519 
 63.931522 	 0.123620 
 65.537361 	 0.143137 
 67.183852 	 0.155578 
 68.872025 	 0.159683 
 70.602934 	 0.154558 
 72.377661 	 0.139805 
 74.197315 	 0.115648 
 76.063034 	 0.083025 
 77.975984 	 0.043649 
 79.937361 	 0.000000 
