 0.500000 	 0.000000 
 0.500063 	 -0.000000 
 0.500127 	 -0.000000 
 0.500193 	 -0.000000 
 0.500261 	 -0.000000 
 0.500330 	 -0.000000 
 0.500401 	 -0.000000 
 0.500474 	 -0.000000 
 0.500549 	 -0.000000 
 0.500625 	 -0.000000 
 0.500704 	 -0.000000 
 0.500785 	 -0.000000 
 0.500867 	 -0.000000 
 0.500952 	 -0.000000 
 0.501039 	 -0.000000 
 0.501128 	 -0.000000 
 0.501219 	 -0.000000 
 0.501313 	 -0.000000 
 0.501409 	 -0.000000 
 0.501507 	 -0.000000 
 0.501608 	 -0.000000 
 0.501711 	 -0.000000 
 0.501818 	 -0.000000 
 0.501926 	 -0.000000 
 0.502038 	 -0.000000 
 0.502152 	 -0.000000 
 0.502269 	 -0.000000 
 0.502390 	 -0.000000 
 0.502513 	 -0.000000 
 0.502639 	 -0.000000 
 0.502769 	 -0.000000 
 0.502902 	 -0.000000 
 0.503038 	 -0.000000 
 0.503177 	 -0.000000 
 0.503321 	 -0.000000 
 0.503467 	 -0.000000 
 0.503618 	 -0.000000 
 0.503772 	 -0.000000 
 0.503931 	 -0.000000 
 0.504093 	 -0.000000 
 0.504259 	 -0.000000 
 0.504430 	 -0.000000 
 0.504605 	 -0.000000 
 0.504784 	 -0.000000 
 0.504968 	 -0.000000 
 0.505156 	 -0.000000 
 0.505350 	 -0.000000 
 0.505548 	 -0.000000 
 0.505751 	 -0.000000 
 0.505959 	 -0.000000 
 0.506173 	 -0.000000 
 0.506392 	 -0.000000 
 0.506617 	 -0.000000 
 0.506847 	 -0.000000 
 0.507083 	 -0.000000 
 0.507325 	 -0.000000 
 0.507573 	 -0.000000 
 0.507828 	 -0.000000 
 0.508088 	 -0.000000 
 0.508356 	 -0.000000 
 0.508630 	 -0.000000 
 0.508911 	 -0.000000 
 0.509200 	 -0.000000 
 0.509495 	 -0.000000 
 0.509799 	 -0.000000 
 0.510109 	 -0.000000 
 0.510428 	 -0.000000 
 0.510755 	 -0.000000 
 0.511090 	 -0.000000 
 0.511433 	 -0.000000 
 0.511785 	 -0.000000 
 0.512147 	 -0.000000 
 0.512517 	 -0.000000 
 0.512896 	 -0.000000 
 0.513286 	 -0.000000 
 0.513685 	 -0.000000 
 0.514094 	 -0.000000 
 0.514513 	 -0.000000 
 0.514944 	 -0.000000 
 0.515385 	 -0.000000 
 0.515837 	 -0.000000 
 0.516301 	 -0.000000 
 0.516776 	 -0.000000 
 0.517263 	 -0.000000 
 0.517763 	 -0.000000 
 0.518276 	 -0.000000 
 0.518801 	 -0.000000 
 0.519340 	 -0.000000 
 0.519892 	 -0.000000 
 0.520458 	 -0.000000 
 0.521039 	 -0.000000 
 0.521634 	 -0.000000 
 0.522245 	 -0.000000 
 0.522871 	 -0.000000 
 0.523512 	 -0.000000 
 0.524170 	 -0.000000 
 0.524845 	 -0.000000 
 0.525537 	 -0.000000 
 0.526246 	 -0.000000 
 0.526973 	 -0.000000 
 0.527719 	 -0.000000 
 0.528483 	 -0.000000 
 0.529267 	 -0.000000 
 0.530071 	 -0.000000 
 0.530895 	 -0.000000 
 0.531739 	 -0.000000 
 0.532606 	 -0.000000 
 0.533494 	 -0.000000 
 0.534404 	 -0.000000 
 0.535338 	 -0.000000 
 0.536295 	 -0.000000 
 0.537277 	 -0.000000 
 0.538283 	 -0.000000 
 0.539315 	 -0.000000 
 0.540373 	 -0.000000 
 0.541458 	 -0.000000 
 0.542570 	 -0.000000 
 0.543711 	 -0.000000 
 0.544880 	 -0.000000 
 0.546079 	 -0.000000 
 0.547308 	 -0.000000 
 0.548569 	 -0.000000 
 0.549861 	 -0.000000 
 0.551186 	 -0.000000 
 0.552544 	 -0.000000 
 0.553937 	 -0.000000 
 0.555366 	 -0.000000 
 0.556830 	 -0.000000 
 0.558331 	 -0.000000 
 0.559871 	 -0.000000 
 0.561449 	 -0.000000 
 0.563067 	 -0.000000 
 0.564727 	 -0.000000 
 0.566428 	 -0.000000 
 0.568172 	 -0.000000 
 0.569961 	 -0.000000 
 0.571795 	 -0.000000 
 0.573675 	 -0.000000 
 0.575603 	 -0.000000 
 0.577580 	 -0.000000 
 0.579606 	 -0.000000 
 0.581684 	 -0.000000 
 0.583815 	 -0.000000 
 0.585999 	 -0.000000 
 0.588239 	 -0.000000 
 0.590536 	 -0.000000 
 0.592890 	 -0.000000 
 0.595305 	 -0.000000 
 0.597780 	 -0.000000 
 0.600318 	 -0.000000 
 0.602920 	 -0.000000 
 0.605589 	 -0.000001 
 0.608324 	 -0.000001 
 0.611129 	 -0.000001 
 0.614005 	 -0.000001 
 0.616954 	 -0.000002 
 0.619978 	 -0.000002 
 0.623078 	 -0.000003 
 0.626256 	 -0.000004 
 0.629515 	 -0.000005 
 0.632857 	 -0.000006 
 0.636283 	 -0.000008 
 0.639795 	 -0.000011 
 0.643397 	 -0.000014 
 0.647090 	 -0.000018 
 0.650876 	 -0.000023 
 0.654758 	 -0.000029 
 0.658739 	 -0.000037 
 0.662820 	 -0.000047 
 0.667005 	 -0.000059 
 0.671295 	 -0.000075 
 0.675694 	 -0.000094 
 0.680205 	 -0.000118 
 0.684829 	 -0.000148 
 0.689571 	 -0.000185 
 0.694433 	 -0.000230 
 0.699418 	 -0.000285 
 0.704529 	 -0.000352 
 0.709769 	 -0.000433 
 0.715142 	 -0.000531 
 0.720651 	 -0.000648 
 0.726300 	 -0.000788 
 0.732092 	 -0.000955 
 0.738030 	 -0.001153 
 0.744118 	 -0.001385 
 0.750361 	 -0.001658 
 0.756762 	 -0.001976 
 0.763324 	 -0.002344 
 0.770053 	 -0.002770 
 0.776952 	 -0.003260 
 0.784026 	 -0.003819 
 0.791279 	 -0.004456 
 0.798715 	 -0.005176 
 0.806340 	 -0.005987 
 0.814158 	 -0.006896 
 0.822174 	 -0.007909 
 0.830392 	 -0.009032 
 0.838819 	 -0.010272 
 0.847459 	 -0.011633 
 0.856318 	 -0.013121 
 0.865401 	 -0.014739 
 0.874714 	 -0.016490 
 0.884262 	 -0.018376 
 0.894053 	 -0.020397 
 0.904091 	 -0.022555 
 0.914383 	 -0.024847 
 0.924936 	 -0.027270 
 0.935756 	 -0.029821 
 0.946850 	 -0.032495 
 0.958225 	 -0.035287 
 0.969888 	 -0.038188 
 0.981846 	 -0.041191 
 0.994107 	 -0.044287 
 1.006678 	 -0.047467 
 1.019567 	 -0.050720 
 1.032783 	 -0.054035 
 1.046333 	 -0.057402 
 1.060226 	 -0.060809 
 1.074471 	 -0.064245 
 1.089077 	 -0.067698 
 1.104052 	 -0.071158 
 1.119406 	 -0.074612 
 1.135149 	 -0.078051 
 1.151291 	 -0.081464 
 1.167841 	 -0.084841 
 1.184811 	 -0.088173 
 1.202209 	 -0.091453 
 1.220049 	 -0.094671 
 1.238339 	 -0.097821 
 1.257093 	 -0.100897 
 1.276322 	 -0.103892 
 1.296037 	 -0.106802 
 1.316252 	 -0.109622 
 1.336978 	 -0.112349 
 1.358229 	 -0.114979 
 1.380018 	 -0.117511 
 1.402359 	 -0.119942 
 1.425265 	 -0.122272 
 1.448751 	 -0.124499 
 1.472831 	 -0.126624 
 1.497521 	 -0.128645 
 1.522836 	 -0.130564 
 1.548792 	 -0.132382 
 1.575405 	 -0.134099 
 1.602692 	 -0.135717 
 1.630670 	 -0.137237 
 1.659355 	 -0.138660 
 1.688767 	 -0.139989 
 1.718924 	 -0.141225 
 1.749844 	 -0.142371 
 1.781547 	 -0.143426 
 1.814052 	 -0.144395 
 1.847380 	 -0.145277 
 1.881552 	 -0.146076 
 1.916589 	 -0.146793 
 1.952513 	 -0.147428 
 1.989346 	 -0.147985 
 2.027112 	 -0.148463 
 2.065833 	 -0.148864 
 2.105535 	 -0.149189 
 2.146243 	 -0.149439 
 2.187980 	 -0.149615 
 2.230774 	 -0.149716 
 2.274652 	 -0.149744 
 2.319640 	 -0.149698 
 2.365767 	 -0.149578 
 2.413062 	 -0.149384 
 2.461554 	 -0.149115 
 2.511274 	 -0.148771 
 2.562252 	 -0.148349 
 2.614521 	 -0.147851 
 2.668113 	 -0.147273 
 2.723062 	 -0.146614 
 2.779402 	 -0.145872 
 2.837168 	 -0.145045 
 2.896397 	 -0.144131 
 2.957124 	 -0.143128 
 3.019390 	 -0.142032 
 3.083231 	 -0.140840 
 3.148688 	 -0.139549 
 3.215803 	 -0.138156 
 3.284617 	 -0.136657 
 3.355172 	 -0.135048 
 3.427514 	 -0.133325 
 3.501687 	 -0.131484 
 3.577738 	 -0.129520 
 3.655714 	 -0.127428 
 3.735664 	 -0.125204 
 3.817638 	 -0.122843 
 3.901687 	 -0.120339 
 3.987864 	 -0.117687 
 4.076223 	 -0.114882 
 4.166818 	 -0.111918 
 4.259707 	 -0.108789 
 4.354947 	 -0.105491 
 4.452598 	 -0.102017 
 4.552721 	 -0.098362 
 4.655379 	 -0.094521 
 4.760636 	 -0.090487 
 4.868557 	 -0.086257 
 4.979210 	 -0.081824 
 5.092665 	 -0.077184 
 5.208991 	 -0.072334 
 5.328263 	 -0.067268 
 5.450554 	 -0.061985 
 5.575940 	 -0.056481 
 5.704501 	 -0.050754 
 5.836316 	 -0.044804 
 5.971469 	 -0.038631 
 6.110042 	 -0.032236 
 6.252124 	 -0.025621 
 6.397802 	 -0.018790 
 6.547169 	 -0.011749 
 6.700316 	 -0.004506 
 6.857341 	 0.002931 
 7.018340 	 0.010549 
 7.183416 	 0.018335 
 7.352670 	 0.026271 
 7.526209 	 0.034338 
 7.704141 	 0.042513 
 7.886577 	 0.050771 
 8.073632 	 0.059080 
 8.265422 	 0.067407 
 8.462068 	 0.075715 
 8.663691 	 0.083961 
 8.870419 	 0.092099 
 9.082380 	 0.100077 
 9.299706 	 0.107839 
 9.522535 	 0.115325 
 9.751004 	 0.122469 
 9.985257 	 0.129200 
 10.225440 	 0.135443 
 10.471704 	 0.141118 
 10.724201 	 0.146143 
 10.983091 	 0.150429 
 11.248534 	 0.153888 
 11.520698 	 0.156427 
 11.799751 	 0.157955 
 12.085868 	 0.158379 
 12.379228 	 0.157611 
 12.680015 	 0.155564 
 12.988417 	 0.152158 
 13.304625 	 0.147322 
 13.628838 	 0.140996 
 13.961259 	 0.133134 
 14.302095 	 0.123707 
 14.651560 	 0.112707 
 15.009871 	 0.100151 
 15.377253 	 0.086083 
 15.753935 	 0.070581 
 16.140153 	 0.053756 
 16.536148 	 0.035761 
 16.942168 	 0.016789 
 17.358466 	 -0.002919 
 17.785303 	 -0.023080 
 18.222945 	 -0.043360 
 18.671667 	 -0.063383 
 19.131747 	 -0.082728 
 19.603475 	 -0.100937 
 20.087144 	 -0.117522 
 20.583058 	 -0.131974 
 21.091526 	 -0.143778 
 21.612866 	 -0.152431 
 22.147403 	 -0.157456 
 22.695473 	 -0.158432 
 23.257416 	 -0.155014 
 23.833586 	 -0.146965 
 24.424341 	 -0.134183 
 25.030051 	 -0.116730 
 25.651095 	 -0.094859 
 26.287861 	 -0.069038 
 26.940747 	 -0.039965 
 27.610160 	 -0.008573 
 28.296520 	 0.023969 
 29.000255 	 0.056287 
 29.721805 	 0.086836 
 30.461621 	 0.113960 
 31.220166 	 0.135981 
 31.997914 	 0.151295 
 32.795350 	 0.158500 
 33.612973 	 0.156531 
 34.451295 	 0.144797 
 35.310839 	 0.123319 
 36.192142 	 0.092839 
 37.095756 	 0.054893 
 38.022244 	 0.011825 
 38.972187 	 -0.033275 
 39.946178 	 -0.076730 
 40.944826 	 -0.114527 
 41.968754 	 -0.142677 
 43.018603 	 -0.157653 
 44.095030 	 -0.156876 
 45.198706 	 -0.139204 
 46.330322 	 -0.105343 
 47.490584 	 -0.058102 
 48.680220 	 -0.002403 
 49.899970 	 0.055021 
 51.150599 	 0.106300 
 52.432888 	 0.143442 
 53.747638 	 0.159627 
 55.095671 	 0.150607 
 56.477830 	 0.115950 
 57.894978 	 0.059852 
 59.348002 	 -0.008825 
 60.837809 	 -0.077511 
 62.365330 	 -0.131965 
 63.931522 	 -0.159211 
 65.537361 	 -0.150890 
 67.183852 	 -0.106236 
 68.872025 	 -0.033715 
 70.602934 	 0.049563 
 72.377661 	 0.121163 
 74.197315 	 0.159148 
 76.063034 	 0.149172 
 77.975984 	 0.090739 
 79.937361 	 0.000000 
