 0.500000 	 0.000000 
 0.500063 	 -0.000000 
 0.500127 	 -0.000000 
 0.500193 	 -0.000000 
 0.500261 	 -0.000000 
 0.500330 	 -0.000000 
 0.500401 	 -0.000000 
 0.500474 	 -0.000000 
 0.500549 	 -0.000000 
 0.500625 	 -0.000000 
 0.500704 	 -0.000000 
 0.500785 	 -0.000000 
 0.500867 	 -0.000000 
 0.500952 	 -0.000000 
 0.501039 	 -0.000000 
 0.501128 	 -0.000000 
 0.501219 	 -0.000000 
 0.501313 	 -0.000000 
 0.501409 	 -0.000000 
 0.501507 	 -0.000000 
 0.501608 	 -0.000000 
 0.501711 	 -0.000000 
 0.501818 	 -0.000000 
 0.501926 	 -0.000000 
 0.502038 	 -0.000000 
 0.502152 	 -0.000000 
 0.502269 	 -0.000000 
 0.502390 	 -0.000000 
 0.502513 	 -0.000000 
 0.502639 	 -0.000000 
 0.502769 	 -0.000000 
 0.502902 	 -0.000000 
 0.503038 	 -0.000000 
 0.503177 	 -0.000000 
 0.503321 	 -0.000000 
 0.503467 	 -0.000000 
 0.503618 	 -0.000000 
 0.503772 	 -0.000000 
 0.503931 	 -0.000000 
 0.504093 	 -0.000000 
 0.504259 	 -0.000000 
 0.504430 	 -0.000000 
 0.504605 	 -0.000000 
 0.504784 	 -0.000000 
 0.504968 	 -0.000000 
 0.505156 	 -0.000000 
 0.505350 	 -0.000000 
 0.505548 	 -0.000000 
 0.505751 	 -0.000000 
 0.505959 	 -0.000000 
 0.506173 	 -0.000000 
 0.506392 	 -0.000000 
 0.506617 	 -0.000000 
 0.506847 	 -0.000000 
 0.507083 	 -0.000000 
 0.507325 	 -0.000000 
 0.507573 	 -0.000000 
 0.507828 	 -0.000000 
 0.508088 	 -0.000000 
 0.508356 	 -0.000000 
 0.508630 	 -0.000000 
 0.508911 	 -0.000000 
 0.509200 	 -0.000000 
 0.509495 	 -0.000000 
 0.509799 	 -0.000000 
 0.510109 	 -0.000000 
 0.510428 	 -0.000000 
 0.510755 	 -0.000000 
 0.511090 	 -0.000000 
 0.511433 	 -0.000000 
 0.511785 	 -0.000000 
 0.512147 	 -0.000000 
 0.512517 	 -0.000000 
 0.512896 	 -0.000000 
 0.513286 	 -0.000000 
 0.513685 	 -0.000000 
 0.514094 	 -0.000000 
 0.514513 	 -0.000000 
 0.514944 	 -0.000000 
 0.515385 	 -0.000000 
 0.515837 	 -0.000000 
 0.516301 	 -0.000000 
 0.516776 	 -0.000000 
 0.517263 	 -0.000000 
 0.517763 	 -0.000000 
 0.518276 	 -0.000000 
 0.518801 	 -0.000000 
 0.519340 	 -0.000000 
 0.519892 	 -0.000000 
 0.520458 	 -0.000000 
 0.521039 	 -0.000000 
 0.521634 	 -0.000000 
 0.522245 	 -0.000000 
 0.522871 	 -0.000000 
 0.523512 	 -0.000000 
 0.524170 	 -0.000000 
 0.524845 	 -0.000000 
 0.525537 	 -0.000000 
 0.526246 	 -0.000000 
 0.526973 	 -0.000000 
 0.527719 	 -0.000000 
 0.528483 	 -0.000000 
 0.529267 	 -0.000000 
 0.530071 	 -0.000000 
 0.530895 	 -0.000000 
 0.531739 	 -0.000000 
 0.532606 	 -0.000000 
 0.533494 	 -0.000000 
 0.534404 	 -0.000000 
 0.535338 	 -0.000000 
 0.536295 	 -0.000000 
 0.537277 	 -0.000000 
 0.538283 	 -0.000000 
 0.539315 	 -0.000000 
 0.540373 	 -0.000000 
 0.541458 	 -0.000000 
 0.542570 	 -0.000000 
 0.543711 	 -0.000000 
 0.544880 	 -0.000000 
 0.546079 	 -0.000000 
 0.547308 	 -0.000000 
 0.548569 	 -0.000000 
 0.549861 	 -0.000000 
 0.551186 	 -0.000000 
 0.552544 	 -0.000000 
 0.553937 	 -0.000000 
 0.555366 	 -0.000000 
 0.556830 	 -0.000000 
 0.558331 	 -0.000000 
 0.559871 	 -0.000000 
 0.561449 	 -0.000000 
 0.563067 	 -0.000000 
 0.564727 	 -0.000000 
 0.566428 	 -0.000000 
 0.568172 	 -0.000000 
 0.569961 	 -0.000000 
 0.571795 	 -0.000000 
 0.573675 	 -0.000000 
 0.575603 	 -0.000000 
 0.577580 	 -0.000000 
 0.579606 	 -0.000000 
 0.581684 	 -0.000000 
 0.583815 	 -0.000000 
 0.585999 	 -0.000000 
 0.588239 	 -0.000000 
 0.590536 	 -0.000000 
 0.592890 	 -0.000000 
 0.595305 	 -0.000000 
 0.597780 	 -0.000000 
 0.600318 	 -0.000000 
 0.602920 	 -0.000000 
 0.605589 	 -0.000001 
 0.608324 	 -0.000001 
 0.611129 	 -0.000001 
 0.614005 	 -0.000001 
 0.616954 	 -0.000002 
 0.619978 	 -0.000002 
 0.623078 	 -0.000003 
 0.626256 	 -0.000004 
 0.629515 	 -0.000005 
 0.632857 	 -0.000006 
 0.636283 	 -0.000008 
 0.639795 	 -0.000011 
 0.643397 	 -0.000014 
 0.647090 	 -0.000018 
 0.650876 	 -0.000022 
 0.654758 	 -0.000029 
 0.658739 	 -0.000036 
 0.662820 	 -0.000046 
 0.667005 	 -0.000059 
 0.671295 	 -0.000074 
 0.675694 	 -0.000094 
 0.680205 	 -0.000118 
 0.684829 	 -0.000147 
 0.689571 	 -0.000184 
 0.694433 	 -0.000229 
 0.699418 	 -0.000283 
 0.704529 	 -0.000350 
 0.709769 	 -0.000431 
 0.715142 	 -0.000528 
 0.720651 	 -0.000645 
 0.726300 	 -0.000785 
 0.732092 	 -0.000951 
 0.738030 	 -0.001147 
 0.744118 	 -0.001378 
 0.750361 	 -0.001650 
 0.756762 	 -0.001966 
 0.763324 	 -0.002333 
 0.770053 	 -0.002757 
 0.776952 	 -0.003244 
 0.784026 	 -0.003801 
 0.791279 	 -0.004434 
 0.798715 	 -0.005151 
 0.806340 	 -0.005958 
 0.814158 	 -0.006862 
 0.822174 	 -0.007870 
 0.830392 	 -0.008988 
 0.838819 	 -0.010221 
 0.847459 	 -0.011576 
 0.856318 	 -0.013057 
 0.865401 	 -0.014667 
 0.874714 	 -0.016409 
 0.884262 	 -0.018286 
 0.894053 	 -0.020298 
 0.904091 	 -0.022445 
 0.914383 	 -0.024726 
 0.924936 	 -0.027138 
 0.935756 	 -0.029677 
 0.946850 	 -0.032339 
 0.958225 	 -0.035117 
 0.969888 	 -0.038005 
 0.981846 	 -0.040994 
 0.994107 	 -0.044076 
 1.006678 	 -0.047242 
 1.019567 	 -0.050480 
 1.032783 	 -0.053781 
 1.046333 	 -0.057134 
 1.060226 	 -0.060527 
 1.074471 	 -0.063948 
 1.089077 	 -0.067388 
 1.104052 	 -0.070833 
 1.119406 	 -0.074274 
 1.135149 	 -0.077700 
 1.151291 	 -0.081101 
 1.167841 	 -0.084467 
 1.184811 	 -0.087789 
 1.202209 	 -0.091059 
 1.220049 	 -0.094269 
 1.238339 	 -0.097411 
 1.257093 	 -0.100480 
 1.276322 	 -0.103471 
 1.296037 	 -0.106377 
 1.316252 	 -0.109195 
 1.336978 	 -0.111921 
 1.358229 	 -0.114553 
 1.380018 	 -0.117088 
 1.402359 	 -0.119524 
 1.425265 	 -0.121861 
 1.448751 	 -0.124098 
 1.472831 	 -0.126234 
 1.497521 	 -0.128269 
 1.522836 	 -0.130205 
 1.548792 	 -0.132042 
 1.575405 	 -0.133781 
 1.602692 	 -0.135425 
 1.630670 	 -0.136973 
 1.659355 	 -0.138429 
 1.688767 	 -0.139793 
 1.718924 	 -0.141069 
 1.749844 	 -0.142258 
 1.781547 	 -0.143361 
 1.814052 	 -0.144382 
 1.847380 	 -0.145322 
 1.881552 	 -0.146183 
 1.916589 	 -0.146967 
 1.952513 	 -0.147677 
 1.989346 	 -0.148313 
 2.027112 	 -0.148877 
 2.065833 	 -0.149371 
 2.105535 	 -0.149796 
 2.146243 	 -0.150154 
 2.187980 	 -0.150445 
 2.230774 	 -0.150670 
 2.274652 	 -0.150831 
 2.319640 	 -0.150928 
 2.365767 	 -0.150960 
 2.413062 	 -0.150929 
 2.461554 	 -0.150834 
 2.511274 	 -0.150676 
 2.562252 	 -0.150453 
 2.614521 	 -0.150165 
 2.668113 	 -0.149812 
 2.723062 	 -0.149393 
 2.779402 	 -0.148906 
 2.837168 	 -0.148349 
 2.896397 	 -0.147723 
 2.957124 	 -0.147024 
 3.019390 	 -0.146250 
 3.083231 	 -0.145400 
 3.148688 	 -0.144471 
 3.215803 	 -0.143461 
 3.284617 	 -0.142367 
 3.355172 	 -0.141185 
 3.427514 	 -0.139913 
 3.501687 	 -0.138547 
 3.577738 	 -0.137083 
 3.655714 	 -0.135518 
 3.735664 	 -0.133848 
 3.817638 	 -0.132069 
 3.901687 	 -0.130176 
 3.987864 	 -0.128165 
 4.076223 	 -0.126030 
 4.166818 	 -0.123768 
 4.259707 	 -0.121373 
 4.354947 	 -0.118840 
 4.452598 	 -0.116164 
 4.552721 	 -0.113339 
 4.655379 	 -0.110361 
 4.760636 	 -0.107223 
 4.868557 	 -0.103920 
 4.979210 	 -0.100447 
 5.092665 	 -0.096798 
 5.208991 	 -0.092967 
 5.328263 	 -0.088951 
 5.450554 	 -0.084743 
 5.575940 	 -0.080338 
 5.704501 	 -0.075733 
 5.836316 	 -0.070922 
 5.971469 	 -0.065903 
 6.110042 	 -0.060672 
 6.252124 	 -0.055227 
 6.397802 	 -0.049565 
 6.547169 	 -0.043686 
 6.700316 	 -0.037590 
 6.857341 	 -0.031278 
 7.018340 	 -0.024751 
 7.183416 	 -0.018015 
 7.352670 	 -0.011073 
 7.526209 	 -0.003934 
 7.704141 	 0.003395 
 7.886577 	 0.010902 
 8.073632 	 0.018573 
 8.265422 	 0.026393 
 8.462068 	 0.034343 
 8.663691 	 0.042401 
 8.870419 	 0.050542 
 9.082380 	 0.058738 
 9.299706 	 0.066957 
 9.522535 	 0.075163 
 9.751004 	 0.083315 
 9.985257 	 0.091370 
 10.225440 	 0.099277 
 10.471704 	 0.106984 
 10.724201 	 0.114431 
 10.983091 	 0.121557 
 11.248534 	 0.128293 
 11.520698 	 0.134567 
 11.799751 	 0.140302 
 12.085868 	 0.145419 
 12.379228 	 0.149831 
 12.680015 	 0.153454 
 12.988417 	 0.156196 
 13.304625 	 0.157969 
 13.628838 	 0.158681 
 13.961259 	 0.158244 
 14.302095 	 0.156573 
 14.651560 	 0.153587 
 15.009871 	 0.149213 
 15.377253 	 0.143388 
 15.753935 	 0.136062 
 16.140153 	 0.127199 
 16.536148 	 0.116785 
 16.942168 	 0.104826 
 17.358466 	 0.091355 
 17.785303 	 0.076435 
 18.222945 	 0.060164 
 18.671667 	 0.042674 
 19.131747 	 0.024140 
 19.603475 	 0.004780 
 20.087144 	 -0.015145 
 20.583058 	 -0.035326 
 21.091526 	 -0.055410 
 21.612866 	 -0.075001 
 22.147403 	 -0.093661 
 22.695473 	 -0.110922 
 23.257416 	 -0.126289 
 23.833586 	 -0.139254 
 24.424341 	 -0.149314 
 25.030051 	 -0.155983 
 25.651095 	 -0.158817 
 26.287861 	 -0.157437 
 26.940747 	 -0.151557 
 27.610160 	 -0.141008 
 28.296520 	 -0.125771 
 29.000255 	 -0.106004 
 29.721805 	 -0.082063 
 30.461621 	 -0.054528 
 31.220166 	 -0.024208 
 31.997914 	 0.007855 
 32.795350 	 0.040397 
 33.612973 	 0.071965 
 34.451295 	 0.100967 
 35.310839 	 0.125739 
 36.192142 	 0.144639 
 37.095756 	 0.156158 
 38.022244 	 0.159049 
 38.972187 	 0.152461 
 39.946178 	 0.136083 
 40.944826 	 0.110258 
 41.968754 	 0.076087 
 43.018603 	 0.035470 
 44.095030 	 -0.008910 
 45.198706 	 -0.053691 
 46.330322 	 -0.095031 
 47.490584 	 -0.128904 
 48.680220 	 -0.151494 
 49.899970 	 -0.159657 
 51.150599 	 -0.151410 
 52.432888 	 -0.126386 
 53.747638 	 -0.086191 
 55.095671 	 -0.034555 
 56.477830 	 0.022781 
 57.894978 	 0.078523 
 59.348002 	 0.124645 
 60.837809 	 0.153524 
 62.365330 	 0.159296 
 63.931522 	 0.139211 
 65.537361 	 0.094729 
 67.183852 	 0.032032 
 68.872025 	 -0.038327 
 70.602934 	 -0.102826 
 72.377661 	 -0.147406 
 74.197315 	 -0.160634 
 76.063034 	 -0.136988 
 77.975984 	 -0.079384 
 79.937361 	 0.000000 
