 0.500000 	 0.000000 
 0.500063 	 -0.000000 
 0.500127 	 -0.000000 
 0.500193 	 -0.000000 
 0.500261 	 -0.000000 
 0.500330 	 -0.000000 
 0.500401 	 -0.000000 
 0.500474 	 -0.000000 
 0.500549 	 -0.000000 
 0.500625 	 -0.000000 
 0.500704 	 -0.000000 
 0.500785 	 -0.000000 
 0.500867 	 -0.000000 
 0.500952 	 -0.000000 
 0.501039 	 -0.000000 
 0.501128 	 -0.000000 
 0.501219 	 -0.000000 
 0.501313 	 -0.000000 
 0.501409 	 -0.000000 
 0.501507 	 -0.000000 
 0.501608 	 -0.000000 
 0.501711 	 -0.000000 
 0.501818 	 -0.000000 
 0.501926 	 -0.000000 
 0.502038 	 -0.000000 
 0.502152 	 -0.000000 
 0.502269 	 -0.000000 
 0.502390 	 -0.000000 
 0.502513 	 -0.000000 
 0.502639 	 -0.000000 
 0.502769 	 -0.000000 
 0.502902 	 -0.000000 
 0.503038 	 -0.000000 
 0.503177 	 -0.000000 
 0.503321 	 -0.000000 
 0.503467 	 -0.000000 
 0.503618 	 -0.000000 
 0.503772 	 -0.000000 
 0.503931 	 -0.000000 
 0.504093 	 -0.000000 
 0.504259 	 -0.000000 
 0.504430 	 -0.000000 
 0.504605 	 -0.000000 
 0.504784 	 -0.000000 
 0.504968 	 -0.000000 
 0.505156 	 -0.000000 
 0.505350 	 -0.000000 
 0.505548 	 -0.000000 
 0.505751 	 -0.000000 
 0.505959 	 -0.000000 
 0.506173 	 -0.000000 
 0.506392 	 -0.000000 
 0.506617 	 -0.000000 
 0.506847 	 -0.000000 
 0.507083 	 -0.000000 
 0.507325 	 -0.000000 
 0.507573 	 -0.000000 
 0.507828 	 -0.000000 
 0.508088 	 -0.000000 
 0.508356 	 -0.000000 
 0.508630 	 -0.000000 
 0.508911 	 -0.000000 
 0.509200 	 -0.000000 
 0.509495 	 -0.000000 
 0.509799 	 -0.000000 
 0.510109 	 -0.000000 
 0.510428 	 -0.000000 
 0.510755 	 -0.000000 
 0.511090 	 -0.000000 
 0.511433 	 -0.000000 
 0.511785 	 -0.000000 
 0.512147 	 -0.000000 
 0.512517 	 -0.000000 
 0.512896 	 -0.000000 
 0.513286 	 -0.000000 
 0.513685 	 -0.000000 
 0.514094 	 -0.000000 
 0.514513 	 -0.000000 
 0.514944 	 -0.000000 
 0.515385 	 -0.000000 
 0.515837 	 -0.000000 
 0.516301 	 -0.000000 
 0.516776 	 -0.000000 
 0.517263 	 -0.000000 
 0.517763 	 -0.000000 
 0.518276 	 -0.000000 
 0.518801 	 -0.000000 
 0.519340 	 -0.000000 
 0.519892 	 -0.000000 
 0.520458 	 -0.000000 
 0.521039 	 -0.000000 
 0.521634 	 -0.000000 
 0.522245 	 -0.000000 
 0.522871 	 -0.000000 
 0.523512 	 -0.000000 
 0.524170 	 -0.000000 
 0.524845 	 -0.000000 
 0.525537 	 -0.000000 
 0.526246 	 -0.000000 
 0.526973 	 -0.000000 
 0.527719 	 -0.000000 
 0.528483 	 -0.000000 
 0.529267 	 -0.000000 
 0.530071 	 -0.000000 
 0.530895 	 -0.000000 
 0.531739 	 -0.000000 
 0.532606 	 -0.000000 
 0.533494 	 -0.000000 
 0.534404 	 -0.000000 
 0.535338 	 -0.000000 
 0.536295 	 -0.000000 
 0.537277 	 -0.000000 
 0.538283 	 -0.000000 
 0.539315 	 -0.000000 
 0.540373 	 -0.000000 
 0.541458 	 -0.000000 
 0.542570 	 -0.000000 
 0.543711 	 -0.000000 
 0.544880 	 -0.000000 
 0.546079 	 -0.000000 
 0.547308 	 -0.000000 
 0.548569 	 -0.000000 
 0.549861 	 -0.000000 
 0.551186 	 -0.000000 
 0.552544 	 -0.000000 
 0.553937 	 -0.000000 
 0.555366 	 -0.000000 
 0.556830 	 -0.000000 
 0.558331 	 -0.000000 
 0.559871 	 -0.000000 
 0.561449 	 -0.000000 
 0.563067 	 -0.000000 
 0.564727 	 -0.000000 
 0.566428 	 -0.000000 
 0.568172 	 -0.000000 
 0.569961 	 -0.000000 
 0.571795 	 -0.000000 
 0.573675 	 -0.000000 
 0.575603 	 -0.000000 
 0.577580 	 -0.000000 
 0.579606 	 -0.000000 
 0.581684 	 -0.000000 
 0.583815 	 -0.000000 
 0.585999 	 -0.000000 
 0.588239 	 -0.000000 
 0.590536 	 -0.000000 
 0.592890 	 -0.000000 
 0.595305 	 -0.000000 
 0.597780 	 -0.000000 
 0.600318 	 -0.000000 
 0.602920 	 -0.000000 
 0.605589 	 -0.000001 
 0.608324 	 -0.000001 
 0.611129 	 -0.000001 
 0.614005 	 -0.000001 
 0.616954 	 -0.000002 
 0.619978 	 -0.000002 
 0.623078 	 -0.000003 
 0.626256 	 -0.000004 
 0.629515 	 -0.000005 
 0.632857 	 -0.000006 
 0.636283 	 -0.000008 
 0.639795 	 -0.000011 
 0.643397 	 -0.000014 
 0.647090 	 -0.000018 
 0.650876 	 -0.000023 
 0.654758 	 -0.000029 
 0.658739 	 -0.000037 
 0.662820 	 -0.000047 
 0.667005 	 -0.000059 
 0.671295 	 -0.000075 
 0.675694 	 -0.000095 
 0.680205 	 -0.000119 
 0.684829 	 -0.000149 
 0.689571 	 -0.000186 
 0.694433 	 -0.000231 
 0.699418 	 -0.000286 
 0.704529 	 -0.000354 
 0.709769 	 -0.000435 
 0.715142 	 -0.000534 
 0.720651 	 -0.000652 
 0.726300 	 -0.000793 
 0.732092 	 -0.000960 
 0.738030 	 -0.001159 
 0.744118 	 -0.001392 
 0.750361 	 -0.001666 
 0.756762 	 -0.001986 
 0.763324 	 -0.002356 
 0.770053 	 -0.002785 
 0.776952 	 -0.003276 
 0.784026 	 -0.003839 
 0.791279 	 -0.004479 
 0.798715 	 -0.005202 
 0.806340 	 -0.006018 
 0.814158 	 -0.006931 
 0.822174 	 -0.007949 
 0.830392 	 -0.009078 
 0.838819 	 -0.010324 
 0.847459 	 -0.011692 
 0.856318 	 -0.013187 
 0.865401 	 -0.014813 
 0.874714 	 -0.016573 
 0.884262 	 -0.018468 
 0.894053 	 -0.020500 
 0.904091 	 -0.022668 
 0.914383 	 -0.024971 
 0.924936 	 -0.027406 
 0.935756 	 -0.029969 
 0.946850 	 -0.032656 
 0.958225 	 -0.035461 
 0.969888 	 -0.038376 
 0.981846 	 -0.041393 
 0.994107 	 -0.044503 
 1.006678 	 -0.047698 
 1.019567 	 -0.050965 
 1.032783 	 -0.054296 
 1.046333 	 -0.057677 
 1.060226 	 -0.061099 
 1.074471 	 -0.064550 
 1.089077 	 -0.068017 
 1.104052 	 -0.071490 
 1.119406 	 -0.074957 
 1.135149 	 -0.078409 
 1.151291 	 -0.081834 
 1.167841 	 -0.085222 
 1.184811 	 -0.088565 
 1.202209 	 -0.091853 
 1.220049 	 -0.095079 
 1.238339 	 -0.098236 
 1.257093 	 -0.101317 
 1.276322 	 -0.104317 
 1.296037 	 -0.107229 
 1.316252 	 -0.110050 
 1.336978 	 -0.112776 
 1.358229 	 -0.115403 
 1.380018 	 -0.117930 
 1.402359 	 -0.120354 
 1.425265 	 -0.122675 
 1.448751 	 -0.124890 
 1.472831 	 -0.127000 
 1.497521 	 -0.129004 
 1.522836 	 -0.130903 
 1.548792 	 -0.132698 
 1.575405 	 -0.134388 
 1.602692 	 -0.135976 
 1.630670 	 -0.137463 
 1.659355 	 -0.138849 
 1.688767 	 -0.140136 
 1.718924 	 -0.141327 
 1.749844 	 -0.142421 
 1.781547 	 -0.143422 
 1.814052 	 -0.144330 
 1.847380 	 -0.145146 
 1.881552 	 -0.145874 
 1.916589 	 -0.146512 
 1.952513 	 -0.147064 
 1.989346 	 -0.147529 
 2.027112 	 -0.147909 
 2.065833 	 -0.148204 
 2.105535 	 -0.148416 
 2.146243 	 -0.148543 
 2.187980 	 -0.148587 
 2.230774 	 -0.148548 
 2.274652 	 -0.148424 
 2.319640 	 -0.148217 
 2.365767 	 -0.147924 
 2.413062 	 -0.147545 
 2.461554 	 -0.147079 
 2.511274 	 -0.146525 
 2.562252 	 -0.145880 
 2.614521 	 -0.145143 
 2.668113 	 -0.144311 
 2.723062 	 -0.143383 
 2.779402 	 -0.142356 
 2.837168 	 -0.141226 
 2.896397 	 -0.139991 
 2.957124 	 -0.138647 
 3.019390 	 -0.137191 
 3.083231 	 -0.135618 
 3.148688 	 -0.133925 
 3.215803 	 -0.132108 
 3.284617 	 -0.130161 
 3.355172 	 -0.128081 
 3.427514 	 -0.125861 
 3.501687 	 -0.123498 
 3.577738 	 -0.120986 
 3.655714 	 -0.118320 
 3.735664 	 -0.115493 
 3.817638 	 -0.112501 
 3.901687 	 -0.109338 
 3.987864 	 -0.105998 
 4.076223 	 -0.102475 
 4.166818 	 -0.098764 
 4.259707 	 -0.094859 
 4.354947 	 -0.090755 
 4.452598 	 -0.086446 
 4.552721 	 -0.081928 
 4.655379 	 -0.077195 
 4.760636 	 -0.072245 
 4.868557 	 -0.067072 
 4.979210 	 -0.061674 
 5.092665 	 -0.056049 
 5.208991 	 -0.050195 
 5.328263 	 -0.044110 
 5.450554 	 -0.037797 
 5.575940 	 -0.031256 
 5.704501 	 -0.024491 
 5.836316 	 -0.017506 
 5.971469 	 -0.010308 
 6.110042 	 -0.002906 
 6.252124 	 0.004691 
 6.397802 	 0.012469 
 6.547169 	 0.020412 
 6.700316 	 0.028502 
 6.857341 	 0.036717 
 7.018340 	 0.045032 
 7.183416 	 0.053419 
 7.352670 	 0.061845 
 7.526209 	 0.070273 
 7.704141 	 0.078663 
 7.886577 	 0.086970 
 8.073632 	 0.095142 
 8.265422 	 0.103125 
 8.462068 	 0.110859 
 8.663691 	 0.118280 
 8.870419 	 0.125316 
 9.082380 	 0.131894 
 9.299706 	 0.137934 
 9.522535 	 0.143353 
 9.751004 	 0.148063 
 9.985257 	 0.151973 
 10.225440 	 0.154991 
 10.471704 	 0.157023 
 10.724201 	 0.157974 
 10.983091 	 0.157752 
 11.248534 	 0.156269 
 11.520698 	 0.153439 
 11.799751 	 0.149186 
 12.085868 	 0.143446 
 12.379228 	 0.136164 
 12.680015 	 0.127306 
 12.988417 	 0.116855 
 13.304625 	 0.104818 
 13.628838 	 0.091231 
 13.961259 	 0.076160 
 14.302095 	 0.059708 
 14.651560 	 0.042015 
 15.009871 	 0.023264 
 15.377253 	 0.003684 
 15.753935 	 -0.016451 
 16.140153 	 -0.036819 
 16.536148 	 -0.057049 
 16.942168 	 -0.076729 
 17.358466 	 -0.095403 
 17.785303 	 -0.112585 
 18.222945 	 -0.127765 
 18.671667 	 -0.140421 
 19.131747 	 -0.150038 
 19.603475 	 -0.156124 
 20.087144 	 -0.158235 
 20.583058 	 -0.156001 
 21.091526 	 -0.149151 
 21.612866 	 -0.137546 
 22.147403 	 -0.121204 
 22.695473 	 -0.100334 
 23.257416 	 -0.075353 
 23.833586 	 -0.046912 
 24.424341 	 -0.015901 
 25.030051 	 0.016555 
 25.651095 	 0.049110 
 26.287861 	 0.080239 
 26.940747 	 0.108290 
 27.610160 	 0.131565 
 28.296520 	 0.148424 
 29.000255 	 0.157401 
 29.721805 	 0.157341 
 30.461621 	 0.147546 
 31.220166 	 0.127907 
 31.997914 	 0.099024 
 32.795350 	 0.062292 
 33.612973 	 0.019924 
 34.451295 	 -0.025100 
 35.310839 	 -0.069168 
 36.192142 	 -0.108278 
 37.095756 	 -0.138385 
 38.022244 	 -0.155827 
 38.972187 	 -0.157815 
 39.946178 	 -0.142931 
 40.944826 	 -0.111557 
 41.968754 	 -0.066168 
 43.018603 	 -0.011387 
 44.095030 	 0.046273 
 45.198706 	 0.099021 
 46.330322 	 0.138771 
 47.490584 	 0.158411 
 48.680220 	 0.153206 
 49.899970 	 0.122105 
 51.150599 	 0.068628 
 52.432888 	 0.001042 
 53.747638 	 -0.068458 
 55.095671 	 -0.125656 
 56.477830 	 -0.157168 
 57.894978 	 -0.153798 
 59.348002 	 -0.113640 
 60.837809 	 -0.043954 
 62.365330 	 0.039089 
 63.931522 	 0.113396 
 65.537361 	 0.156530 
 67.183852 	 0.152790 
 68.872025 	 0.099735 
 70.602934 	 0.011560 
 72.377661 	 -0.082963 
 74.197315 	 -0.148827 
 76.063034 	 -0.157800 
 77.975984 	 -0.101728 
 79.937361 	 0.000000 
