 0.500000 	 0.000000 
 0.500063 	 0.000000 
 0.500127 	 0.000000 
 0.500193 	 0.000000 
 0.500261 	 0.000000 
 0.500330 	 0.000000 
 0.500401 	 0.000000 
 0.500474 	 0.000000 
 0.500549 	 0.000000 
 0.500625 	 0.000000 
 0.500704 	 0.000000 
 0.500785 	 0.000000 
 0.500867 	 0.000000 
 0.500952 	 0.000000 
 0.501039 	 0.000000 
 0.501128 	 0.000000 
 0.501219 	 0.000000 
 0.501313 	 0.000000 
 0.501409 	 0.000000 
 0.501507 	 0.000000 
 0.501608 	 0.000000 
 0.501711 	 0.000000 
 0.501818 	 0.000000 
 0.501926 	 0.000000 
 0.502038 	 0.000000 
 0.502152 	 0.000000 
 0.502269 	 0.000000 
 0.502390 	 0.000000 
 0.502513 	 0.000000 
 0.502639 	 0.000000 
 0.502769 	 0.000000 
 0.502902 	 0.000000 
 0.503038 	 0.000000 
 0.503177 	 0.000000 
 0.503321 	 0.000000 
 0.503467 	 0.000000 
 0.503618 	 0.000000 
 0.503772 	 0.000000 
 0.503931 	 0.000000 
 0.504093 	 0.000000 
 0.504259 	 0.000000 
 0.504430 	 0.000000 
 0.504605 	 0.000000 
 0.504784 	 0.000000 
 0.504968 	 0.000000 
 0.505156 	 0.000000 
 0.505350 	 0.000000 
 0.505548 	 0.000000 
 0.505751 	 0.000000 
 0.505959 	 0.000000 
 0.506173 	 0.000000 
 0.506392 	 0.000000 
 0.506617 	 0.000000 
 0.506847 	 0.000000 
 0.507083 	 0.000000 
 0.507325 	 0.000000 
 0.507573 	 0.000000 
 0.507828 	 0.000000 
 0.508088 	 0.000000 
 0.508356 	 0.000000 
 0.508630 	 0.000000 
 0.508911 	 0.000000 
 0.509200 	 0.000000 
 0.509495 	 0.000000 
 0.509799 	 0.000000 
 0.510109 	 0.000000 
 0.510428 	 0.000000 
 0.510755 	 0.000000 
 0.511090 	 0.000000 
 0.511433 	 0.000000 
 0.511785 	 0.000000 
 0.512147 	 0.000000 
 0.512517 	 0.000000 
 0.512896 	 0.000000 
 0.513286 	 0.000000 
 0.513685 	 0.000000 
 0.514094 	 0.000000 
 0.514513 	 0.000000 
 0.514944 	 0.000000 
 0.515385 	 0.000000 
 0.515837 	 0.000000 
 0.516301 	 0.000000 
 0.516776 	 0.000000 
 0.517263 	 0.000000 
 0.517763 	 0.000000 
 0.518276 	 0.000000 
 0.518801 	 0.000000 
 0.519340 	 0.000000 
 0.519892 	 0.000000 
 0.520458 	 0.000000 
 0.521039 	 0.000000 
 0.521634 	 0.000000 
 0.522245 	 0.000000 
 0.522871 	 0.000000 
 0.523512 	 0.000000 
 0.524170 	 0.000000 
 0.524845 	 0.000000 
 0.525537 	 0.000000 
 0.526246 	 0.000000 
 0.526973 	 0.000000 
 0.527719 	 0.000000 
 0.528483 	 0.000000 
 0.529267 	 0.000000 
 0.530071 	 0.000000 
 0.530895 	 0.000000 
 0.531739 	 0.000000 
 0.532606 	 0.000000 
 0.533494 	 0.000000 
 0.534404 	 0.000000 
 0.535338 	 0.000000 
 0.536295 	 0.000000 
 0.537277 	 0.000000 
 0.538283 	 0.000000 
 0.539315 	 0.000000 
 0.540373 	 0.000000 
 0.541458 	 0.000000 
 0.542570 	 0.000000 
 0.543711 	 0.000000 
 0.544880 	 0.000000 
 0.546079 	 0.000000 
 0.547308 	 0.000000 
 0.548569 	 0.000000 
 0.549861 	 0.000000 
 0.551186 	 0.000000 
 0.552544 	 0.000000 
 0.553937 	 0.000000 
 0.555366 	 0.000000 
 0.556830 	 0.000000 
 0.558331 	 0.000000 
 0.559871 	 0.000000 
 0.561449 	 0.000000 
 0.563067 	 0.000000 
 0.564727 	 0.000000 
 0.566428 	 0.000000 
 0.568172 	 0.000000 
 0.569961 	 0.000000 
 0.571795 	 0.000000 
 0.573675 	 0.000000 
 0.575603 	 0.000000 
 0.577580 	 0.000000 
 0.579606 	 0.000000 
 0.581684 	 0.000000 
 0.583815 	 0.000000 
 0.585999 	 0.000000 
 0.588239 	 0.000000 
 0.590536 	 0.000000 
 0.592890 	 0.000000 
 0.595305 	 0.000000 
 0.597780 	 0.000000 
 0.600318 	 0.000000 
 0.602920 	 0.000000 
 0.605589 	 0.000001 
 0.608324 	 0.000001 
 0.611129 	 0.000001 
 0.614005 	 0.000001 
 0.616954 	 0.000002 
 0.619978 	 0.000002 
 0.623078 	 0.000003 
 0.626256 	 0.000003 
 0.629515 	 0.000004 
 0.632857 	 0.000006 
 0.636283 	 0.000007 
 0.639795 	 0.000010 
 0.643397 	 0.000012 
 0.647090 	 0.000016 
 0.650876 	 0.000020 
 0.654758 	 0.000026 
 0.658739 	 0.000033 
 0.662820 	 0.000042 
 0.667005 	 0.000053 
 0.671295 	 0.000067 
 0.675694 	 0.000084 
 0.680205 	 0.000106 
 0.684829 	 0.000132 
 0.689571 	 0.000165 
 0.694433 	 0.000205 
 0.699418 	 0.000255 
 0.704529 	 0.000315 
 0.709769 	 0.000387 
 0.715142 	 0.000474 
 0.720651 	 0.000579 
 0.726300 	 0.000705 
 0.732092 	 0.000854 
 0.738030 	 0.001030 
 0.744118 	 0.001238 
 0.750361 	 0.001482 
 0.756762 	 0.001766 
 0.763324 	 0.002096 
 0.770053 	 0.002476 
 0.776952 	 0.002914 
 0.784026 	 0.003414 
 0.791279 	 0.003983 
 0.798715 	 0.004627 
 0.806340 	 0.005352 
 0.814158 	 0.006164 
 0.822174 	 0.007070 
 0.830392 	 0.008074 
 0.838819 	 0.009183 
 0.847459 	 0.010400 
 0.856318 	 0.011731 
 0.865401 	 0.013178 
 0.874714 	 0.014743 
 0.884262 	 0.016430 
 0.894053 	 0.018238 
 0.904091 	 0.020168 
 0.914383 	 0.022218 
 0.924936 	 0.024386 
 0.935756 	 0.026669 
 0.946850 	 0.029062 
 0.958225 	 0.031560 
 0.969888 	 0.034156 
 0.981846 	 0.036845 
 0.994107 	 0.039617 
 1.006678 	 0.042464 
 1.019567 	 0.045378 
 1.032783 	 0.048348 
 1.046333 	 0.051366 
 1.060226 	 0.054420 
 1.074471 	 0.057501 
 1.089077 	 0.060599 
 1.104052 	 0.063704 
 1.119406 	 0.066806 
 1.135149 	 0.069895 
 1.151291 	 0.072963 
 1.167841 	 0.076001 
 1.184811 	 0.079002 
 1.202209 	 0.081957 
 1.220049 	 0.084860 
 1.238339 	 0.087706 
 1.257093 	 0.090487 
 1.276322 	 0.093200 
 1.296037 	 0.095840 
 1.316252 	 0.098404 
 1.336978 	 0.100889 
 1.358229 	 0.103292 
 1.380018 	 0.105611 
 1.402359 	 0.107847 
 1.425265 	 0.109997 
 1.448751 	 0.112061 
 1.472831 	 0.114040 
 1.497521 	 0.115934 
 1.522836 	 0.117745 
 1.548792 	 0.119473 
 1.575405 	 0.121120 
 1.602692 	 0.122687 
 1.630670 	 0.124177 
 1.659355 	 0.125592 
 1.688767 	 0.126933 
 1.718924 	 0.128204 
 1.749844 	 0.129407 
 1.781547 	 0.130545 
 1.814052 	 0.131619 
 1.847380 	 0.132633 
 1.881552 	 0.133589 
 1.916589 	 0.134490 
 1.952513 	 0.135339 
 1.989346 	 0.136137 
 2.027112 	 0.136888 
 2.065833 	 0.137594 
 2.105535 	 0.138257 
 2.146243 	 0.138879 
 2.187980 	 0.139464 
 2.230774 	 0.140012 
 2.274652 	 0.140527 
 2.319640 	 0.141010 
 2.365767 	 0.141463 
 2.413062 	 0.141888 
 2.461554 	 0.142286 
 2.511274 	 0.142660 
 2.562252 	 0.143011 
 2.614521 	 0.143340 
 2.668113 	 0.143649 
 2.723062 	 0.143939 
 2.779402 	 0.144212 
 2.837168 	 0.144469 
 2.896397 	 0.144711 
 2.957124 	 0.144939 
 3.019390 	 0.145154 
 3.083231 	 0.145357 
 3.148688 	 0.145548 
 3.215803 	 0.145730 
 3.284617 	 0.145902 
 3.355172 	 0.146065 
 3.427514 	 0.146221 
 3.501687 	 0.146368 
 3.577738 	 0.146510 
 3.655714 	 0.146645 
 3.735664 	 0.146774 
 3.817638 	 0.146898 
 3.901687 	 0.147017 
 3.987864 	 0.147132 
 4.076223 	 0.147243 
 4.166818 	 0.147350 
 4.259707 	 0.147454 
 4.354947 	 0.147556 
 4.452598 	 0.147654 
 4.552721 	 0.147750 
 4.655379 	 0.147843 
 4.760636 	 0.147935 
 4.868557 	 0.148025 
 4.979210 	 0.148113 
 5.092665 	 0.148200 
 5.208991 	 0.148285 
 5.328263 	 0.148369 
 5.450554 	 0.148451 
 5.575940 	 0.148533 
 5.704501 	 0.148614 
 5.836316 	 0.148693 
 5.971469 	 0.148772 
 6.110042 	 0.148850 
 6.252124 	 0.148927 
 6.397802 	 0.149003 
 6.547169 	 0.149078 
 6.700316 	 0.149152 
 6.857341 	 0.149225 
 7.018340 	 0.149298 
 7.183416 	 0.149369 
 7.352670 	 0.149439 
 7.526209 	 0.149507 
 7.704141 	 0.149575 
 7.886577 	 0.149641 
 8.073632 	 0.149705 
 8.265422 	 0.149768 
 8.462068 	 0.149829 
 8.663691 	 0.149887 
 8.870419 	 0.149944 
 9.082380 	 0.149998 
 9.299706 	 0.150049 
 9.522535 	 0.150098 
 9.751004 	 0.150143 
 9.985257 	 0.150185 
 10.225440 	 0.150223 
 10.471704 	 0.150257 
 10.724201 	 0.150287 
 10.983091 	 0.150312 
 11.248534 	 0.150332 
 11.520698 	 0.150346 
 11.799751 	 0.150354 
 12.085868 	 0.150356 
 12.379228 	 0.150352 
 12.680015 	 0.150339 
 12.988417 	 0.150319 
 13.304625 	 0.150290 
 13.628838 	 0.150252 
 13.961259 	 0.150204 
 14.302095 	 0.150146 
 14.651560 	 0.150077 
 15.009871 	 0.149995 
 15.377253 	 0.149901 
 15.753935 	 0.149793 
 16.140153 	 0.149670 
 16.536148 	 0.149532 
 16.942168 	 0.149377 
 17.358466 	 0.149205 
 17.785303 	 0.149013 
 18.222945 	 0.148802 
 18.671667 	 0.148570 
 19.131747 	 0.148315 
 19.603475 	 0.148036 
 20.087144 	 0.147731 
 20.583058 	 0.147400 
 21.091526 	 0.147040 
 21.612866 	 0.146650 
 22.147403 	 0.146228 
 22.695473 	 0.145773 
 23.257416 	 0.145281 
 23.833586 	 0.144751 
 24.424341 	 0.144182 
 25.030051 	 0.143569 
 25.651095 	 0.142913 
 26.287861 	 0.142209 
 26.940747 	 0.141455 
 27.610160 	 0.140648 
 28.296520 	 0.139786 
 29.000255 	 0.138866 
 29.721805 	 0.137884 
 30.461621 	 0.136838 
 31.220166 	 0.135724 
 31.997914 	 0.134538 
 32.795350 	 0.133277 
 33.612973 	 0.131937 
 34.451295 	 0.130514 
 35.310839 	 0.129005 
 36.192142 	 0.127404 
 37.095756 	 0.125708 
 38.022244 	 0.123912 
 38.972187 	 0.122011 
 39.946178 	 0.120002 
 40.944826 	 0.117879 
 41.968754 	 0.115636 
 43.018603 	 0.113270 
 44.095030 	 0.110775 
 45.198706 	 0.108146 
 46.330322 	 0.105377 
 47.490584 	 0.102463 
 48.680220 	 0.099399 
 49.899970 	 0.096180 
 51.150599 	 0.092800 
 52.432888 	 0.089254 
 53.747638 	 0.085537 
 55.095671 	 0.081644 
 56.477830 	 0.077571 
 57.894978 	 0.073312 
 59.348002 	 0.068864 
 60.837809 	 0.064223 
 62.365330 	 0.059385 
 63.931522 	 0.054349 
 65.537361 	 0.049111 
 67.183852 	 0.043670 
 68.872025 	 0.038026 
 70.602934 	 0.032179 
 72.377661 	 0.026131 
 74.197315 	 0.019884 
 76.063034 	 0.013443 
 77.975984 	 0.006812 
 79.937361 	 0.000000 
