 0.500000 	 0.000000 
 0.500063 	 -0.000000 
 0.500127 	 -0.000000 
 0.500193 	 -0.000000 
 0.500261 	 -0.000000 
 0.500330 	 -0.000000 
 0.500401 	 -0.000000 
 0.500474 	 -0.000000 
 0.500549 	 -0.000000 
 0.500625 	 -0.000000 
 0.500704 	 -0.000000 
 0.500785 	 -0.000000 
 0.500867 	 -0.000000 
 0.500952 	 -0.000000 
 0.501039 	 -0.000000 
 0.501128 	 -0.000000 
 0.501219 	 -0.000000 
 0.501313 	 -0.000000 
 0.501409 	 -0.000000 
 0.501507 	 -0.000000 
 0.501608 	 -0.000000 
 0.501711 	 -0.000000 
 0.501818 	 -0.000000 
 0.501926 	 -0.000000 
 0.502038 	 -0.000000 
 0.502152 	 -0.000000 
 0.502269 	 -0.000000 
 0.502390 	 -0.000000 
 0.502513 	 -0.000000 
 0.502639 	 -0.000000 
 0.502769 	 -0.000000 
 0.502902 	 -0.000000 
 0.503038 	 -0.000000 
 0.503177 	 -0.000000 
 0.503321 	 -0.000000 
 0.503467 	 -0.000000 
 0.503618 	 -0.000000 
 0.503772 	 -0.000000 
 0.503931 	 -0.000000 
 0.504093 	 -0.000000 
 0.504259 	 -0.000000 
 0.504430 	 -0.000000 
 0.504605 	 -0.000000 
 0.504784 	 -0.000000 
 0.504968 	 -0.000000 
 0.505156 	 -0.000000 
 0.505350 	 -0.000000 
 0.505548 	 -0.000000 
 0.505751 	 -0.000000 
 0.505959 	 -0.000000 
 0.506173 	 -0.000000 
 0.506392 	 -0.000000 
 0.506617 	 -0.000000 
 0.506847 	 -0.000000 
 0.507083 	 -0.000000 
 0.507325 	 -0.000000 
 0.507573 	 -0.000000 
 0.507828 	 -0.000000 
 0.508088 	 -0.000000 
 0.508356 	 -0.000000 
 0.508630 	 -0.000000 
 0.508911 	 -0.000000 
 0.509200 	 -0.000000 
 0.509495 	 -0.000000 
 0.509799 	 -0.000000 
 0.510109 	 -0.000000 
 0.510428 	 -0.000000 
 0.510755 	 -0.000000 
 0.511090 	 -0.000000 
 0.511433 	 -0.000000 
 0.511785 	 -0.000000 
 0.512147 	 -0.000000 
 0.512517 	 -0.000000 
 0.512896 	 -0.000000 
 0.513286 	 -0.000000 
 0.513685 	 -0.000000 
 0.514094 	 -0.000000 
 0.514513 	 -0.000000 
 0.514944 	 -0.000000 
 0.515385 	 -0.000000 
 0.515837 	 -0.000000 
 0.516301 	 -0.000000 
 0.516776 	 -0.000000 
 0.517263 	 -0.000000 
 0.517763 	 -0.000000 
 0.518276 	 -0.000000 
 0.518801 	 -0.000000 
 0.519340 	 -0.000000 
 0.519892 	 -0.000000 
 0.520458 	 -0.000000 
 0.521039 	 -0.000000 
 0.521634 	 -0.000000 
 0.522245 	 -0.000000 
 0.522871 	 -0.000000 
 0.523512 	 -0.000000 
 0.524170 	 -0.000000 
 0.524845 	 -0.000000 
 0.525537 	 -0.000000 
 0.526246 	 -0.000000 
 0.526973 	 -0.000000 
 0.527719 	 -0.000000 
 0.528483 	 -0.000000 
 0.529267 	 -0.000000 
 0.530071 	 -0.000000 
 0.530895 	 -0.000000 
 0.531739 	 -0.000000 
 0.532606 	 -0.000000 
 0.533494 	 -0.000000 
 0.534404 	 -0.000000 
 0.535338 	 -0.000000 
 0.536295 	 -0.000000 
 0.537277 	 -0.000000 
 0.538283 	 -0.000000 
 0.539315 	 -0.000000 
 0.540373 	 -0.000000 
 0.541458 	 -0.000000 
 0.542570 	 -0.000000 
 0.543711 	 -0.000000 
 0.544880 	 -0.000000 
 0.546079 	 -0.000000 
 0.547308 	 -0.000000 
 0.548569 	 -0.000000 
 0.549861 	 -0.000000 
 0.551186 	 -0.000000 
 0.552544 	 -0.000000 
 0.553937 	 -0.000000 
 0.555366 	 -0.000000 
 0.556830 	 -0.000000 
 0.558331 	 -0.000000 
 0.559871 	 -0.000000 
 0.561449 	 -0.000000 
 0.563067 	 -0.000000 
 0.564727 	 -0.000000 
 0.566428 	 -0.000000 
 0.568172 	 -0.000000 
 0.569961 	 -0.000000 
 0.571795 	 -0.000000 
 0.573675 	 -0.000000 
 0.575603 	 -0.000000 
 0.577580 	 -0.000000 
 0.579606 	 -0.000000 
 0.581684 	 -0.000000 
 0.583815 	 -0.000000 
 0.585999 	 -0.000000 
 0.588239 	 -0.000000 
 0.590536 	 -0.000000 
 0.592890 	 -0.000000 
 0.595305 	 -0.000000 
 0.597780 	 -0.000000 
 0.600318 	 -0.000000 
 0.602920 	 -0.000000 
 0.605589 	 -0.000001 
 0.608324 	 -0.000001 
 0.611129 	 -0.000001 
 0.614005 	 -0.000001 
 0.616954 	 -0.000002 
 0.619978 	 -0.000002 
 0.623078 	 -0.000003 
 0.626256 	 -0.000004 
 0.629515 	 -0.000005 
 0.632857 	 -0.000006 
 0.636283 	 -0.000008 
 0.639795 	 -0.000011 
 0.643397 	 -0.000014 
 0.647090 	 -0.000017 
 0.650876 	 -0.000022 
 0.654758 	 -0.000029 
 0.658739 	 -0.000036 
 0.662820 	 -0.000046 
 0.667005 	 -0.000059 
 0.671295 	 -0.000074 
 0.675694 	 -0.000093 
 0.680205 	 -0.000117 
 0.684829 	 -0.000147 
 0.689571 	 -0.000183 
 0.694433 	 -0.000228 
 0.699418 	 -0.000282 
 0.704529 	 -0.000348 
 0.709769 	 -0.000429 
 0.715142 	 -0.000526 
 0.720651 	 -0.000642 
 0.726300 	 -0.000781 
 0.732092 	 -0.000946 
 0.738030 	 -0.001142 
 0.744118 	 -0.001372 
 0.750361 	 -0.001642 
 0.756762 	 -0.001956 
 0.763324 	 -0.002322 
 0.770053 	 -0.002744 
 0.776952 	 -0.003228 
 0.784026 	 -0.003783 
 0.791279 	 -0.004413 
 0.798715 	 -0.005126 
 0.806340 	 -0.005929 
 0.814158 	 -0.006829 
 0.822174 	 -0.007832 
 0.830392 	 -0.008945 
 0.838819 	 -0.010173 
 0.847459 	 -0.011521 
 0.856318 	 -0.012995 
 0.865401 	 -0.014598 
 0.874714 	 -0.016332 
 0.884262 	 -0.018200 
 0.894053 	 -0.020203 
 0.904091 	 -0.022340 
 0.914383 	 -0.024611 
 0.924936 	 -0.027011 
 0.935756 	 -0.029539 
 0.946850 	 -0.032189 
 0.958225 	 -0.034954 
 0.969888 	 -0.037829 
 0.981846 	 -0.040805 
 0.994107 	 -0.043874 
 1.006678 	 -0.047025 
 1.019567 	 -0.050250 
 1.032783 	 -0.053537 
 1.046333 	 -0.056875 
 1.060226 	 -0.060254 
 1.074471 	 -0.063662 
 1.089077 	 -0.067087 
 1.104052 	 -0.070519 
 1.119406 	 -0.073948 
 1.135149 	 -0.077361 
 1.151291 	 -0.080750 
 1.167841 	 -0.084104 
 1.184811 	 -0.087416 
 1.202209 	 -0.090675 
 1.220049 	 -0.093876 
 1.238339 	 -0.097011 
 1.257093 	 -0.100073 
 1.276322 	 -0.103057 
 1.296037 	 -0.105959 
 1.316252 	 -0.108774 
 1.336978 	 -0.111498 
 1.358229 	 -0.114130 
 1.380018 	 -0.116666 
 1.402359 	 -0.119106 
 1.425265 	 -0.121447 
 1.448751 	 -0.123691 
 1.472831 	 -0.125835 
 1.497521 	 -0.127882 
 1.522836 	 -0.129831 
 1.548792 	 -0.131684 
 1.575405 	 -0.133441 
 1.602692 	 -0.135105 
 1.630670 	 -0.136677 
 1.659355 	 -0.138160 
 1.688767 	 -0.139554 
 1.718924 	 -0.140863 
 1.749844 	 -0.142088 
 1.781547 	 -0.143232 
 1.814052 	 -0.144298 
 1.847380 	 -0.145286 
 1.881552 	 -0.146200 
 1.916589 	 -0.147042 
 1.952513 	 -0.147814 
 1.989346 	 -0.148518 
 2.027112 	 -0.149156 
 2.065833 	 -0.149729 
 2.105535 	 -0.150240 
 2.146243 	 -0.150690 
 2.187980 	 -0.151080 
 2.230774 	 -0.151413 
 2.274652 	 -0.151688 
 2.319640 	 -0.151907 
 2.365767 	 -0.152071 
 2.413062 	 -0.152181 
 2.461554 	 -0.152237 
 2.511274 	 -0.152239 
 2.562252 	 -0.152188 
 2.614521 	 -0.152083 
 2.668113 	 -0.151925 
 2.723062 	 -0.151714 
 2.779402 	 -0.151448 
 2.837168 	 -0.151127 
 2.896397 	 -0.150750 
 2.957124 	 -0.150317 
 3.019390 	 -0.149826 
 3.083231 	 -0.149275 
 3.148688 	 -0.148664 
 3.215803 	 -0.147990 
 3.284617 	 -0.147252 
 3.355172 	 -0.146447 
 3.427514 	 -0.145573 
 3.501687 	 -0.144629 
 3.577738 	 -0.143610 
 3.655714 	 -0.142514 
 3.735664 	 -0.141339 
 3.817638 	 -0.140082 
 3.901687 	 -0.138738 
 3.987864 	 -0.137304 
 4.076223 	 -0.135777 
 4.166818 	 -0.134152 
 4.259707 	 -0.132427 
 4.354947 	 -0.130596 
 4.452598 	 -0.128654 
 4.552721 	 -0.126599 
 4.655379 	 -0.124424 
 4.760636 	 -0.122126 
 4.868557 	 -0.119699 
 4.979210 	 -0.117137 
 5.092665 	 -0.114437 
 5.208991 	 -0.111592 
 5.328263 	 -0.108598 
 5.450554 	 -0.105449 
 5.575940 	 -0.102139 
 5.704501 	 -0.098663 
 5.836316 	 -0.095017 
 5.971469 	 -0.091194 
 6.110042 	 -0.087190 
 6.252124 	 -0.083000 
 6.397802 	 -0.078619 
 6.547169 	 -0.074043 
 6.700316 	 -0.069267 
 6.857341 	 -0.064288 
 7.018340 	 -0.059103 
 7.183416 	 -0.053710 
 7.352670 	 -0.048106 
 7.526209 	 -0.042291 
 7.704141 	 -0.036265 
 7.886577 	 -0.030028 
 8.073632 	 -0.023583 
 8.265422 	 -0.016934 
 8.462068 	 -0.010084 
 8.663691 	 -0.003042 
 8.870419 	 0.004185 
 9.082380 	 0.011586 
 9.299706 	 0.019148 
 9.522535 	 0.026856 
 9.751004 	 0.034692 
 9.985257 	 0.042635 
 10.225440 	 0.050662 
 10.471704 	 0.058745 
 10.724201 	 0.066853 
 10.983091 	 0.074953 
 11.248534 	 0.083005 
 11.520698 	 0.090967 
 11.799751 	 0.098792 
 12.085868 	 0.106428 
 12.379228 	 0.113820 
 12.680015 	 0.120906 
 12.988417 	 0.127623 
 13.304625 	 0.133899 
 13.628838 	 0.139661 
 13.961259 	 0.144831 
 14.302095 	 0.149328 
 14.651560 	 0.153067 
 15.009871 	 0.155962 
 15.377253 	 0.157923 
 15.753935 	 0.158863 
 16.140153 	 0.158693 
 16.536148 	 0.157330 
 16.942168 	 0.154693 
 17.358466 	 0.150708 
 17.785303 	 0.145309 
 18.222945 	 0.138442 
 18.671667 	 0.130070 
 19.131747 	 0.120170 
 19.603475 	 0.108740 
 20.087144 	 0.095806 
 20.583058 	 0.081418 
 21.091526 	 0.065659 
 21.612866 	 0.048648 
 22.147403 	 0.030543 
 22.695473 	 0.011540 
 23.257416 	 -0.008117 
 23.833586 	 -0.028144 
 24.424341 	 -0.048208 
 25.030051 	 -0.067935 
 25.651095 	 -0.086908 
 26.287861 	 -0.104678 
 26.940747 	 -0.120764 
 27.610160 	 -0.134671 
 28.296520 	 -0.145898 
 29.000255 	 -0.153955 
 29.721805 	 -0.158385 
 30.461621 	 -0.158783 
 31.220166 	 -0.154824 
 31.997914 	 -0.146289 
 32.795350 	 -0.133091 
 33.612973 	 -0.115307 
 34.451295 	 -0.093198 
 35.310839 	 -0.067239 
 36.192142 	 -0.038127 
 37.095756 	 -0.006789 
 38.022244 	 0.025620 
 38.972187 	 0.057745 
 39.946178 	 0.088065 
 40.944826 	 0.114954 
 41.968754 	 0.136764 
 43.018603 	 0.151920 
 44.095030 	 0.159046 
 45.198706 	 0.157093 
 46.330322 	 0.145475 
 47.490584 	 0.124202 
 48.680220 	 0.093989 
 49.899970 	 0.056327 
 51.150599 	 0.013501 
 52.432888 	 -0.031470 
 53.747638 	 -0.074980 
 55.095671 	 -0.113079 
 56.477830 	 -0.141816 
 57.894978 	 -0.157668 
 59.348002 	 -0.158010 
 60.837809 	 -0.141598 
 62.365330 	 -0.108978 
 63.931522 	 -0.062756 
 65.537361 	 -0.007628 
 67.183852 	 0.049884 
 68.872025 	 0.102056 
 70.602934 	 0.140934 
 72.377661 	 0.159580 
 74.197315 	 0.153441 
 76.063034 	 0.121618 
 77.975984 	 0.067717 
 79.937361 	 0.000000 
