 0.500000 	 0.000000 
 0.500063 	 -0.000000 
 0.500127 	 -0.000000 
 0.500193 	 -0.000000 
 0.500261 	 -0.000000 
 0.500330 	 -0.000000 
 0.500401 	 -0.000000 
 0.500474 	 -0.000000 
 0.500549 	 -0.000000 
 0.500625 	 -0.000000 
 0.500704 	 -0.000000 
 0.500785 	 -0.000000 
 0.500867 	 -0.000000 
 0.500952 	 -0.000000 
 0.501039 	 -0.000000 
 0.501128 	 -0.000000 
 0.501219 	 -0.000000 
 0.501313 	 -0.000000 
 0.501409 	 -0.000000 
 0.501507 	 -0.000000 
 0.501608 	 -0.000000 
 0.501711 	 -0.000000 
 0.501818 	 -0.000000 
 0.501926 	 -0.000000 
 0.502038 	 -0.000000 
 0.502152 	 -0.000000 
 0.502269 	 -0.000000 
 0.502390 	 -0.000000 
 0.502513 	 -0.000000 
 0.502639 	 -0.000000 
 0.502769 	 -0.000000 
 0.502902 	 -0.000000 
 0.503038 	 -0.000000 
 0.503177 	 -0.000000 
 0.503321 	 -0.000000 
 0.503467 	 -0.000000 
 0.503618 	 -0.000000 
 0.503772 	 -0.000000 
 0.503931 	 -0.000000 
 0.504093 	 -0.000000 
 0.504259 	 -0.000000 
 0.504430 	 -0.000000 
 0.504605 	 -0.000000 
 0.504784 	 -0.000000 
 0.504968 	 -0.000000 
 0.505156 	 -0.000000 
 0.505350 	 -0.000000 
 0.505548 	 -0.000000 
 0.505751 	 -0.000000 
 0.505959 	 -0.000000 
 0.506173 	 -0.000000 
 0.506392 	 -0.000000 
 0.506617 	 -0.000000 
 0.506847 	 -0.000000 
 0.507083 	 -0.000000 
 0.507325 	 -0.000000 
 0.507573 	 -0.000000 
 0.507828 	 -0.000000 
 0.508088 	 -0.000000 
 0.508356 	 -0.000000 
 0.508630 	 -0.000000 
 0.508911 	 -0.000000 
 0.509200 	 -0.000000 
 0.509495 	 -0.000000 
 0.509799 	 -0.000000 
 0.510109 	 -0.000000 
 0.510428 	 -0.000000 
 0.510755 	 -0.000000 
 0.511090 	 -0.000000 
 0.511433 	 -0.000000 
 0.511785 	 -0.000000 
 0.512147 	 -0.000000 
 0.512517 	 -0.000000 
 0.512896 	 -0.000000 
 0.513286 	 -0.000000 
 0.513685 	 -0.000000 
 0.514094 	 -0.000000 
 0.514513 	 -0.000000 
 0.514944 	 -0.000000 
 0.515385 	 -0.000000 
 0.515837 	 -0.000000 
 0.516301 	 -0.000000 
 0.516776 	 -0.000000 
 0.517263 	 -0.000000 
 0.517763 	 -0.000000 
 0.518276 	 -0.000000 
 0.518801 	 -0.000000 
 0.519340 	 -0.000000 
 0.519892 	 -0.000000 
 0.520458 	 -0.000000 
 0.521039 	 -0.000000 
 0.521634 	 -0.000000 
 0.522245 	 -0.000000 
 0.522871 	 -0.000000 
 0.523512 	 -0.000000 
 0.524170 	 -0.000000 
 0.524845 	 -0.000000 
 0.525537 	 -0.000000 
 0.526246 	 -0.000000 
 0.526973 	 -0.000000 
 0.527719 	 -0.000000 
 0.528483 	 -0.000000 
 0.529267 	 -0.000000 
 0.530071 	 -0.000000 
 0.530895 	 -0.000000 
 0.531739 	 -0.000000 
 0.532606 	 -0.000000 
 0.533494 	 -0.000000 
 0.534404 	 -0.000000 
 0.535338 	 -0.000000 
 0.536295 	 -0.000000 
 0.537277 	 -0.000000 
 0.538283 	 -0.000000 
 0.539315 	 -0.000000 
 0.540373 	 -0.000000 
 0.541458 	 -0.000000 
 0.542570 	 -0.000000 
 0.543711 	 -0.000000 
 0.544880 	 -0.000000 
 0.546079 	 -0.000000 
 0.547308 	 -0.000000 
 0.548569 	 -0.000000 
 0.549861 	 -0.000000 
 0.551186 	 -0.000000 
 0.552544 	 -0.000000 
 0.553937 	 -0.000000 
 0.555366 	 -0.000000 
 0.556830 	 -0.000000 
 0.558331 	 -0.000000 
 0.559871 	 -0.000000 
 0.561449 	 -0.000000 
 0.563067 	 -0.000000 
 0.564727 	 -0.000000 
 0.566428 	 -0.000000 
 0.568172 	 -0.000000 
 0.569961 	 -0.000000 
 0.571795 	 -0.000000 
 0.573675 	 -0.000000 
 0.575603 	 -0.000000 
 0.577580 	 -0.000000 
 0.579606 	 -0.000000 
 0.581684 	 -0.000000 
 0.583815 	 -0.000000 
 0.585999 	 -0.000000 
 0.588239 	 -0.000000 
 0.590536 	 -0.000000 
 0.592890 	 -0.000000 
 0.595305 	 -0.000000 
 0.597780 	 -0.000000 
 0.600318 	 -0.000000 
 0.602920 	 -0.000000 
 0.605589 	 -0.000000 
 0.608324 	 -0.000000 
 0.611129 	 -0.000000 
 0.614005 	 -0.000000 
 0.616954 	 -0.000000 
 0.619978 	 -0.000000 
 0.623078 	 -0.000000 
 0.626256 	 -0.000000 
 0.629515 	 -0.000000 
 0.632857 	 -0.000000 
 0.636283 	 -0.000000 
 0.639795 	 -0.000000 
 0.643397 	 -0.000000 
 0.647090 	 -0.000000 
 0.650876 	 -0.000000 
 0.654758 	 -0.000000 
 0.658739 	 -0.000000 
 0.662820 	 -0.000000 
 0.667005 	 -0.000000 
 0.671295 	 -0.000000 
 0.675694 	 -0.000000 
 0.680205 	 -0.000000 
 0.684829 	 -0.000000 
 0.689571 	 -0.000000 
 0.694433 	 -0.000000 
 0.699418 	 -0.000000 
 0.704529 	 -0.000000 
 0.709769 	 -0.000000 
 0.715142 	 -0.000000 
 0.720651 	 -0.000000 
 0.726300 	 -0.000000 
 0.732092 	 -0.000000 
 0.738030 	 -0.000000 
 0.744118 	 -0.000000 
 0.750361 	 -0.000000 
 0.756762 	 -0.000000 
 0.763324 	 -0.000000 
 0.770053 	 -0.000001 
 0.776952 	 -0.000002 
 0.784026 	 -0.000003 
 0.791279 	 -0.000006 
 0.798715 	 -0.000010 
 0.806340 	 -0.000017 
 0.814158 	 -0.000029 
 0.822174 	 -0.000049 
 0.830392 	 -0.000080 
 0.838819 	 -0.000128 
 0.847459 	 -0.000200 
 0.856318 	 -0.000308 
 0.865401 	 -0.000463 
 0.874714 	 -0.000682 
 0.884262 	 -0.000985 
 0.894053 	 -0.001394 
 0.904091 	 -0.001934 
 0.914383 	 -0.002629 
 0.924936 	 -0.003504 
 0.935756 	 -0.004580 
 0.946850 	 -0.005871 
 0.958225 	 -0.007381 
 0.969888 	 -0.009101 
 0.981846 	 -0.011009 
 0.994107 	 -0.013063 
 1.006678 	 -0.015203 
 1.019567 	 -0.017355 
 1.032783 	 -0.019425 
 1.046333 	 -0.021312 
 1.060226 	 -0.022906 
 1.074471 	 -0.024098 
 1.089077 	 -0.024786 
 1.104052 	 -0.024882 
 1.119406 	 -0.024318 
 1.135149 	 -0.023053 
 1.151291 	 -0.021072 
 1.167841 	 -0.018396 
 1.184811 	 -0.015075 
 1.202209 	 -0.011189 
 1.220049 	 -0.006844 
 1.238339 	 -0.002168 
 1.257093 	 0.002695 
 1.276322 	 0.007596 
 1.296037 	 0.012381 
 1.316252 	 0.016903 
 1.336978 	 0.021024 
 1.358229 	 0.024623 
 1.380018 	 0.027598 
 1.402359 	 0.029869 
 1.425265 	 0.031380 
 1.448751 	 0.032098 
 1.472831 	 0.032014 
 1.497521 	 0.031139 
 1.522836 	 0.029505 
 1.548792 	 0.027159 
 1.575405 	 0.024162 
 1.602692 	 0.020587 
 1.630670 	 0.016511 
 1.659355 	 0.012019 
 1.688767 	 0.007196 
 1.718924 	 0.002127 
 1.749844 	 -0.003105 
 1.781547 	 -0.008421 
 1.814052 	 -0.013748 
 1.847380 	 -0.019019 
 1.881552 	 -0.024172 
 1.916589 	 -0.029156 
 1.952513 	 -0.033923 
 1.989346 	 -0.038435 
 2.027112 	 -0.042660 
 2.065833 	 -0.046572 
 2.105535 	 -0.050152 
 2.146243 	 -0.053385 
 2.187980 	 -0.056263 
 2.230774 	 -0.058781 
 2.274652 	 -0.060937 
 2.319640 	 -0.062735 
 2.365767 	 -0.064179 
 2.413062 	 -0.065276 
 2.461554 	 -0.066036 
 2.511274 	 -0.066468 
 2.562252 	 -0.066583 
 2.614521 	 -0.066395 
 2.668113 	 -0.065914 
 2.723062 	 -0.065154 
 2.779402 	 -0.064127 
 2.837168 	 -0.062844 
 2.896397 	 -0.061319 
 2.957124 	 -0.059562 
 3.019390 	 -0.057584 
 3.083231 	 -0.055396 
 3.148688 	 -0.053007 
 3.215803 	 -0.050425 
 3.284617 	 -0.047661 
 3.355172 	 -0.044721 
 3.427514 	 -0.041612 
 3.501687 	 -0.038341 
 3.577738 	 -0.034915 
 3.655714 	 -0.031337 
 3.735664 	 -0.027615 
 3.817638 	 -0.023752 
 3.901687 	 -0.019753 
 3.987864 	 -0.015621 
 4.076223 	 -0.011361 
 4.166818 	 -0.006976 
 4.259707 	 -0.002469 
 4.354947 	 0.002154 
 4.452598 	 0.006892 
 4.552721 	 0.011740 
 4.655379 	 0.016695 
 4.760636 	 0.021751 
 4.868557 	 0.026904 
 4.979210 	 0.032149 
 5.092665 	 0.037481 
 5.208991 	 0.042892 
 5.328263 	 0.048376 
 5.450554 	 0.053925 
 5.575940 	 0.059530 
 5.704501 	 0.065180 
 5.836316 	 0.070866 
 5.971469 	 0.076573 
 6.110042 	 0.082289 
 6.252124 	 0.087998 
 6.397802 	 0.093683 
 6.547169 	 0.099326 
 6.700316 	 0.104906 
 6.857341 	 0.110400 
 7.018340 	 0.115786 
 7.183416 	 0.121035 
 7.352670 	 0.126120 
 7.526209 	 0.131010 
 7.704141 	 0.135670 
 7.886577 	 0.140067 
 8.073632 	 0.144161 
 8.265422 	 0.147913 
 8.462068 	 0.151279 
 8.663691 	 0.154216 
 8.870419 	 0.156677 
 9.082380 	 0.158613 
 9.299706 	 0.159974 
 9.522535 	 0.160709 
 9.751004 	 0.160766 
 9.985257 	 0.160091 
 10.225440 	 0.158634 
 10.471704 	 0.156342 
 10.724201 	 0.153167 
 10.983091 	 0.149062 
 11.248534 	 0.143983 
 11.520698 	 0.137895 
 11.799751 	 0.130764 
 12.085868 	 0.122568 
 12.379228 	 0.113293 
 12.680015 	 0.102937 
 12.988417 	 0.091510 
 13.304625 	 0.079038 
 13.628838 	 0.065565 
 13.961259 	 0.051152 
 14.302095 	 0.035884 
 14.651560 	 0.019868 
 15.009871 	 0.003236 
 15.377253 	 -0.013853 
 15.753935 	 -0.031212 
 16.140153 	 -0.048627 
 16.536148 	 -0.065854 
 16.942168 	 -0.082621 
 17.358466 	 -0.098631 
 17.785303 	 -0.113564 
 18.222945 	 -0.127081 
 18.671667 	 -0.138830 
 19.131747 	 -0.148452 
 19.603475 	 -0.155593 
 20.087144 	 -0.159912 
 20.583058 	 -0.161097 
 21.091526 	 -0.158877 
 21.612866 	 -0.153039 
 22.147403 	 -0.143446 
 22.695473 	 -0.130057 
 23.257416 	 -0.112942 
 23.833586 	 -0.092301 
 24.424341 	 -0.068481 
 25.030051 	 -0.041985 
 25.651095 	 -0.013483 
 26.287861 	 0.016191 
 26.940747 	 0.046047 
 27.610160 	 0.074957 
 28.296520 	 0.101687 
 29.000255 	 0.124940 
 29.721805 	 0.143417 
 30.461621 	 0.155888 
 31.220166 	 0.161277 
 31.997914 	 0.158757 
 32.795350 	 0.147847 
 33.612973 	 0.128509 
 34.451295 	 0.101234 
 35.310839 	 0.067099 
 36.192142 	 0.027802 
 37.095756 	 -0.014361 
 38.022244 	 -0.056576 
 38.972187 	 -0.095648 
 39.946178 	 -0.128227 
 40.944826 	 -0.151083 
 41.968754 	 -0.161455 
 43.018603 	 -0.157413 
 44.095030 	 -0.138226 
 45.198706 	 -0.104668 
 46.330322 	 -0.059206 
 47.490584 	 -0.006019 
 48.680220 	 0.049216 
 49.899970 	 0.099810 
 51.150599 	 0.138811 
 52.432888 	 0.159975 
 53.747638 	 0.158869 
 55.095671 	 0.133926 
 56.477830 	 0.087251 
 57.894978 	 0.024944 
 59.348002 	 -0.043285 
 60.837809 	 -0.105317 
 62.365330 	 -0.148653 
 63.931522 	 -0.163014 
 65.537361 	 -0.143070 
 67.183852 	 -0.090634 
 68.872025 	 -0.015568 
 70.602934 	 0.065244 
 72.377661 	 0.131155 
 74.197315 	 0.162920 
 76.063034 	 0.148717 
 77.975984 	 0.089273 
 79.937361 	 0.000000 
