 0.500000 	 0.000000 
 0.500063 	 -0.000000 
 0.500127 	 -0.000000 
 0.500193 	 -0.000000 
 0.500261 	 -0.000000 
 0.500330 	 -0.000000 
 0.500401 	 -0.000000 
 0.500474 	 -0.000000 
 0.500549 	 -0.000000 
 0.500625 	 -0.000000 
 0.500704 	 -0.000000 
 0.500785 	 -0.000000 
 0.500867 	 -0.000000 
 0.500952 	 -0.000000 
 0.501039 	 -0.000000 
 0.501128 	 -0.000000 
 0.501219 	 -0.000000 
 0.501313 	 -0.000000 
 0.501409 	 -0.000000 
 0.501507 	 -0.000000 
 0.501608 	 -0.000000 
 0.501711 	 -0.000000 
 0.501818 	 -0.000000 
 0.501926 	 -0.000000 
 0.502038 	 -0.000000 
 0.502152 	 -0.000000 
 0.502269 	 -0.000000 
 0.502390 	 -0.000000 
 0.502513 	 -0.000000 
 0.502639 	 -0.000000 
 0.502769 	 -0.000000 
 0.502902 	 -0.000000 
 0.503038 	 -0.000000 
 0.503177 	 -0.000000 
 0.503321 	 -0.000000 
 0.503467 	 -0.000000 
 0.503618 	 -0.000000 
 0.503772 	 -0.000000 
 0.503931 	 -0.000000 
 0.504093 	 -0.000000 
 0.504259 	 -0.000000 
 0.504430 	 -0.000000 
 0.504605 	 -0.000000 
 0.504784 	 -0.000000 
 0.504968 	 -0.000000 
 0.505156 	 -0.000000 
 0.505350 	 -0.000000 
 0.505548 	 -0.000000 
 0.505751 	 -0.000000 
 0.505959 	 -0.000000 
 0.506173 	 -0.000000 
 0.506392 	 -0.000000 
 0.506617 	 -0.000000 
 0.506847 	 -0.000000 
 0.507083 	 -0.000000 
 0.507325 	 -0.000000 
 0.507573 	 -0.000000 
 0.507828 	 -0.000000 
 0.508088 	 -0.000000 
 0.508356 	 -0.000000 
 0.508630 	 -0.000000 
 0.508911 	 -0.000000 
 0.509200 	 -0.000000 
 0.509495 	 -0.000000 
 0.509799 	 -0.000000 
 0.510109 	 -0.000000 
 0.510428 	 -0.000000 
 0.510755 	 -0.000000 
 0.511090 	 -0.000000 
 0.511433 	 -0.000000 
 0.511785 	 -0.000000 
 0.512147 	 -0.000000 
 0.512517 	 -0.000000 
 0.512896 	 -0.000000 
 0.513286 	 -0.000000 
 0.513685 	 -0.000000 
 0.514094 	 -0.000000 
 0.514513 	 -0.000000 
 0.514944 	 -0.000000 
 0.515385 	 -0.000000 
 0.515837 	 -0.000000 
 0.516301 	 -0.000000 
 0.516776 	 -0.000000 
 0.517263 	 -0.000000 
 0.517763 	 -0.000000 
 0.518276 	 -0.000000 
 0.518801 	 -0.000000 
 0.519340 	 -0.000000 
 0.519892 	 -0.000000 
 0.520458 	 -0.000000 
 0.521039 	 -0.000000 
 0.521634 	 -0.000000 
 0.522245 	 -0.000000 
 0.522871 	 -0.000000 
 0.523512 	 -0.000000 
 0.524170 	 -0.000000 
 0.524845 	 -0.000000 
 0.525537 	 -0.000000 
 0.526246 	 -0.000000 
 0.526973 	 -0.000000 
 0.527719 	 -0.000000 
 0.528483 	 -0.000000 
 0.529267 	 -0.000000 
 0.530071 	 -0.000000 
 0.530895 	 -0.000000 
 0.531739 	 -0.000000 
 0.532606 	 -0.000000 
 0.533494 	 -0.000000 
 0.534404 	 -0.000000 
 0.535338 	 -0.000000 
 0.536295 	 -0.000000 
 0.537277 	 -0.000000 
 0.538283 	 -0.000000 
 0.539315 	 -0.000000 
 0.540373 	 -0.000000 
 0.541458 	 -0.000000 
 0.542570 	 -0.000000 
 0.543711 	 -0.000000 
 0.544880 	 -0.000000 
 0.546079 	 -0.000000 
 0.547308 	 -0.000000 
 0.548569 	 -0.000000 
 0.549861 	 -0.000000 
 0.551186 	 -0.000000 
 0.552544 	 -0.000000 
 0.553937 	 -0.000000 
 0.555366 	 -0.000000 
 0.556830 	 -0.000000 
 0.558331 	 -0.000000 
 0.559871 	 -0.000000 
 0.561449 	 -0.000000 
 0.563067 	 -0.000000 
 0.564727 	 -0.000000 
 0.566428 	 -0.000000 
 0.568172 	 -0.000000 
 0.569961 	 -0.000000 
 0.571795 	 -0.000000 
 0.573675 	 -0.000000 
 0.575603 	 -0.000000 
 0.577580 	 -0.000000 
 0.579606 	 -0.000000 
 0.581684 	 -0.000000 
 0.583815 	 -0.000000 
 0.585999 	 -0.000000 
 0.588239 	 -0.000000 
 0.590536 	 -0.000000 
 0.592890 	 -0.000000 
 0.595305 	 -0.000000 
 0.597780 	 -0.000000 
 0.600318 	 -0.000000 
 0.602920 	 -0.000000 
 0.605589 	 -0.000000 
 0.608324 	 -0.000000 
 0.611129 	 -0.000000 
 0.614005 	 -0.000000 
 0.616954 	 -0.000000 
 0.619978 	 -0.000000 
 0.623078 	 -0.000000 
 0.626256 	 -0.000000 
 0.629515 	 -0.000000 
 0.632857 	 -0.000000 
 0.636283 	 -0.000000 
 0.639795 	 -0.000000 
 0.643397 	 -0.000000 
 0.647090 	 -0.000000 
 0.650876 	 -0.000000 
 0.654758 	 -0.000000 
 0.658739 	 -0.000000 
 0.662820 	 -0.000000 
 0.667005 	 -0.000000 
 0.671295 	 -0.000000 
 0.675694 	 -0.000000 
 0.680205 	 -0.000000 
 0.684829 	 -0.000000 
 0.689571 	 -0.000000 
 0.694433 	 -0.000000 
 0.699418 	 -0.000000 
 0.704529 	 -0.000000 
 0.709769 	 -0.000000 
 0.715142 	 -0.000000 
 0.720651 	 -0.000000 
 0.726300 	 -0.000000 
 0.732092 	 -0.000000 
 0.738030 	 -0.000000 
 0.744118 	 -0.000000 
 0.750361 	 -0.000000 
 0.756762 	 -0.000000 
 0.763324 	 -0.000000 
 0.770053 	 -0.000001 
 0.776952 	 -0.000001 
 0.784026 	 -0.000003 
 0.791279 	 -0.000005 
 0.798715 	 -0.000009 
 0.806340 	 -0.000015 
 0.814158 	 -0.000026 
 0.822174 	 -0.000044 
 0.830392 	 -0.000071 
 0.838819 	 -0.000114 
 0.847459 	 -0.000178 
 0.856318 	 -0.000274 
 0.865401 	 -0.000412 
 0.874714 	 -0.000607 
 0.884262 	 -0.000877 
 0.894053 	 -0.001241 
 0.904091 	 -0.001722 
 0.914383 	 -0.002341 
 0.924936 	 -0.003120 
 0.935756 	 -0.004078 
 0.946850 	 -0.005227 
 0.958225 	 -0.006571 
 0.969888 	 -0.008103 
 0.981846 	 -0.009802 
 0.994107 	 -0.011630 
 1.006678 	 -0.013537 
 1.019567 	 -0.015452 
 1.032783 	 -0.017296 
 1.046333 	 -0.018976 
 1.060226 	 -0.020395 
 1.074471 	 -0.021457 
 1.089077 	 -0.022070 
 1.104052 	 -0.022156 
 1.119406 	 -0.021655 
 1.135149 	 -0.020529 
 1.151291 	 -0.018767 
 1.167841 	 -0.016385 
 1.184811 	 -0.013428 
 1.202209 	 -0.009969 
 1.220049 	 -0.006101 
 1.238339 	 -0.001938 
 1.257093 	 0.002393 
 1.276322 	 0.006756 
 1.296037 	 0.011017 
 1.316252 	 0.015044 
 1.336978 	 0.018714 
 1.358229 	 0.021920 
 1.380018 	 0.024571 
 1.402359 	 0.026595 
 1.425265 	 0.027943 
 1.448751 	 0.028585 
 1.472831 	 0.028513 
 1.497521 	 0.027738 
 1.522836 	 0.026286 
 1.548792 	 0.024201 
 1.575405 	 0.021537 
 1.602692 	 0.018357 
 1.630670 	 0.014731 
 1.659355 	 0.010735 
 1.688767 	 0.006444 
 1.718924 	 0.001933 
 1.749844 	 -0.002723 
 1.781547 	 -0.007455 
 1.814052 	 -0.012198 
 1.847380 	 -0.016891 
 1.881552 	 -0.021481 
 1.916589 	 -0.025921 
 1.952513 	 -0.030169 
 1.989346 	 -0.034192 
 2.027112 	 -0.037960 
 2.065833 	 -0.041451 
 2.105535 	 -0.044648 
 2.146243 	 -0.047539 
 2.187980 	 -0.050115 
 2.230774 	 -0.052373 
 2.274652 	 -0.054312 
 2.319640 	 -0.055933 
 2.365767 	 -0.057242 
 2.413062 	 -0.058245 
 2.461554 	 -0.058951 
 2.511274 	 -0.059367 
 2.562252 	 -0.059506 
 2.614521 	 -0.059377 
 2.668113 	 -0.058991 
 2.723062 	 -0.058361 
 2.779402 	 -0.057496 
 2.837168 	 -0.056408 
 2.896397 	 -0.055108 
 2.957124 	 -0.053606 
 3.019390 	 -0.051912 
 3.083231 	 -0.050035 
 3.148688 	 -0.047983 
 3.215803 	 -0.045765 
 3.284617 	 -0.043389 
 3.355172 	 -0.040861 
 3.427514 	 -0.038188 
 3.501687 	 -0.035375 
 3.577738 	 -0.032427 
 3.655714 	 -0.029351 
 3.735664 	 -0.026149 
 3.817638 	 -0.022826 
 3.901687 	 -0.019385 
 3.987864 	 -0.015830 
 4.076223 	 -0.012163 
 4.166818 	 -0.008388 
 4.259707 	 -0.004506 
 4.354947 	 -0.000520 
 4.452598 	 0.003567 
 4.552721 	 0.007754 
 4.655379 	 0.012037 
 4.760636 	 0.016414 
 4.868557 	 0.020884 
 4.979210 	 0.025442 
 5.092665 	 0.030086 
 5.208991 	 0.034812 
 5.328263 	 0.039616 
 5.450554 	 0.044494 
 5.575940 	 0.049440 
 5.704501 	 0.054450 
 5.836316 	 0.059517 
 5.971469 	 0.064633 
 6.110042 	 0.069790 
 6.252124 	 0.074981 
 6.397802 	 0.080193 
 6.547169 	 0.085417 
 6.700316 	 0.090639 
 6.857341 	 0.095847 
 7.018340 	 0.101024 
 7.183416 	 0.106155 
 7.352670 	 0.111220 
 7.526209 	 0.116200 
 7.704141 	 0.121073 
 7.886577 	 0.125815 
 8.073632 	 0.130402 
 8.265422 	 0.134805 
 8.462068 	 0.138994 
 8.663691 	 0.142939 
 8.870419 	 0.146606 
 9.082380 	 0.149958 
 9.299706 	 0.152959 
 9.522535 	 0.155568 
 9.751004 	 0.157745 
 9.985257 	 0.159445 
 10.225440 	 0.160625 
 10.471704 	 0.161238 
 10.724201 	 0.161238 
 10.983091 	 0.160577 
 11.248534 	 0.159208 
 11.520698 	 0.157084 
 11.799751 	 0.154160 
 12.085868 	 0.150392 
 12.379228 	 0.145740 
 12.680015 	 0.140166 
 12.988417 	 0.133638 
 13.304625 	 0.126131 
 13.628838 	 0.117626 
 13.961259 	 0.108115 
 14.302095 	 0.097597 
 14.651560 	 0.086088 
 15.009871 	 0.073615 
 15.377253 	 0.060221 
 15.753935 	 0.045968 
 16.140153 	 0.030936 
 16.536148 	 0.015229 
 16.942168 	 -0.001028 
 17.358466 	 -0.017686 
 17.785303 	 -0.034570 
 18.222945 	 -0.051479 
 18.671667 	 -0.068184 
 19.131747 	 -0.084435 
 19.603475 	 -0.099954 
 20.087144 	 -0.114443 
 20.583058 	 -0.127586 
 21.091526 	 -0.139055 
 21.612866 	 -0.148516 
 22.147403 	 -0.155634 
 22.695473 	 -0.160088 
 23.257416 	 -0.161580 
 23.833586 	 -0.159846 
 24.424341 	 -0.154675 
 25.030051 	 -0.145921 
 25.651095 	 -0.133521 
 26.287861 	 -0.117514 
 26.940747 	 -0.098054 
 27.610160 	 -0.075429 
 28.296520 	 -0.050069 
 29.000255 	 -0.022559 
 29.721805 	 0.006361 
 30.461621 	 0.035803 
 31.220166 	 0.064736 
 31.997914 	 0.092020 
 32.795350 	 0.116435 
 33.612973 	 0.136733 
 34.451295 	 0.151699 
 35.310839 	 0.160226 
 36.192142 	 0.161399 
 37.095756 	 0.154585 
 38.022244 	 0.139527 
 38.972187 	 0.116428 
 39.946178 	 0.086026 
 40.944826 	 0.049635 
 41.968754 	 0.009157 
 43.018603 	 -0.032959 
 44.095030 	 -0.073818 
 45.198706 	 -0.110242 
 46.330322 	 -0.139000 
 47.490584 	 -0.157104 
 48.680220 	 -0.162141 
 49.899970 	 -0.152631 
 51.150599 	 -0.128359 
 52.432888 	 -0.090633 
 53.747638 	 -0.042422 
 55.095671 	 0.011698 
 56.477830 	 0.065830 
 57.894978 	 0.113289 
 59.348002 	 0.147400 
 60.837809 	 0.162474 
 62.365330 	 0.154868 
 63.931522 	 0.123961 
 65.537361 	 0.072827 
 67.183852 	 0.008389 
 68.872025 	 -0.059135 
 70.602934 	 -0.117591 
 72.377661 	 -0.154997 
 74.197315 	 -0.162130 
 76.063034 	 -0.135114 
 77.975984 	 -0.077338 
 79.937361 	 0.000000 
