 0.500000 	 0.000000 
 0.500063 	 -0.000000 
 0.500127 	 -0.000000 
 0.500193 	 -0.000000 
 0.500261 	 -0.000000 
 0.500330 	 -0.000000 
 0.500401 	 -0.000000 
 0.500474 	 -0.000000 
 0.500549 	 -0.000000 
 0.500625 	 -0.000000 
 0.500704 	 -0.000000 
 0.500785 	 -0.000000 
 0.500867 	 -0.000000 
 0.500952 	 -0.000000 
 0.501039 	 -0.000000 
 0.501128 	 -0.000000 
 0.501219 	 -0.000000 
 0.501313 	 -0.000000 
 0.501409 	 -0.000000 
 0.501507 	 -0.000000 
 0.501608 	 -0.000000 
 0.501711 	 -0.000000 
 0.501818 	 -0.000000 
 0.501926 	 -0.000000 
 0.502038 	 -0.000000 
 0.502152 	 -0.000000 
 0.502269 	 -0.000000 
 0.502390 	 -0.000000 
 0.502513 	 -0.000000 
 0.502639 	 -0.000000 
 0.502769 	 -0.000000 
 0.502902 	 -0.000000 
 0.503038 	 -0.000000 
 0.503177 	 -0.000000 
 0.503321 	 -0.000000 
 0.503467 	 -0.000000 
 0.503618 	 -0.000000 
 0.503772 	 -0.000000 
 0.503931 	 -0.000000 
 0.504093 	 -0.000000 
 0.504259 	 -0.000000 
 0.504430 	 -0.000000 
 0.504605 	 -0.000000 
 0.504784 	 -0.000000 
 0.504968 	 -0.000000 
 0.505156 	 -0.000000 
 0.505350 	 -0.000000 
 0.505548 	 -0.000000 
 0.505751 	 -0.000000 
 0.505959 	 -0.000000 
 0.506173 	 -0.000000 
 0.506392 	 -0.000000 
 0.506617 	 -0.000000 
 0.506847 	 -0.000000 
 0.507083 	 -0.000000 
 0.507325 	 -0.000000 
 0.507573 	 -0.000000 
 0.507828 	 -0.000000 
 0.508088 	 -0.000000 
 0.508356 	 -0.000000 
 0.508630 	 -0.000000 
 0.508911 	 -0.000000 
 0.509200 	 -0.000000 
 0.509495 	 -0.000000 
 0.509799 	 -0.000000 
 0.510109 	 -0.000000 
 0.510428 	 -0.000000 
 0.510755 	 -0.000000 
 0.511090 	 -0.000000 
 0.511433 	 -0.000000 
 0.511785 	 -0.000000 
 0.512147 	 -0.000000 
 0.512517 	 -0.000000 
 0.512896 	 -0.000000 
 0.513286 	 -0.000000 
 0.513685 	 -0.000000 
 0.514094 	 -0.000000 
 0.514513 	 -0.000000 
 0.514944 	 -0.000000 
 0.515385 	 -0.000000 
 0.515837 	 -0.000000 
 0.516301 	 -0.000000 
 0.516776 	 -0.000000 
 0.517263 	 -0.000000 
 0.517763 	 -0.000000 
 0.518276 	 -0.000000 
 0.518801 	 -0.000000 
 0.519340 	 -0.000000 
 0.519892 	 -0.000000 
 0.520458 	 -0.000000 
 0.521039 	 -0.000000 
 0.521634 	 -0.000000 
 0.522245 	 -0.000000 
 0.522871 	 -0.000000 
 0.523512 	 -0.000000 
 0.524170 	 -0.000000 
 0.524845 	 -0.000000 
 0.525537 	 -0.000000 
 0.526246 	 -0.000000 
 0.526973 	 -0.000000 
 0.527719 	 -0.000000 
 0.528483 	 -0.000000 
 0.529267 	 -0.000000 
 0.530071 	 -0.000000 
 0.530895 	 -0.000000 
 0.531739 	 -0.000000 
 0.532606 	 -0.000000 
 0.533494 	 -0.000000 
 0.534404 	 -0.000000 
 0.535338 	 -0.000000 
 0.536295 	 -0.000000 
 0.537277 	 -0.000000 
 0.538283 	 -0.000000 
 0.539315 	 -0.000000 
 0.540373 	 -0.000000 
 0.541458 	 -0.000000 
 0.542570 	 -0.000000 
 0.543711 	 -0.000000 
 0.544880 	 -0.000000 
 0.546079 	 -0.000000 
 0.547308 	 -0.000000 
 0.548569 	 -0.000000 
 0.549861 	 -0.000000 
 0.551186 	 -0.000000 
 0.552544 	 -0.000000 
 0.553937 	 -0.000000 
 0.555366 	 -0.000000 
 0.556830 	 -0.000000 
 0.558331 	 -0.000000 
 0.559871 	 -0.000000 
 0.561449 	 -0.000000 
 0.563067 	 -0.000000 
 0.564727 	 -0.000000 
 0.566428 	 -0.000000 
 0.568172 	 -0.000000 
 0.569961 	 -0.000000 
 0.571795 	 -0.000000 
 0.573675 	 -0.000000 
 0.575603 	 -0.000000 
 0.577580 	 -0.000000 
 0.579606 	 -0.000000 
 0.581684 	 -0.000000 
 0.583815 	 -0.000000 
 0.585999 	 -0.000000 
 0.588239 	 -0.000000 
 0.590536 	 -0.000000 
 0.592890 	 -0.000000 
 0.595305 	 -0.000000 
 0.597780 	 -0.000000 
 0.600318 	 -0.000000 
 0.602920 	 -0.000000 
 0.605589 	 -0.000000 
 0.608324 	 -0.000000 
 0.611129 	 -0.000000 
 0.614005 	 -0.000000 
 0.616954 	 -0.000000 
 0.619978 	 -0.000000 
 0.623078 	 -0.000000 
 0.626256 	 -0.000000 
 0.629515 	 -0.000000 
 0.632857 	 -0.000000 
 0.636283 	 -0.000000 
 0.639795 	 -0.000000 
 0.643397 	 -0.000000 
 0.647090 	 -0.000000 
 0.650876 	 -0.000000 
 0.654758 	 -0.000000 
 0.658739 	 -0.000000 
 0.662820 	 -0.000000 
 0.667005 	 -0.000000 
 0.671295 	 -0.000000 
 0.675694 	 -0.000000 
 0.680205 	 -0.000000 
 0.684829 	 -0.000000 
 0.689571 	 -0.000000 
 0.694433 	 -0.000000 
 0.699418 	 -0.000000 
 0.704529 	 -0.000000 
 0.709769 	 -0.000000 
 0.715142 	 -0.000000 
 0.720651 	 -0.000000 
 0.726300 	 -0.000000 
 0.732092 	 -0.000000 
 0.738030 	 -0.000000 
 0.744118 	 -0.000000 
 0.750361 	 -0.000000 
 0.756762 	 -0.000000 
 0.763324 	 -0.000000 
 0.770053 	 -0.000001 
 0.776952 	 -0.000001 
 0.784026 	 -0.000002 
 0.791279 	 -0.000004 
 0.798715 	 -0.000008 
 0.806340 	 -0.000013 
 0.814158 	 -0.000023 
 0.822174 	 -0.000038 
 0.830392 	 -0.000061 
 0.838819 	 -0.000098 
 0.847459 	 -0.000154 
 0.856318 	 -0.000237 
 0.865401 	 -0.000356 
 0.874714 	 -0.000524 
 0.884262 	 -0.000757 
 0.894053 	 -0.001071 
 0.904091 	 -0.001486 
 0.914383 	 -0.002020 
 0.924936 	 -0.002693 
 0.935756 	 -0.003520 
 0.946850 	 -0.004512 
 0.958225 	 -0.005673 
 0.969888 	 -0.006995 
 0.981846 	 -0.008461 
 0.994107 	 -0.010040 
 1.006678 	 -0.011686 
 1.019567 	 -0.013339 
 1.032783 	 -0.014931 
 1.046333 	 -0.016382 
 1.060226 	 -0.017607 
 1.074471 	 -0.018524 
 1.089077 	 -0.019054 
 1.104052 	 -0.019129 
 1.119406 	 -0.018696 
 1.135149 	 -0.017725 
 1.151291 	 -0.016204 
 1.167841 	 -0.014148 
 1.184811 	 -0.011596 
 1.202209 	 -0.008610 
 1.220049 	 -0.005271 
 1.238339 	 -0.001678 
 1.257093 	 0.002060 
 1.276322 	 0.005827 
 1.296037 	 0.009506 
 1.316252 	 0.012983 
 1.336978 	 0.016152 
 1.358229 	 0.018920 
 1.380018 	 0.021210 
 1.402359 	 0.022959 
 1.425265 	 0.024124 
 1.448751 	 0.024681 
 1.472831 	 0.024621 
 1.497521 	 0.023954 
 1.522836 	 0.022704 
 1.548792 	 0.020906 
 1.575405 	 0.018609 
 1.602692 	 0.015866 
 1.630670 	 0.012739 
 1.659355 	 0.009292 
 1.688767 	 0.005589 
 1.718924 	 0.001697 
 1.749844 	 -0.002321 
 1.781547 	 -0.006405 
 1.814052 	 -0.010498 
 1.847380 	 -0.014550 
 1.881552 	 -0.018513 
 1.916589 	 -0.022348 
 1.952513 	 -0.026018 
 1.989346 	 -0.029494 
 2.027112 	 -0.032752 
 2.065833 	 -0.035772 
 2.105535 	 -0.038539 
 2.146243 	 -0.041043 
 2.187980 	 -0.043277 
 2.230774 	 -0.045238 
 2.274652 	 -0.046925 
 2.319640 	 -0.048340 
 2.365767 	 -0.049487 
 2.413062 	 -0.050373 
 2.461554 	 -0.051003 
 2.511274 	 -0.051387 
 2.562252 	 -0.051532 
 2.614521 	 -0.051450 
 2.668113 	 -0.051148 
 2.723062 	 -0.050638 
 2.779402 	 -0.049928 
 2.837168 	 -0.049029 
 2.896397 	 -0.047950 
 2.957124 	 -0.046699 
 3.019390 	 -0.045286 
 3.083231 	 -0.043718 
 3.148688 	 -0.042004 
 3.215803 	 -0.040149 
 3.284617 	 -0.038161 
 3.355172 	 -0.036046 
 3.427514 	 -0.033809 
 3.501687 	 -0.031455 
 3.577738 	 -0.028988 
 3.655714 	 -0.026414 
 3.735664 	 -0.023735 
 3.817638 	 -0.020954 
 3.901687 	 -0.018075 
 3.987864 	 -0.015101 
 4.076223 	 -0.012032 
 4.166818 	 -0.008872 
 4.259707 	 -0.005622 
 4.354947 	 -0.002283 
 4.452598 	 0.001142 
 4.552721 	 0.004653 
 4.655379 	 0.008248 
 4.760636 	 0.011926 
 4.868557 	 0.015686 
 4.979210 	 0.019527 
 5.092665 	 0.023446 
 5.208991 	 0.027443 
 5.328263 	 0.031516 
 5.450554 	 0.035662 
 5.575940 	 0.039880 
 5.704501 	 0.044167 
 5.836316 	 0.048519 
 5.971469 	 0.052934 
 6.110042 	 0.057407 
 6.252124 	 0.061935 
 6.397802 	 0.066511 
 6.547169 	 0.071130 
 6.700316 	 0.075786 
 6.857341 	 0.080471 
 7.018340 	 0.085177 
 7.183416 	 0.089895 
 7.352670 	 0.094615 
 7.526209 	 0.099325 
 7.704141 	 0.104013 
 7.886577 	 0.108666 
 8.073632 	 0.113267 
 8.265422 	 0.117802 
 8.462068 	 0.122253 
 8.663691 	 0.126599 
 8.870419 	 0.130819 
 9.082380 	 0.134892 
 9.299706 	 0.138793 
 9.522535 	 0.142496 
 9.751004 	 0.145972 
 9.985257 	 0.149193 
 10.225440 	 0.152127 
 10.471704 	 0.154739 
 10.724201 	 0.156997 
 10.983091 	 0.158862 
 11.248534 	 0.160298 
 11.520698 	 0.161263 
 11.799751 	 0.161719 
 12.085868 	 0.161622 
 12.379228 	 0.160931 
 12.680015 	 0.159604 
 12.988417 	 0.157598 
 13.304625 	 0.154872 
 13.628838 	 0.151385 
 13.961259 	 0.147100 
 14.302095 	 0.141981 
 14.651560 	 0.135996 
 15.009871 	 0.129119 
 15.377253 	 0.121328 
 15.753935 	 0.112610 
 16.140153 	 0.102959 
 16.536148 	 0.092378 
 16.942168 	 0.080884 
 17.358466 	 0.068504 
 17.785303 	 0.055282 
 18.222945 	 0.041276 
 18.671667 	 0.026563 
 19.131747 	 0.011239 
 19.603475 	 -0.004579 
 20.087144 	 -0.020752 
 20.583058 	 -0.037118 
 21.091526 	 -0.053491 
 21.612866 	 -0.069663 
 22.147403 	 -0.085400 
 22.695473 	 -0.100448 
 23.257416 	 -0.114532 
 23.833586 	 -0.127361 
 24.424341 	 -0.138631 
 25.030051 	 -0.148030 
 25.651095 	 -0.155247 
 26.287861 	 -0.159978 
 26.940747 	 -0.161938 
 27.610160 	 -0.160872 
 28.296520 	 -0.156566 
 29.000255 	 -0.148865 
 29.721805 	 -0.137683 
 30.461621 	 -0.123024 
 31.220166 	 -0.104994 
 31.997914 	 -0.083815 
 32.795350 	 -0.059841 
 33.612973 	 -0.033564 
 34.451295 	 -0.005622 
 35.310839 	 0.023203 
 36.192142 	 0.051994 
 37.095756 	 0.079715 
 38.022244 	 0.105237 
 38.972187 	 0.127379 
 39.946178 	 0.144960 
 40.944826 	 0.156859 
 41.968754 	 0.162088 
 43.018603 	 0.159877 
 44.095030 	 0.149757 
 45.198706 	 0.131650 
 46.330322 	 0.105938 
 47.490584 	 0.073531 
 48.680220 	 0.035893 
 49.899970 	 -0.004962 
 51.150599 	 -0.046523 
 52.432888 	 -0.085892 
 53.747638 	 -0.119966 
 55.095671 	 -0.145662 
 56.477830 	 -0.160213 
 57.894978 	 -0.161495 
 59.348002 	 -0.148357 
 60.837809 	 -0.120929 
 62.365330 	 -0.080847 
 63.931522 	 -0.031345 
 65.537361 	 0.022837 
 67.183852 	 0.075766 
 68.872025 	 0.120882 
 70.602934 	 0.151790 
 72.377661 	 0.163215 
 74.197315 	 0.152023 
 76.063034 	 0.118118 
 77.975984 	 0.065033 
 79.937361 	 0.000000 
