 0.500000 	 0.000000 
 0.500063 	 -0.000000 
 0.500127 	 -0.000000 
 0.500193 	 -0.000000 
 0.500261 	 -0.000000 
 0.500330 	 -0.000000 
 0.500401 	 -0.000000 
 0.500474 	 -0.000000 
 0.500549 	 -0.000000 
 0.500625 	 -0.000000 
 0.500704 	 -0.000000 
 0.500785 	 -0.000000 
 0.500867 	 -0.000000 
 0.500952 	 -0.000000 
 0.501039 	 -0.000000 
 0.501128 	 -0.000000 
 0.501219 	 -0.000000 
 0.501313 	 -0.000000 
 0.501409 	 -0.000000 
 0.501507 	 -0.000000 
 0.501608 	 -0.000000 
 0.501711 	 -0.000000 
 0.501818 	 -0.000000 
 0.501926 	 -0.000000 
 0.502038 	 -0.000000 
 0.502152 	 -0.000000 
 0.502269 	 -0.000000 
 0.502390 	 -0.000000 
 0.502513 	 -0.000000 
 0.502639 	 -0.000000 
 0.502769 	 -0.000000 
 0.502902 	 -0.000000 
 0.503038 	 -0.000000 
 0.503177 	 -0.000000 
 0.503321 	 -0.000000 
 0.503467 	 -0.000000 
 0.503618 	 -0.000000 
 0.503772 	 -0.000000 
 0.503931 	 -0.000000 
 0.504093 	 -0.000000 
 0.504259 	 -0.000000 
 0.504430 	 -0.000000 
 0.504605 	 -0.000000 
 0.504784 	 -0.000000 
 0.504968 	 -0.000000 
 0.505156 	 -0.000000 
 0.505350 	 -0.000000 
 0.505548 	 -0.000000 
 0.505751 	 -0.000000 
 0.505959 	 -0.000000 
 0.506173 	 -0.000000 
 0.506392 	 -0.000000 
 0.506617 	 -0.000000 
 0.506847 	 -0.000000 
 0.507083 	 -0.000000 
 0.507325 	 -0.000000 
 0.507573 	 -0.000000 
 0.507828 	 -0.000000 
 0.508088 	 -0.000000 
 0.508356 	 -0.000000 
 0.508630 	 -0.000000 
 0.508911 	 -0.000000 
 0.509200 	 -0.000000 
 0.509495 	 -0.000000 
 0.509799 	 -0.000000 
 0.510109 	 -0.000000 
 0.510428 	 -0.000000 
 0.510755 	 -0.000000 
 0.511090 	 -0.000000 
 0.511433 	 -0.000000 
 0.511785 	 -0.000000 
 0.512147 	 -0.000000 
 0.512517 	 -0.000000 
 0.512896 	 -0.000000 
 0.513286 	 -0.000000 
 0.513685 	 -0.000000 
 0.514094 	 -0.000000 
 0.514513 	 -0.000000 
 0.514944 	 -0.000000 
 0.515385 	 -0.000000 
 0.515837 	 -0.000000 
 0.516301 	 -0.000000 
 0.516776 	 -0.000000 
 0.517263 	 -0.000000 
 0.517763 	 -0.000000 
 0.518276 	 -0.000000 
 0.518801 	 -0.000000 
 0.519340 	 -0.000000 
 0.519892 	 -0.000000 
 0.520458 	 -0.000000 
 0.521039 	 -0.000000 
 0.521634 	 -0.000000 
 0.522245 	 -0.000000 
 0.522871 	 -0.000000 
 0.523512 	 -0.000000 
 0.524170 	 -0.000000 
 0.524845 	 -0.000000 
 0.525537 	 -0.000000 
 0.526246 	 -0.000000 
 0.526973 	 -0.000000 
 0.527719 	 -0.000000 
 0.528483 	 -0.000000 
 0.529267 	 -0.000000 
 0.530071 	 -0.000000 
 0.530895 	 -0.000000 
 0.531739 	 -0.000000 
 0.532606 	 -0.000000 
 0.533494 	 -0.000000 
 0.534404 	 -0.000000 
 0.535338 	 -0.000000 
 0.536295 	 -0.000000 
 0.537277 	 -0.000000 
 0.538283 	 -0.000000 
 0.539315 	 -0.000000 
 0.540373 	 -0.000000 
 0.541458 	 -0.000000 
 0.542570 	 -0.000000 
 0.543711 	 -0.000000 
 0.544880 	 -0.000000 
 0.546079 	 -0.000000 
 0.547308 	 -0.000000 
 0.548569 	 -0.000000 
 0.549861 	 -0.000000 
 0.551186 	 -0.000000 
 0.552544 	 -0.000000 
 0.553937 	 -0.000000 
 0.555366 	 -0.000000 
 0.556830 	 -0.000000 
 0.558331 	 -0.000000 
 0.559871 	 -0.000000 
 0.561449 	 -0.000000 
 0.563067 	 -0.000000 
 0.564727 	 -0.000000 
 0.566428 	 -0.000000 
 0.568172 	 -0.000000 
 0.569961 	 -0.000000 
 0.571795 	 -0.000000 
 0.573675 	 -0.000000 
 0.575603 	 -0.000000 
 0.577580 	 -0.000000 
 0.579606 	 -0.000000 
 0.581684 	 -0.000000 
 0.583815 	 -0.000000 
 0.585999 	 -0.000000 
 0.588239 	 -0.000000 
 0.590536 	 -0.000000 
 0.592890 	 -0.000000 
 0.595305 	 -0.000000 
 0.597780 	 -0.000000 
 0.600318 	 -0.000000 
 0.602920 	 -0.000000 
 0.605589 	 -0.000000 
 0.608324 	 -0.000000 
 0.611129 	 -0.000000 
 0.614005 	 -0.000000 
 0.616954 	 -0.000000 
 0.619978 	 -0.000000 
 0.623078 	 -0.000000 
 0.626256 	 -0.000000 
 0.629515 	 -0.000000 
 0.632857 	 -0.000000 
 0.636283 	 -0.000000 
 0.639795 	 -0.000000 
 0.643397 	 -0.000000 
 0.647090 	 -0.000000 
 0.650876 	 -0.000000 
 0.654758 	 -0.000000 
 0.658739 	 -0.000000 
 0.662820 	 -0.000000 
 0.667005 	 -0.000000 
 0.671295 	 -0.000000 
 0.675694 	 -0.000000 
 0.680205 	 -0.000000 
 0.684829 	 -0.000000 
 0.689571 	 -0.000000 
 0.694433 	 -0.000000 
 0.699418 	 -0.000000 
 0.704529 	 -0.000000 
 0.709769 	 -0.000000 
 0.715142 	 -0.000000 
 0.720651 	 -0.000000 
 0.726300 	 -0.000000 
 0.732092 	 -0.000000 
 0.738030 	 -0.000000 
 0.744118 	 -0.000000 
 0.750361 	 -0.000000 
 0.756762 	 -0.000000 
 0.763324 	 -0.000000 
 0.770053 	 -0.000000 
 0.776952 	 -0.000001 
 0.784026 	 -0.000002 
 0.791279 	 -0.000003 
 0.798715 	 -0.000005 
 0.806340 	 -0.000008 
 0.814158 	 -0.000014 
 0.822174 	 -0.000024 
 0.830392 	 -0.000039 
 0.838819 	 -0.000062 
 0.847459 	 -0.000098 
 0.856318 	 -0.000150 
 0.865401 	 -0.000226 
 0.874714 	 -0.000333 
 0.884262 	 -0.000481 
 0.894053 	 -0.000681 
 0.904091 	 -0.000945 
 0.914383 	 -0.001285 
 0.924936 	 -0.001713 
 0.935756 	 -0.002238 
 0.946850 	 -0.002869 
 0.958225 	 -0.003607 
 0.969888 	 -0.004448 
 0.981846 	 -0.005380 
 0.994107 	 -0.006384 
 1.006678 	 -0.007431 
 1.019567 	 -0.008482 
 1.032783 	 -0.009495 
 1.046333 	 -0.010417 
 1.060226 	 -0.011197 
 1.074471 	 -0.011780 
 1.089077 	 -0.012117 
 1.104052 	 -0.012165 
 1.119406 	 -0.011891 
 1.135149 	 -0.011274 
 1.151291 	 -0.010307 
 1.167841 	 -0.009000 
 1.184811 	 -0.007378 
 1.202209 	 -0.005480 
 1.220049 	 -0.003357 
 1.238339 	 -0.001072 
 1.257093 	 0.001305 
 1.276322 	 0.003701 
 1.296037 	 0.006040 
 1.316252 	 0.008251 
 1.336978 	 0.010267 
 1.358229 	 0.012029 
 1.380018 	 0.013486 
 1.402359 	 0.014600 
 1.425265 	 0.015343 
 1.448751 	 0.015698 
 1.472831 	 0.015662 
 1.497521 	 0.015241 
 1.522836 	 0.014448 
 1.548792 	 0.013307 
 1.575405 	 0.011849 
 1.602692 	 0.010108 
 1.630670 	 0.008122 
 1.659355 	 0.005932 
 1.688767 	 0.003579 
 1.718924 	 0.001106 
 1.749844 	 -0.001448 
 1.781547 	 -0.004044 
 1.814052 	 -0.006646 
 1.847380 	 -0.009223 
 1.881552 	 -0.011744 
 1.916589 	 -0.014184 
 1.952513 	 -0.016520 
 1.989346 	 -0.018734 
 2.027112 	 -0.020810 
 2.065833 	 -0.022736 
 2.105535 	 -0.024502 
 2.146243 	 -0.026103 
 2.187980 	 -0.027533 
 2.230774 	 -0.028791 
 2.274652 	 -0.029876 
 2.319640 	 -0.030790 
 2.365767 	 -0.031536 
 2.413062 	 -0.032117 
 2.461554 	 -0.032538 
 2.511274 	 -0.032804 
 2.562252 	 -0.032921 
 2.614521 	 -0.032895 
 2.668113 	 -0.032733 
 2.723062 	 -0.032440 
 2.779402 	 -0.032024 
 2.837168 	 -0.031489 
 2.896397 	 -0.030843 
 2.957124 	 -0.030092 
 3.019390 	 -0.029240 
 3.083231 	 -0.028292 
 3.148688 	 -0.027255 
 3.215803 	 -0.026132 
 3.284617 	 -0.024928 
 3.355172 	 -0.023647 
 3.427514 	 -0.022291 
 3.501687 	 -0.020865 
 3.577738 	 -0.019371 
 3.655714 	 -0.017812 
 3.735664 	 -0.016190 
 3.817638 	 -0.014507 
 3.901687 	 -0.012764 
 3.987864 	 -0.010964 
 4.076223 	 -0.009107 
 4.166818 	 -0.007195 
 4.259707 	 -0.005228 
 4.354947 	 -0.003206 
 4.452598 	 -0.001131 
 4.552721 	 0.000997 
 4.655379 	 0.003178 
 4.760636 	 0.005413 
 4.868557 	 0.007701 
 4.979210 	 0.010042 
 5.092665 	 0.012436 
 5.208991 	 0.014884 
 5.328263 	 0.017386 
 5.450554 	 0.019943 
 5.575940 	 0.022553 
 5.704501 	 0.025218 
 5.836316 	 0.027939 
 5.971469 	 0.030714 
 6.110042 	 0.033545 
 6.252124 	 0.036431 
 6.397802 	 0.039372 
 6.547169 	 0.042368 
 6.700316 	 0.045420 
 6.857341 	 0.048525 
 7.018340 	 0.051685 
 7.183416 	 0.054897 
 7.352670 	 0.058162 
 7.526209 	 0.061477 
 7.704141 	 0.064842 
 7.886577 	 0.068253 
 8.073632 	 0.071710 
 8.265422 	 0.075210 
 8.462068 	 0.078750 
 8.663691 	 0.082326 
 8.870419 	 0.085934 
 9.082380 	 0.089572 
 9.299706 	 0.093233 
 9.522535 	 0.096912 
 9.751004 	 0.100604 
 9.985257 	 0.104302 
 10.225440 	 0.107999 
 10.471704 	 0.111686 
 10.724201 	 0.115354 
 10.983091 	 0.118995 
 11.248534 	 0.122597 
 11.520698 	 0.126149 
 11.799751 	 0.129638 
 12.085868 	 0.133051 
 12.379228 	 0.136373 
 12.680015 	 0.139588 
 12.988417 	 0.142680 
 13.304625 	 0.145629 
 13.628838 	 0.148418 
 13.961259 	 0.151024 
 14.302095 	 0.153426 
 14.651560 	 0.155601 
 15.009871 	 0.157523 
 15.377253 	 0.159167 
 15.753935 	 0.160506 
 16.140153 	 0.161510 
 16.536148 	 0.162151 
 16.942168 	 0.162397 
 17.358466 	 0.162218 
 17.785303 	 0.161580 
 18.222945 	 0.160451 
 18.671667 	 0.158798 
 19.131747 	 0.156587 
 19.603475 	 0.153785 
 20.087144 	 0.150360 
 20.583058 	 0.146281 
 21.091526 	 0.141519 
 21.612866 	 0.136046 
 22.147403 	 0.129838 
 22.695473 	 0.122875 
 23.257416 	 0.115140 
 23.833586 	 0.106624 
 24.424341 	 0.097321 
 25.030051 	 0.087235 
 25.651095 	 0.076377 
 26.287861 	 0.064770 
 26.940747 	 0.052445 
 27.610160 	 0.039448 
 28.296520 	 0.025837 
 29.000255 	 0.011685 
 29.721805 	 -0.002919 
 30.461621 	 -0.017867 
 31.220166 	 -0.033037 
 31.997914 	 -0.048284 
 32.795350 	 -0.063446 
 33.612973 	 -0.078341 
 34.451295 	 -0.092770 
 35.310839 	 -0.106512 
 36.192142 	 -0.119334 
 37.095756 	 -0.130986 
 38.022244 	 -0.141209 
 38.972187 	 -0.149737 
 39.946178 	 -0.156303 
 40.944826 	 -0.160644 
 41.968754 	 -0.162513 
 43.018603 	 -0.161682 
 44.095030 	 -0.157958 
 45.198706 	 -0.151189 
 46.330322 	 -0.141280 
 47.490584 	 -0.128204 
 48.680220 	 -0.112014 
 49.899970 	 -0.092860 
 51.150599 	 -0.070993 
 52.432888 	 -0.046783 
 53.747638 	 -0.020720 
 55.095671 	 0.006581 
 56.477830 	 0.034379 
 57.894978 	 0.061823 
 59.348002 	 0.087960 
 60.837809 	 0.111765 
 62.365330 	 0.132174 
 63.931522 	 0.148128 
 65.537361 	 0.158629 
 67.183852 	 0.162802 
 68.872025 	 0.159966 
 70.602934 	 0.149709 
 72.377661 	 0.131962 
 74.197315 	 0.107066 
 76.063034 	 0.075825 
 77.975984 	 0.039538 
 79.937361 	 0.000000 
