 0.500000 	 0.000000 
 0.500063 	 -0.000000 
 0.500127 	 -0.000000 
 0.500193 	 -0.000000 
 0.500261 	 -0.000000 
 0.500330 	 -0.000000 
 0.500401 	 -0.000000 
 0.500474 	 -0.000000 
 0.500549 	 -0.000000 
 0.500625 	 -0.000000 
 0.500704 	 -0.000000 
 0.500785 	 -0.000000 
 0.500867 	 -0.000000 
 0.500952 	 -0.000000 
 0.501039 	 -0.000000 
 0.501128 	 -0.000000 
 0.501219 	 -0.000000 
 0.501313 	 -0.000000 
 0.501409 	 -0.000000 
 0.501507 	 -0.000000 
 0.501608 	 -0.000000 
 0.501711 	 -0.000000 
 0.501818 	 -0.000000 
 0.501926 	 -0.000000 
 0.502038 	 -0.000000 
 0.502152 	 -0.000000 
 0.502269 	 -0.000000 
 0.502390 	 -0.000000 
 0.502513 	 -0.000000 
 0.502639 	 -0.000000 
 0.502769 	 -0.000000 
 0.502902 	 -0.000000 
 0.503038 	 -0.000000 
 0.503177 	 -0.000000 
 0.503321 	 -0.000000 
 0.503467 	 -0.000000 
 0.503618 	 -0.000000 
 0.503772 	 -0.000000 
 0.503931 	 -0.000000 
 0.504093 	 -0.000000 
 0.504259 	 -0.000000 
 0.504430 	 -0.000000 
 0.504605 	 -0.000000 
 0.504784 	 -0.000000 
 0.504968 	 -0.000000 
 0.505156 	 -0.000000 
 0.505350 	 -0.000000 
 0.505548 	 -0.000000 
 0.505751 	 -0.000000 
 0.505959 	 -0.000000 
 0.506173 	 -0.000000 
 0.506392 	 -0.000000 
 0.506617 	 -0.000000 
 0.506847 	 -0.000000 
 0.507083 	 -0.000000 
 0.507325 	 -0.000000 
 0.507573 	 -0.000000 
 0.507828 	 -0.000000 
 0.508088 	 -0.000000 
 0.508356 	 -0.000000 
 0.508630 	 -0.000000 
 0.508911 	 -0.000000 
 0.509200 	 -0.000000 
 0.509495 	 -0.000000 
 0.509799 	 -0.000000 
 0.510109 	 -0.000000 
 0.510428 	 -0.000000 
 0.510755 	 -0.000000 
 0.511090 	 -0.000000 
 0.511433 	 -0.000000 
 0.511785 	 -0.000000 
 0.512147 	 -0.000000 
 0.512517 	 -0.000000 
 0.512896 	 -0.000000 
 0.513286 	 -0.000000 
 0.513685 	 -0.000000 
 0.514094 	 -0.000000 
 0.514513 	 -0.000000 
 0.514944 	 -0.000000 
 0.515385 	 -0.000000 
 0.515837 	 -0.000000 
 0.516301 	 -0.000000 
 0.516776 	 -0.000000 
 0.517263 	 -0.000000 
 0.517763 	 -0.000000 
 0.518276 	 -0.000000 
 0.518801 	 -0.000000 
 0.519340 	 -0.000000 
 0.519892 	 -0.000000 
 0.520458 	 -0.000000 
 0.521039 	 -0.000000 
 0.521634 	 -0.000000 
 0.522245 	 -0.000000 
 0.522871 	 -0.000000 
 0.523512 	 -0.000000 
 0.524170 	 -0.000000 
 0.524845 	 -0.000000 
 0.525537 	 -0.000000 
 0.526246 	 -0.000000 
 0.526973 	 -0.000000 
 0.527719 	 -0.000000 
 0.528483 	 -0.000000 
 0.529267 	 -0.000000 
 0.530071 	 -0.000000 
 0.530895 	 -0.000000 
 0.531739 	 -0.000000 
 0.532606 	 -0.000000 
 0.533494 	 -0.000000 
 0.534404 	 -0.000000 
 0.535338 	 -0.000000 
 0.536295 	 -0.000000 
 0.537277 	 -0.000000 
 0.538283 	 -0.000000 
 0.539315 	 -0.000000 
 0.540373 	 -0.000000 
 0.541458 	 -0.000000 
 0.542570 	 -0.000000 
 0.543711 	 -0.000000 
 0.544880 	 -0.000000 
 0.546079 	 -0.000000 
 0.547308 	 -0.000000 
 0.548569 	 -0.000000 
 0.549861 	 -0.000000 
 0.551186 	 -0.000000 
 0.552544 	 -0.000000 
 0.553937 	 -0.000000 
 0.555366 	 -0.000000 
 0.556830 	 -0.000000 
 0.558331 	 -0.000000 
 0.559871 	 -0.000000 
 0.561449 	 -0.000000 
 0.563067 	 -0.000000 
 0.564727 	 -0.000000 
 0.566428 	 -0.000000 
 0.568172 	 -0.000000 
 0.569961 	 -0.000000 
 0.571795 	 -0.000000 
 0.573675 	 -0.000000 
 0.575603 	 -0.000000 
 0.577580 	 -0.000000 
 0.579606 	 -0.000000 
 0.581684 	 -0.000000 
 0.583815 	 -0.000000 
 0.585999 	 -0.000000 
 0.588239 	 -0.000000 
 0.590536 	 -0.000000 
 0.592890 	 -0.000000 
 0.595305 	 -0.000000 
 0.597780 	 -0.000000 
 0.600318 	 -0.000000 
 0.602920 	 -0.000000 
 0.605589 	 -0.000000 
 0.608324 	 -0.000000 
 0.611129 	 -0.000000 
 0.614005 	 -0.000000 
 0.616954 	 -0.000000 
 0.619978 	 -0.000000 
 0.623078 	 -0.000000 
 0.626256 	 -0.000000 
 0.629515 	 -0.000000 
 0.632857 	 -0.000000 
 0.636283 	 -0.000000 
 0.639795 	 -0.000000 
 0.643397 	 -0.000000 
 0.647090 	 -0.000000 
 0.650876 	 -0.000000 
 0.654758 	 -0.000000 
 0.658739 	 -0.000000 
 0.662820 	 -0.000000 
 0.667005 	 -0.000000 
 0.671295 	 -0.000000 
 0.675694 	 -0.000000 
 0.680205 	 -0.000000 
 0.684829 	 -0.000000 
 0.689571 	 -0.000000 
 0.694433 	 -0.000000 
 0.699418 	 -0.000000 
 0.704529 	 -0.000000 
 0.709769 	 -0.000000 
 0.715142 	 -0.000000 
 0.720651 	 -0.000000 
 0.726300 	 -0.000000 
 0.732092 	 -0.000000 
 0.738030 	 -0.000000 
 0.744118 	 -0.000000 
 0.750361 	 -0.000000 
 0.756762 	 -0.000000 
 0.763324 	 -0.000000 
 0.770053 	 -0.000000 
 0.776952 	 -0.000001 
 0.784026 	 -0.000001 
 0.791279 	 -0.000002 
 0.798715 	 -0.000003 
 0.806340 	 -0.000006 
 0.814158 	 -0.000010 
 0.822174 	 -0.000016 
 0.830392 	 -0.000027 
 0.838819 	 -0.000043 
 0.847459 	 -0.000067 
 0.856318 	 -0.000102 
 0.865401 	 -0.000154 
 0.874714 	 -0.000227 
 0.884262 	 -0.000328 
 0.894053 	 -0.000464 
 0.904091 	 -0.000643 
 0.914383 	 -0.000874 
 0.924936 	 -0.001165 
 0.935756 	 -0.001523 
 0.946850 	 -0.001952 
 0.958225 	 -0.002455 
 0.969888 	 -0.003027 
 0.981846 	 -0.003661 
 0.994107 	 -0.004344 
 1.006678 	 -0.005057 
 1.019567 	 -0.005772 
 1.032783 	 -0.006461 
 1.046333 	 -0.007089 
 1.060226 	 -0.007620 
 1.074471 	 -0.008017 
 1.089077 	 -0.008246 
 1.104052 	 -0.008279 
 1.119406 	 -0.008092 
 1.135149 	 -0.007672 
 1.151291 	 -0.007015 
 1.167841 	 -0.006125 
 1.184811 	 -0.005022 
 1.202209 	 -0.003730 
 1.220049 	 -0.002285 
 1.238339 	 -0.000731 
 1.257093 	 0.000887 
 1.276322 	 0.002517 
 1.296037 	 0.004109 
 1.316252 	 0.005614 
 1.336978 	 0.006986 
 1.358229 	 0.008185 
 1.380018 	 0.009177 
 1.402359 	 0.009935 
 1.425265 	 0.010441 
 1.448751 	 0.010684 
 1.472831 	 0.010660 
 1.497521 	 0.010373 
 1.522836 	 0.009834 
 1.548792 	 0.009059 
 1.575405 	 0.008067 
 1.602692 	 0.006882 
 1.630670 	 0.005531 
 1.659355 	 0.004041 
 1.688767 	 0.002441 
 1.718924 	 0.000758 
 1.749844 	 -0.000979 
 1.781547 	 -0.002746 
 1.814052 	 -0.004517 
 1.847380 	 -0.006270 
 1.881552 	 -0.007986 
 1.916589 	 -0.009646 
 1.952513 	 -0.011237 
 1.989346 	 -0.012744 
 2.027112 	 -0.014158 
 2.065833 	 -0.015470 
 2.105535 	 -0.016673 
 2.146243 	 -0.017764 
 2.187980 	 -0.018739 
 2.230774 	 -0.019598 
 2.274652 	 -0.020339 
 2.319640 	 -0.020964 
 2.365767 	 -0.021475 
 2.413062 	 -0.021874 
 2.461554 	 -0.022165 
 2.511274 	 -0.022351 
 2.562252 	 -0.022436 
 2.614521 	 -0.022424 
 2.668113 	 -0.022320 
 2.723062 	 -0.022127 
 2.779402 	 -0.021851 
 2.837168 	 -0.021496 
 2.896397 	 -0.021065 
 2.957124 	 -0.020562 
 3.019390 	 -0.019993 
 3.083231 	 -0.019359 
 3.148688 	 -0.018664 
 3.215803 	 -0.017913 
 3.284617 	 -0.017106 
 3.355172 	 -0.016248 
 3.427514 	 -0.015340 
 3.501687 	 -0.014385 
 3.577738 	 -0.013384 
 3.655714 	 -0.012340 
 3.735664 	 -0.011254 
 3.817638 	 -0.010128 
 3.901687 	 -0.008961 
 3.987864 	 -0.007756 
 4.076223 	 -0.006514 
 4.166818 	 -0.005234 
 4.259707 	 -0.003918 
 4.354947 	 -0.002565 
 4.452598 	 -0.001176 
 4.552721 	 0.000249 
 4.655379 	 0.001709 
 4.760636 	 0.003206 
 4.868557 	 0.004739 
 4.979210 	 0.006308 
 5.092665 	 0.007914 
 5.208991 	 0.009557 
 5.328263 	 0.011237 
 5.450554 	 0.012956 
 5.575940 	 0.014713 
 5.704501 	 0.016510 
 5.836316 	 0.018346 
 5.971469 	 0.020222 
 6.110042 	 0.022140 
 6.252124 	 0.024099 
 6.397802 	 0.026100 
 6.547169 	 0.028144 
 6.700316 	 0.030231 
 6.857341 	 0.032362 
 7.018340 	 0.034538 
 7.183416 	 0.036759 
 7.352670 	 0.039026 
 7.526209 	 0.041338 
 7.704141 	 0.043697 
 7.886577 	 0.046102 
 8.073632 	 0.048555 
 8.265422 	 0.051054 
 8.462068 	 0.053600 
 8.663691 	 0.056193 
 8.870419 	 0.058832 
 9.082380 	 0.061518 
 9.299706 	 0.064250 
 9.522535 	 0.067027 
 9.751004 	 0.069848 
 9.985257 	 0.072712 
 10.225440 	 0.075618 
 10.471704 	 0.078565 
 10.724201 	 0.081551 
 10.983091 	 0.084573 
 11.248534 	 0.087629 
 11.520698 	 0.090717 
 11.799751 	 0.093833 
 12.085868 	 0.096974 
 12.379228 	 0.100137 
 12.680015 	 0.103317 
 12.988417 	 0.106509 
 13.304625 	 0.109709 
 13.628838 	 0.112909 
 13.961259 	 0.116105 
 14.302095 	 0.119289 
 14.651560 	 0.122452 
 15.009871 	 0.125588 
 15.377253 	 0.128687 
 15.753935 	 0.131740 
 16.140153 	 0.134734 
 16.536148 	 0.137660 
 16.942168 	 0.140504 
 17.358466 	 0.143254 
 17.785303 	 0.145894 
 18.222945 	 0.148410 
 18.671667 	 0.150786 
 19.131747 	 0.153003 
 19.603475 	 0.155044 
 20.087144 	 0.156888 
 20.583058 	 0.158516 
 21.091526 	 0.159905 
 21.612866 	 0.161032 
 22.147403 	 0.161873 
 22.695473 	 0.162404 
 23.257416 	 0.162597 
 23.833586 	 0.162427 
 24.424341 	 0.161866 
 25.030051 	 0.160885 
 25.651095 	 0.159455 
 26.287861 	 0.157548 
 26.940747 	 0.155133 
 27.610160 	 0.152184 
 28.296520 	 0.148670 
 29.000255 	 0.144564 
 29.721805 	 0.139841 
 30.461621 	 0.134476 
 31.220166 	 0.128447 
 31.997914 	 0.121735 
 32.795350 	 0.114325 
 33.612973 	 0.106205 
 34.451295 	 0.097371 
 35.310839 	 0.087821 
 36.192142 	 0.077565 
 37.095756 	 0.066617 
 38.022244 	 0.055001 
 38.972187 	 0.042752 
 39.946178 	 0.029916 
 40.944826 	 0.016552 
 41.968754 	 0.002732 
 43.018603 	 -0.011460 
 44.095030 	 -0.025920 
 45.198706 	 -0.040530 
 46.330322 	 -0.055156 
 47.490584 	 -0.069646 
 48.680220 	 -0.083830 
 49.899970 	 -0.097522 
 51.150599 	 -0.110519 
 52.432888 	 -0.122605 
 53.747638 	 -0.133551 
 55.095671 	 -0.143117 
 56.477830 	 -0.151061 
 57.894978 	 -0.157134 
 59.348002 	 -0.161098 
 60.837809 	 -0.162722 
 62.365330 	 -0.161795 
 63.931522 	 -0.158138 
 65.537361 	 -0.151604 
 67.183852 	 -0.142101 
 68.872025 	 -0.129593 
 70.602934 	 -0.114119 
 72.377661 	 -0.095800 
 74.197315 	 -0.074853 
 76.063034 	 -0.051597 
 77.975984 	 -0.026464 
 79.937361 	 0.000000 
