 0.500000 	 0.000000 
 0.500063 	 -0.000000 
 0.500127 	 -0.000000 
 0.500193 	 -0.000000 
 0.500261 	 -0.000000 
 0.500330 	 -0.000000 
 0.500401 	 -0.000000 
 0.500474 	 -0.000000 
 0.500549 	 -0.000000 
 0.500625 	 -0.000000 
 0.500704 	 -0.000000 
 0.500785 	 -0.000000 
 0.500867 	 -0.000000 
 0.500952 	 -0.000000 
 0.501039 	 -0.000000 
 0.501128 	 -0.000000 
 0.501219 	 -0.000000 
 0.501313 	 -0.000000 
 0.501409 	 -0.000000 
 0.501507 	 -0.000000 
 0.501608 	 -0.000000 
 0.501711 	 -0.000000 
 0.501818 	 -0.000000 
 0.501926 	 -0.000000 
 0.502038 	 -0.000000 
 0.502152 	 -0.000000 
 0.502269 	 -0.000000 
 0.502390 	 -0.000000 
 0.502513 	 -0.000000 
 0.502639 	 -0.000000 
 0.502769 	 -0.000000 
 0.502902 	 -0.000000 
 0.503038 	 -0.000000 
 0.503177 	 -0.000000 
 0.503321 	 -0.000000 
 0.503467 	 -0.000000 
 0.503618 	 -0.000000 
 0.503772 	 -0.000000 
 0.503931 	 -0.000000 
 0.504093 	 -0.000000 
 0.504259 	 -0.000000 
 0.504430 	 -0.000000 
 0.504605 	 -0.000000 
 0.504784 	 -0.000000 
 0.504968 	 -0.000000 
 0.505156 	 -0.000000 
 0.505350 	 -0.000000 
 0.505548 	 -0.000000 
 0.505751 	 -0.000000 
 0.505959 	 -0.000000 
 0.506173 	 -0.000000 
 0.506392 	 -0.000000 
 0.506617 	 -0.000000 
 0.506847 	 -0.000000 
 0.507083 	 -0.000000 
 0.507325 	 -0.000000 
 0.507573 	 -0.000000 
 0.507828 	 -0.000000 
 0.508088 	 -0.000000 
 0.508356 	 -0.000000 
 0.508630 	 -0.000000 
 0.508911 	 -0.000000 
 0.509200 	 -0.000000 
 0.509495 	 -0.000000 
 0.509799 	 -0.000000 
 0.510109 	 -0.000000 
 0.510428 	 -0.000000 
 0.510755 	 -0.000000 
 0.511090 	 -0.000000 
 0.511433 	 -0.000000 
 0.511785 	 -0.000000 
 0.512147 	 -0.000000 
 0.512517 	 -0.000000 
 0.512896 	 -0.000000 
 0.513286 	 -0.000000 
 0.513685 	 -0.000000 
 0.514094 	 -0.000000 
 0.514513 	 -0.000000 
 0.514944 	 -0.000000 
 0.515385 	 -0.000000 
 0.515837 	 -0.000000 
 0.516301 	 -0.000000 
 0.516776 	 -0.000000 
 0.517263 	 -0.000000 
 0.517763 	 -0.000000 
 0.518276 	 -0.000000 
 0.518801 	 -0.000000 
 0.519340 	 -0.000000 
 0.519892 	 -0.000000 
 0.520458 	 -0.000000 
 0.521039 	 -0.000000 
 0.521634 	 -0.000000 
 0.522245 	 -0.000000 
 0.522871 	 -0.000000 
 0.523512 	 -0.000000 
 0.524170 	 -0.000000 
 0.524845 	 -0.000000 
 0.525537 	 -0.000000 
 0.526246 	 -0.000000 
 0.526973 	 -0.000000 
 0.527719 	 -0.000000 
 0.528483 	 -0.000000 
 0.529267 	 -0.000000 
 0.530071 	 -0.000000 
 0.530895 	 -0.000000 
 0.531739 	 -0.000000 
 0.532606 	 -0.000000 
 0.533494 	 -0.000000 
 0.534404 	 -0.000000 
 0.535338 	 -0.000000 
 0.536295 	 -0.000000 
 0.537277 	 -0.000000 
 0.538283 	 -0.000000 
 0.539315 	 -0.000000 
 0.540373 	 -0.000000 
 0.541458 	 -0.000000 
 0.542570 	 -0.000000 
 0.543711 	 -0.000000 
 0.544880 	 -0.000000 
 0.546079 	 -0.000000 
 0.547308 	 -0.000000 
 0.548569 	 -0.000000 
 0.549861 	 -0.000000 
 0.551186 	 -0.000000 
 0.552544 	 -0.000000 
 0.553937 	 -0.000000 
 0.555366 	 -0.000000 
 0.556830 	 -0.000000 
 0.558331 	 -0.000000 
 0.559871 	 -0.000000 
 0.561449 	 -0.000000 
 0.563067 	 -0.000000 
 0.564727 	 -0.000000 
 0.566428 	 -0.000000 
 0.568172 	 -0.000000 
 0.569961 	 -0.000000 
 0.571795 	 -0.000000 
 0.573675 	 -0.000000 
 0.575603 	 -0.000000 
 0.577580 	 -0.000000 
 0.579606 	 -0.000000 
 0.581684 	 -0.000000 
 0.583815 	 -0.000000 
 0.585999 	 -0.000000 
 0.588239 	 -0.000000 
 0.590536 	 -0.000000 
 0.592890 	 -0.000000 
 0.595305 	 -0.000000 
 0.597780 	 -0.000000 
 0.600318 	 -0.000000 
 0.602920 	 -0.000000 
 0.605589 	 -0.000000 
 0.608324 	 -0.000000 
 0.611129 	 -0.000000 
 0.614005 	 -0.000000 
 0.616954 	 -0.000000 
 0.619978 	 -0.000000 
 0.623078 	 -0.000000 
 0.626256 	 -0.000000 
 0.629515 	 -0.000000 
 0.632857 	 -0.000000 
 0.636283 	 -0.000000 
 0.639795 	 -0.000000 
 0.643397 	 -0.000000 
 0.647090 	 -0.000000 
 0.650876 	 -0.000000 
 0.654758 	 -0.000000 
 0.658739 	 -0.000000 
 0.662820 	 -0.000000 
 0.667005 	 -0.000000 
 0.671295 	 -0.000000 
 0.675694 	 -0.000000 
 0.680205 	 -0.000000 
 0.684829 	 -0.000000 
 0.689571 	 -0.000000 
 0.694433 	 -0.000000 
 0.699418 	 -0.000000 
 0.704529 	 -0.000000 
 0.709769 	 -0.000000 
 0.715142 	 -0.000000 
 0.720651 	 -0.000000 
 0.726300 	 -0.000000 
 0.732092 	 -0.000000 
 0.738030 	 -0.000000 
 0.744118 	 -0.000000 
 0.750361 	 -0.000000 
 0.756762 	 -0.000000 
 0.763324 	 -0.000000 
 0.770053 	 -0.000001 
 0.776952 	 -0.000001 
 0.784026 	 -0.000002 
 0.791279 	 -0.000004 
 0.798715 	 -0.000006 
 0.806340 	 -0.000011 
 0.814158 	 -0.000019 
 0.822174 	 -0.000031 
 0.830392 	 -0.000051 
 0.838819 	 -0.000081 
 0.847459 	 -0.000127 
 0.856318 	 -0.000195 
 0.865401 	 -0.000294 
 0.874714 	 -0.000433 
 0.884262 	 -0.000625 
 0.894053 	 -0.000885 
 0.904091 	 -0.001227 
 0.914383 	 -0.001668 
 0.924936 	 -0.002223 
 0.935756 	 -0.002906 
 0.946850 	 -0.003725 
 0.958225 	 -0.004683 
 0.969888 	 -0.005775 
 0.981846 	 -0.006986 
 0.994107 	 -0.008289 
 1.006678 	 -0.009647 
 1.019567 	 -0.011013 
 1.032783 	 -0.012327 
 1.046333 	 -0.013525 
 1.060226 	 -0.014537 
 1.074471 	 -0.015294 
 1.089077 	 -0.015732 
 1.104052 	 -0.015794 
 1.119406 	 -0.015437 
 1.135149 	 -0.014635 
 1.151291 	 -0.013380 
 1.167841 	 -0.011683 
 1.184811 	 -0.009577 
 1.202209 	 -0.007112 
 1.220049 	 -0.004356 
 1.238339 	 -0.001389 
 1.257093 	 0.001697 
 1.276322 	 0.004807 
 1.296037 	 0.007845 
 1.316252 	 0.010715 
 1.336978 	 0.013332 
 1.358229 	 0.015619 
 1.380018 	 0.017510 
 1.402359 	 0.018955 
 1.425265 	 0.019918 
 1.448751 	 0.020379 
 1.472831 	 0.020332 
 1.497521 	 0.019783 
 1.522836 	 0.018752 
 1.548792 	 0.017270 
 1.575405 	 0.015375 
 1.602692 	 0.013113 
 1.630670 	 0.010533 
 1.659355 	 0.007688 
 1.688767 	 0.004633 
 1.718924 	 0.001421 
 1.749844 	 -0.001896 
 1.781547 	 -0.005267 
 1.814052 	 -0.008646 
 1.847380 	 -0.011991 
 1.881552 	 -0.015264 
 1.916589 	 -0.018431 
 1.952513 	 -0.021462 
 1.989346 	 -0.024335 
 2.027112 	 -0.027028 
 2.065833 	 -0.029525 
 2.105535 	 -0.031815 
 2.146243 	 -0.033888 
 2.187980 	 -0.035739 
 2.230774 	 -0.037366 
 2.274652 	 -0.038768 
 2.319640 	 -0.039947 
 2.365767 	 -0.040906 
 2.413062 	 -0.041650 
 2.461554 	 -0.042185 
 2.511274 	 -0.042518 
 2.562252 	 -0.042656 
 2.614521 	 -0.042607 
 2.668113 	 -0.042379 
 2.723062 	 -0.041981 
 2.779402 	 -0.041421 
 2.837168 	 -0.040706 
 2.896397 	 -0.039844 
 2.957124 	 -0.038843 
 3.019390 	 -0.037710 
 3.083231 	 -0.036452 
 3.148688 	 -0.035075 
 3.215803 	 -0.033585 
 3.284617 	 -0.031987 
 3.355172 	 -0.030287 
 3.427514 	 -0.028489 
 3.501687 	 -0.026596 
 3.577738 	 -0.024614 
 3.655714 	 -0.022545 
 3.735664 	 -0.020392 
 3.817638 	 -0.018158 
 3.901687 	 -0.015845 
 3.987864 	 -0.013455 
 4.076223 	 -0.010990 
 4.166818 	 -0.008450 
 4.259707 	 -0.005839 
 4.354947 	 -0.003155 
 4.452598 	 -0.000401 
 4.552721 	 0.002423 
 4.655379 	 0.005317 
 4.760636 	 0.008279 
 4.868557 	 0.011311 
 4.979210 	 0.014410 
 5.092665 	 0.017578 
 5.208991 	 0.020812 
 5.328263 	 0.024114 
 5.450554 	 0.027483 
 5.575940 	 0.030917 
 5.704501 	 0.034417 
 5.836316 	 0.037982 
 5.971469 	 0.041609 
 6.110042 	 0.045299 
 6.252124 	 0.049049 
 6.397802 	 0.052858 
 6.547169 	 0.056723 
 6.700316 	 0.060642 
 6.857341 	 0.064613 
 7.018340 	 0.068630 
 7.183416 	 0.072692 
 7.352670 	 0.076793 
 7.526209 	 0.080928 
 7.704141 	 0.085091 
 7.886577 	 0.089277 
 8.073632 	 0.093478 
 8.265422 	 0.097686 
 8.462068 	 0.101892 
 8.663691 	 0.106087 
 8.870419 	 0.110260 
 9.082380 	 0.114399 
 9.299706 	 0.118491 
 9.522535 	 0.122523 
 9.751004 	 0.126479 
 9.985257 	 0.130343 
 10.225440 	 0.134096 
 10.471704 	 0.137720 
 10.724201 	 0.141194 
 10.983091 	 0.144495 
 11.248534 	 0.147601 
 11.520698 	 0.150485 
 11.799751 	 0.153121 
 12.085868 	 0.155480 
 12.379228 	 0.157534 
 12.680015 	 0.159249 
 12.988417 	 0.160595 
 13.304625 	 0.161536 
 13.628838 	 0.162038 
 13.961259 	 0.162063 
 14.302095 	 0.161577 
 14.651560 	 0.160540 
 15.009871 	 0.158915 
 15.377253 	 0.156664 
 15.753935 	 0.153751 
 16.140153 	 0.150140 
 16.536148 	 0.145796 
 16.942168 	 0.140688 
 17.358466 	 0.134786 
 17.785303 	 0.128067 
 18.222945 	 0.120510 
 18.671667 	 0.112101 
 19.131747 	 0.102834 
 19.603475 	 0.092709 
 20.087144 	 0.081738 
 20.583058 	 0.069941 
 21.091526 	 0.057355 
 21.612866 	 0.044025 
 22.147403 	 0.030016 
 22.695473 	 0.015407 
 23.257416 	 0.000295 
 23.833586 	 -0.015201 
 24.424341 	 -0.030946 
 25.030051 	 -0.046780 
 25.651095 	 -0.062524 
 26.287861 	 -0.077977 
 26.940747 	 -0.092917 
 27.610160 	 -0.107103 
 28.296520 	 -0.120275 
 29.000255 	 -0.132160 
 29.721805 	 -0.142474 
 30.461621 	 -0.150927 
 31.220166 	 -0.157233 
 31.997914 	 -0.161110 
 32.795350 	 -0.162299 
 33.612973 	 -0.160566 
 34.451295 	 -0.155720 
 35.310839 	 -0.147621 
 36.192142 	 -0.136198 
 37.095756 	 -0.121461 
 38.022244 	 -0.103514 
 38.972187 	 -0.082572 
 39.946178 	 -0.058969 
 40.944826 	 -0.033169 
 41.968754 	 -0.005770 
 43.018603 	 0.022497 
 44.095030 	 0.050769 
 45.198706 	 0.078075 
 46.330322 	 0.103353 
 47.490584 	 0.125485 
 48.680220 	 0.143347 
 49.899970 	 0.155860 
 51.150599 	 0.162058 
 52.432888 	 0.161164 
 53.747638 	 0.152669 
 55.095671 	 0.136412 
 56.477830 	 0.112655 
 57.894978 	 0.082142 
 59.348002 	 0.046139 
 60.837809 	 0.006439 
 62.365330 	 -0.034675 
 63.931522 	 -0.074516 
 65.537361 	 -0.110138 
 67.183852 	 -0.138541 
 68.872025 	 -0.156921 
 70.602934 	 -0.162978 
 72.377661 	 -0.155224 
 74.197315 	 -0.133293 
 76.063034 	 -0.098185 
 77.975984 	 -0.052415 
 79.937361 	 0.000000 
