0.000000	0.000000
0.030000	0.000000
0.060000	0.000000
0.090000	0.000000
0.120000	0.000000
0.150000	0.000000
0.180000	0.000000
0.210000	0.000000
0.240000	0.000000
0.270000	0.000000
0.300000	0.000000
0.330000	0.000000
0.360000	0.000000
0.390000	0.000000
0.420000	0.000000
0.450000	0.000000
0.480000	0.000000
0.510000	0.000000
0.540000	0.000000
0.570000	0.000000
0.600000	0.000000
0.630000	0.000000
0.660000	0.000000
0.690000	0.000000
0.720000	0.000000
0.750000	0.000000
0.780000	0.000000
0.810000	0.000000
0.840000	0.000380
0.870000	0.047090
0.900000	0.985000
0.930000	6.255330
0.960000	18.845260
0.990000	35.024050
1.020000	47.666160
1.050000	53.535110
1.080000	53.125470
1.110000	49.044590
1.140000	43.291770
1.170000	37.312450
1.200000	31.785540
1.230000	27.050040
1.260000	23.201920
1.290000	20.106450
1.320000	17.747520
1.350000	15.993880
1.380000	14.838520
1.410000	14.188250
1.440000	14.030730
1.470000	14.382630
1.500000	15.255800
1.530000	16.608860
1.560000	18.529570
1.590000	20.971020
1.620000	23.969090
1.650000	27.572900
1.680000	31.870820
1.710000	36.838240
1.740000	42.524740
1.770000	48.774920
1.800000	55.238050
1.830000	61.649000
1.860000	67.522370
1.890000	72.636570
1.920000	76.937630
1.950000	80.410780
1.980000	83.208560
2.010000	85.231220
2.040000	86.538210
2.070000	86.995840
2.100000	86.469590
2.130000	84.846820
2.160000	81.749990
2.190000	76.832840
2.220000	70.376300
2.250000	63.269130
2.280000	56.585360
2.310000	50.754720
2.340000	45.571180
2.370000	40.849610
2.400000	36.835020
2.430000	33.415540
2.460000	30.796850
2.490000	29.113240
2.520000	28.580720
2.550000	29.417130
2.580000	31.594210
2.610000	35.054110
2.640000	39.531450
2.670000	44.701220
2.700000	49.807940
2.730000	54.368680
2.760000	57.547770
2.790000	58.796170
2.820000	57.818370
2.850000	54.505850
2.880000	49.140920
2.910000	42.346230
2.940000	34.730000
2.970000	27.179000
