0.000000	0.000000
0.030000	0.000000
0.060000	0.000000
0.090000	0.000000
0.120000	0.000000
0.150000	0.000000
0.180000	0.000000
0.210000	0.000000
0.240000	0.000000
0.270000	0.000000
0.300000	0.000000
0.330000	0.000000
0.360000	0.000000
0.390000	0.000000
0.420000	0.000000
0.450000	0.000000
0.480000	0.000000
0.510000	0.000000
0.540000	0.000000
0.570000	0.000000
0.600000	0.000000
0.630000	0.000000
0.660000	0.000000
0.690000	0.000000
0.720000	0.000000
0.750000	0.000000
0.780000	0.000000
0.810000	0.000000
0.840000	0.000000
0.870000	0.000070
0.900000	0.015740
0.930000	0.597080
0.960000	5.789190
0.990000	22.072150
1.020000	45.798260
1.050000	63.988160
1.080000	69.295380
1.110000	64.032550
1.140000	53.995800
1.170000	43.293490
1.200000	34.155240
1.230000	26.959760
1.260000	21.632160
1.290000	17.823710
1.320000	15.177930
1.350000	13.329700
1.380000	12.095840
1.410000	11.199130
1.440000	10.712170
1.470000	10.572610
1.500000	11.032000
1.530000	12.175470
1.560000	14.283760
1.590000	17.273430
1.620000	20.980050
1.650000	25.233420
1.680000	29.842900
1.710000	34.861630
1.740000	40.548750
1.770000	46.951090
1.800000	54.258760
1.830000	62.193110
1.860000	70.301810
1.890000	77.730910
1.920000	83.701700
1.950000	87.228040
1.980000	88.261340
2.010000	87.848890
2.040000	87.827440
2.070000	89.044910
2.100000	91.031250
2.130000	92.387870
2.160000	91.617020
2.190000	87.304020
2.220000	78.022740
2.250000	66.000420
2.280000	55.781300
2.310000	48.436070
2.340000	42.583690
2.370000	37.103140
2.400000	31.745140
2.430000	26.595890
2.460000	21.938710
2.490000	18.298110
2.520000	16.192580
2.550000	16.009120
2.580000	18.182010
2.610000	22.872660
2.640000	29.914480
2.670000	39.010740
2.700000	49.425170
2.730000	59.760170
2.760000	68.528440
2.790000	74.123740
2.820000	75.386660
2.850000	71.505280
2.880000	62.884920
2.910000	50.660520
2.940000	37.228160
2.970000	24.823300
