0.000000	0.000000
0.030000	0.000000
0.060000	0.000000
0.090000	0.000000
0.120000	0.000000
0.150000	0.000000
0.180000	0.000000
0.210000	0.000000
0.240000	0.000000
0.270000	0.000000
0.300000	0.000000
0.330000	0.000000
0.360000	0.000000
0.390000	0.000000
0.420000	0.000000
0.450000	0.000000
0.480000	0.000000
0.510000	0.000000
0.540000	0.000000
0.570000	0.000000
0.600000	0.000000
0.630000	0.000000
0.660000	0.000000
0.690000	0.000000
0.720000	0.000000
0.750000	0.000000
0.780000	0.000000
0.810000	0.000000
0.840000	0.000000
0.870000	0.000290
0.900000	0.056070
0.930000	1.247840
0.960000	8.360700
0.990000	25.622310
1.020000	46.803670
1.050000	61.403100
1.080000	65.084600
1.110000	60.417970
1.140000	51.854630
1.170000	42.512860
1.200000	34.222130
1.230000	27.493790
1.260000	22.408330
1.290000	18.593710
1.320000	15.854230
1.350000	13.923110
1.380000	12.562860
1.410000	11.618880
1.440000	11.113890
1.470000	11.110480
1.500000	11.643630
1.530000	12.887430
1.560000	14.925530
1.590000	17.752590
1.620000	21.324560
1.650000	25.446060
1.680000	30.010130
1.710000	35.149330
1.740000	40.956270
1.770000	47.436850
1.800000	54.698220
1.830000	62.355020
1.860000	69.873200
1.890000	76.714930
1.920000	81.968150
1.950000	85.185350
1.980000	86.685790
2.010000	87.405560
2.040000	88.365360
2.070000	89.798480
2.100000	91.192370
2.130000	91.524330
2.160000	90.142710
2.190000	85.619760
2.220000	76.737310
2.250000	65.752700
2.280000	56.213020
2.310000	48.958980
2.340000	42.873590
2.370000	37.277730
2.400000	32.056120
2.430000	27.123200
2.460000	22.883380
2.490000	19.637170
2.520000	17.893650
2.550000	18.014150
2.580000	20.368910
2.610000	25.070120
2.640000	31.885630
2.670000	40.399990
2.700000	49.797330
2.730000	58.944970
2.760000	66.576090
2.790000	71.426770
2.820000	72.323290
2.850000	68.573770
2.880000	60.602590
2.910000	49.556520
2.940000	37.253980
2.970000	25.719140
