0.000000	0.000000
0.030000	0.000000
0.060000	0.000000
0.090000	0.000000
0.120000	0.000000
0.150000	0.000000
0.180000	0.000000
0.210000	0.000000
0.240000	0.000000
0.270000	0.000000
0.300000	0.000000
0.330000	0.000000
0.360000	0.000000
0.390000	0.000000
0.420000	0.000000
0.450000	0.000000
0.480000	0.000000
0.510000	0.000000
0.540000	0.000000
0.570000	0.000000
0.600000	0.000000
0.630000	0.000000
0.660000	0.000000
0.690000	0.000000
0.720000	0.000000
0.750000	0.000000
0.780000	0.000000
0.810000	0.000000
0.840000	0.000080
0.870000	0.018630
0.900000	0.532390
0.930000	4.362340
0.960000	15.585500
0.990000	32.322030
1.020000	47.332330
1.050000	55.420660
1.080000	56.376430
1.110000	52.477810
1.140000	46.335490
1.170000	39.605040
1.200000	33.348740
1.230000	27.955570
1.260000	23.540250
1.290000	19.979550
1.320000	17.269170
1.350000	15.307500
1.380000	13.968220
1.410000	13.141430
1.440000	12.832960
1.470000	13.066950
1.500000	13.815150
1.530000	15.174600
1.560000	17.098740
1.590000	19.623130
1.620000	22.754110
1.650000	26.461900
1.680000	30.748180
1.710000	35.812160
1.740000	41.584680
1.770000	48.019680
1.800000	54.864160
1.830000	61.795000
1.860000	68.355990
1.890000	73.980710
1.920000	78.421310
1.950000	81.900410
1.980000	84.649650
2.010000	86.804220
2.040000	88.477500
2.070000	89.366340
2.100000	89.503070
2.130000	88.362270
2.160000	85.627790
2.190000	80.610410
2.220000	73.073840
2.250000	64.451270
2.280000	56.480460
2.310000	49.767600
2.340000	43.965940
2.370000	38.722720
2.400000	34.036480
2.430000	29.993590
2.460000	26.711290
2.490000	24.506750
2.520000	23.595470
2.550000	24.263910
2.580000	26.768350
2.610000	30.933930
2.640000	36.559470
2.670000	43.282290
2.700000	50.211130
2.730000	56.480350
2.760000	61.377890
2.790000	63.911350
2.820000	63.632860
2.850000	60.228820
2.880000	54.026280
2.910000	45.756600
2.940000	36.595120
2.970000	27.510540
