0.000000	0.000000
0.030000	0.000000
0.060000	0.000000
0.090000	0.000000
0.120000	0.000000
0.150000	0.000000
0.180000	0.000000
0.210000	0.000000
0.240000	0.000000
0.270000	0.000000
0.300000	0.000000
0.330000	0.000000
0.360000	0.000000
0.390000	0.000000
0.420000	0.000000
0.450000	0.000000
0.480000	0.000000
0.510000	0.000000
0.540000	0.000000
0.570000	0.000000
0.600000	0.000000
0.630000	0.000000
0.660000	0.000000
0.690000	0.000000
0.720000	0.000000
0.750000	0.000000
0.780000	0.000000
0.810000	0.000000
0.840000	0.000000
0.870000	0.005740
0.900000	0.297640
0.930000	3.164100
0.960000	13.300820
0.990000	30.542320
1.020000	47.376300
1.050000	57.188250
1.080000	58.827070
1.110000	54.845680
1.140000	48.067290
1.170000	40.693420
1.200000	33.842660
1.230000	27.989100
1.260000	23.312110
1.290000	19.635450
1.320000	16.858560
1.350000	14.844440
1.380000	13.449440
1.410000	12.566360
1.440000	12.201010
1.470000	12.343210
1.500000	13.049510
1.530000	14.437350
1.560000	16.424290
1.590000	18.989230
1.620000	22.193750
1.650000	25.975760
1.680000	30.366330
1.710000	35.488080
1.740000	41.274370
1.770000	47.761250
1.800000	54.787020
1.830000	62.148040
1.860000	68.972410
1.890000	74.937490
1.920000	79.616120
1.950000	83.020140
1.980000	85.357320
2.010000	87.347650
2.040000	88.847350
2.070000	89.996510
2.100000	90.229600
2.130000	89.360600
2.160000	86.829240
2.190000	81.956650
2.220000	74.019170
2.250000	64.813440
2.280000	56.301000
2.310000	49.373710
2.340000	43.491780
2.370000	38.218650
2.400000	33.321170
2.430000	28.967600
2.460000	25.362000
2.490000	22.802210
2.520000	21.661920
2.550000	22.165980
2.580000	24.649580
2.610000	28.987720
2.640000	35.136860
2.670000	42.423980
2.700000	50.263350
2.730000	57.510050
2.760000	63.277580
2.790000	66.446490
2.820000	66.419390
2.850000	62.795710
2.880000	56.039890
2.910000	46.997170
2.940000	36.840800
2.970000	27.000390
