0.000000	0.000000
0.030000	0.000000
0.060000	0.000000
0.090000	0.000000
0.120000	0.000000
0.150000	0.000000
0.180000	0.000000
0.210000	0.000000
0.240000	0.000000
0.270000	0.000000
0.300000	0.000000
0.330000	0.000000
0.360000	0.000000
0.390000	0.000000
0.420000	0.000000
0.450000	0.000000
0.480000	0.000000
0.510000	0.000000
0.540000	0.000000
0.570000	0.000000
0.600000	0.000000
0.630000	0.000000
0.660000	0.000000
0.690000	0.000000
0.720000	0.000000
0.750000	0.000000
0.780000	0.000000
0.810000	0.000000
0.840000	0.000000
0.870000	0.000000
0.900000	0.000000
0.930000	0.000000
0.960000	0.002370
0.990000	0.625210
1.020000	16.020610
1.050000	73.590890
1.080000	112.133510
1.110000	93.320170
1.140000	64.233600
1.170000	43.979990
1.200000	29.722810
1.230000	19.952860
1.260000	14.675290
1.290000	12.510980
1.320000	11.939410
1.350000	12.057940
1.380000	12.606530
1.410000	13.035970
1.440000	12.204480
1.470000	9.308900
1.500000	5.445810
1.530000	3.273460
1.560000	5.050400
1.590000	11.809790
1.620000	21.680100
1.650000	29.772150
1.680000	33.210800
1.710000	33.711160
1.740000	35.507280
1.770000	42.924310
1.800000	56.480910
1.830000	67.436420
1.860000	68.013330
1.890000	68.143030
1.920000	82.289040
1.950000	104.134900
1.980000	114.046130
2.010000	105.207400
2.040000	86.749850
2.070000	69.536860
2.100000	68.300760
2.130000	88.536210
2.160000	106.536750
2.190000	104.982280
2.220000	88.677370
2.250000	65.100290
2.280000	54.296470
2.310000	52.602050
2.340000	48.706940
2.370000	39.577110
2.400000	28.667290
2.430000	20.624960
2.460000	15.596090
2.490000	11.160290
2.520000	6.967160
2.550000	4.616070
2.580000	5.644560
2.610000	10.207100
2.640000	17.681750
2.670000	26.544390
2.700000	36.807470
2.730000	52.478760
2.760000	77.168640
2.790000	101.551690
2.820000	109.691860
2.850000	101.071880
2.880000	81.781280
2.910000	54.474280
2.940000	28.015670
2.970000	11.067230
