0.000000	0.000000
0.030000	0.000000
0.060000	0.000000
0.090000	0.000000
0.120000	0.000000
0.150000	0.000000
0.180000	0.000000
0.210000	0.000000
0.240000	0.000000
0.270000	0.000000
0.300000	0.000000
0.330000	0.000000
0.360000	0.000000
0.390000	0.000000
0.420000	0.000000
0.450000	0.000000
0.480000	0.000000
0.510000	0.000000
0.540000	0.000000
0.570000	0.000000
0.600000	0.000000
0.630000	0.000000
0.660000	0.000000
0.690000	0.000000
0.720000	0.000000
0.750000	0.000000
0.780000	0.000000
0.810000	0.000000
0.840000	0.000000
0.870000	0.000000
0.900000	0.002250
0.930000	0.205400
0.960000	3.341310
0.990000	17.533870
1.020000	43.634210
1.050000	66.679660
1.080000	74.533440
1.110000	68.652300
1.140000	56.632700
1.170000	44.120720
1.200000	33.803270
1.230000	26.149630
1.260000	20.695770
1.290000	16.970560
1.320000	14.514710
1.350000	12.894860
1.380000	11.779450
1.410000	10.988320
1.440000	10.342560
1.470000	9.960130
1.500000	10.108970
1.530000	11.084830
1.560000	13.243330
1.590000	16.506820
1.620000	20.570480
1.650000	25.112240
1.680000	29.758080
1.710000	34.787740
1.740000	40.317550
1.770000	46.714700
1.800000	53.860400
1.830000	61.810480
1.860000	70.150970
1.890000	78.354240
1.920000	85.479350
1.950000	89.829890
1.980000	90.474890
2.010000	88.696550
2.040000	87.104500
2.070000	87.688900
2.100000	90.366210
2.130000	93.116690
2.160000	93.513400
2.190000	89.619130
2.220000	79.657290
2.250000	66.431890
2.280000	55.613030
2.310000	48.366210
2.340000	42.684180
2.370000	37.171370
2.400000	31.498300
2.430000	25.846320
2.460000	20.652440
2.490000	16.529860
2.520000	13.954800
2.550000	13.463620
2.580000	15.330840
2.610000	19.951800
2.640000	27.264360
2.670000	37.096040
2.700000	48.566080
2.730000	60.522510
2.760000	70.996070
2.790000	77.964050
2.820000	79.813120
2.850000	75.849440
2.880000	66.154420
2.910000	52.090160
2.940000	36.888190
2.970000	23.294900
