0.000000	0.000000
0.030000	0.000000
0.060000	0.000000
0.090000	0.000000
0.120000	0.000000
0.150000	0.000000
0.180000	0.000000
0.210000	0.000000
0.240000	0.000000
0.270000	0.000000
0.300000	0.000000
0.330000	0.000000
0.360000	0.000000
0.390000	0.000000
0.420000	0.000000
0.450000	0.000000
0.480000	0.000000
0.510000	0.000000
0.540000	0.000000
0.570000	0.000000
0.600000	0.000000
0.630000	0.000000
0.660000	0.000000
0.690000	0.000000
0.720000	0.000000
0.750000	0.000000
0.780000	0.000000
0.810000	0.000000
0.840000	0.000000
0.870000	0.000000
0.900000	0.000070
0.930000	0.033810
0.960000	1.352390
0.990000	11.824640
1.020000	39.510630
1.050000	69.781120
1.080000	81.724240
1.110000	74.662260
1.140000	59.469010
1.170000	44.609520
1.200000	33.054120
1.230000	24.908660
1.260000	19.506690
1.290000	15.969950
1.320000	13.773740
1.350000	12.490450
1.380000	11.659040
1.410000	10.992020
1.440000	10.228200
1.470000	9.385230
1.500000	8.908840
1.530000	9.467540
1.560000	11.624000
1.590000	15.420510
1.620000	20.277010
1.650000	25.291160
1.680000	30.143450
1.710000	34.851300
1.740000	40.281700
1.770000	46.651190
1.800000	53.805840
1.830000	61.256270
1.860000	69.289890
1.890000	78.076040
1.920000	86.912300
1.950000	93.120300
1.980000	94.475250
2.010000	90.820480
2.040000	86.000420
2.070000	84.435300
2.100000	88.013410
2.130000	93.411210
2.160000	96.134620
2.190000	93.131920
2.220000	82.124020
2.250000	66.822420
2.280000	55.413850
2.310000	48.551900
2.340000	43.202760
2.370000	37.440660
2.400000	31.243920
2.430000	24.842420
2.460000	19.070850
2.490000	14.507700
2.520000	11.550310
2.550000	10.723510
2.580000	12.377470
2.610000	16.760650
2.640000	24.087800
2.670000	34.196750
2.700000	46.829140
2.730000	60.928310
2.760000	73.868240
2.790000	82.773640
2.820000	85.730530
2.850000	81.418370
2.880000	70.164060
2.910000	53.717390
2.940000	36.004900
2.970000	20.907850
