0.000000	0.000000
0.030000	0.000000
0.060000	0.000000
0.090000	0.000000
0.120000	0.000000
0.150000	0.000000
0.180000	0.000000
0.210000	0.000000
0.240000	0.000000
0.270000	0.000000
0.300000	0.000000
0.330000	0.000000
0.360000	0.000000
0.390000	0.000000
0.420000	0.000000
0.450000	0.000000
0.480000	0.000000
0.510000	0.000000
0.540000	0.000000
0.570000	0.000000
0.600000	0.000000
0.630000	0.000000
0.660000	0.000000
0.690000	0.000000
0.720000	0.000000
0.750000	0.000000
0.780000	0.000000
0.810000	0.000000
0.840000	0.000000
0.870000	0.002420
0.900000	0.145520
0.930000	2.139920
0.960000	10.988170
0.990000	28.546430
1.020000	47.389000
1.050000	59.141520
1.080000	61.512840
1.110000	57.277770
1.140000	49.667730
1.170000	41.466490
1.200000	34.060970
1.230000	27.844130
1.260000	22.966360
1.290000	19.208450
1.320000	16.391510
1.350000	14.350110
1.380000	12.944050
1.410000	12.085230
1.440000	11.686650
1.470000	11.789010
1.500000	12.470910
1.530000	13.798710
1.560000	15.837900
1.590000	18.522460
1.620000	21.896740
1.650000	25.764480
1.680000	30.184010
1.710000	35.240000
1.740000	41.044740
1.770000	47.551640
1.800000	54.709580
1.830000	62.150910
1.860000	69.456880
1.890000	75.734200
1.920000	80.600690
1.950000	83.838820
1.980000	86.017990
2.010000	87.533450
2.040000	88.865240
2.070000	90.119950
2.100000	90.744720
2.130000	90.288590
2.160000	88.171610
2.190000	83.450560
2.220000	75.150730
2.250000	65.168570
2.280000	56.254630
2.310000	49.051290
2.340000	43.141670
2.370000	37.712970
2.400000	32.670380
2.430000	28.107920
2.460000	24.266200
2.490000	21.470010
2.520000	20.056450
2.550000	20.443740
2.580000	22.909850
2.610000	27.420310
2.640000	33.822230
2.670000	41.658160
2.700000	50.107170
2.730000	58.160650
2.760000	64.721630
2.790000	68.436330
2.820000	68.710140
2.850000	64.980970
2.880000	57.780340
2.910000	47.978070
2.940000	37.094540
2.970000	26.672780
