0.000000	0.000000
0.030000	0.000000
0.060000	0.000000
0.090000	0.000000
0.120000	0.000000
0.150000	0.000000
0.180000	0.000000
0.210000	0.000000
0.240000	0.000000
0.270000	0.000000
0.300000	0.000000
0.330000	0.000000
0.360000	0.000000
0.390000	0.000000
0.420000	0.000000
0.450000	0.000000
0.480000	0.000000
0.510000	0.000000
0.540000	0.000000
0.570000	0.000000
0.600000	0.000000
0.630000	0.000000
0.660000	0.000000
0.690000	0.000000
0.720000	0.000000
0.750000	0.000000
0.780000	0.000000
0.810000	0.000000
0.840000	0.000000
0.870000	0.000000
0.900000	0.000000
0.930000	0.001180
0.960000	0.236390
0.990000	5.477130
1.020000	31.631820
1.050000	72.779530
1.080000	92.481640
1.110000	82.788260
1.140000	62.435740
1.170000	44.419270
1.200000	31.675000
1.230000	23.075260
1.260000	17.629970
1.290000	14.462360
1.320000	12.815510
1.350000	12.191230
1.380000	11.954800
1.410000	11.546270
1.440000	10.619730
1.470000	9.114620
1.500000	7.504170
1.530000	7.164960
1.560000	9.320980
1.590000	14.175070
1.620000	20.479230
1.650000	26.384360
1.680000	30.831130
1.710000	34.448060
1.740000	39.055930
1.770000	46.053130
1.800000	54.357910
1.830000	61.769780
1.860000	68.248870
1.890000	76.281450
1.920000	87.399420
1.950000	97.659410
1.980000	100.957240
2.010000	95.241590
2.040000	85.064520
2.070000	78.782960
2.100000	82.530970
2.130000	92.675360
2.160000	99.635150
2.190000	97.511050
2.220000	84.865620
2.250000	66.694100
2.280000	55.204300
2.310000	49.783940
2.340000	44.698240
2.370000	38.244150
2.400000	30.714780
2.430000	23.478500
2.460000	17.243980
2.490000	12.500590
2.520000	9.300260
2.550000	8.020130
2.580000	9.333550
2.610000	13.478460
2.640000	20.524040
2.670000	30.435440
2.700000	43.402130
2.730000	59.580800
2.760000	76.637230
2.790000	89.562100
2.820000	94.033900
2.850000	88.980910
2.880000	75.185300
2.910000	54.892380
2.940000	33.654860
2.970000	17.229230
