0.000000	-nan
0.030000	0.000000
0.060000	0.000000
0.090000	0.000000
0.120000	0.000000
0.150000	0.000000
0.180000	0.000000
0.210000	0.000000
0.240000	0.000000
0.270000	0.000000
0.300000	0.000000
0.330000	0.000000
0.360000	0.000000
0.390000	0.000000
0.420000	0.000000
0.450000	0.000000
0.480000	0.000000
0.510000	0.000000
0.540000	0.000000
0.570000	0.000000
0.600000	0.000000
0.630000	0.000000
0.660000	0.000000
0.690000	0.000125
0.720000	0.000614
0.750000	0.002087
0.780000	0.007374
0.810000	0.017885
0.840000	0.037170
0.870000	0.062902
0.900000	0.098866
0.930000	0.140860
0.960000	0.188381
0.990000	0.236147
1.020000	0.283443
1.050000	0.325630
1.080000	0.362843
1.110000	0.392486
1.140000	0.418081
1.170000	0.438025
1.200000	0.451282
1.230000	0.461636
1.260000	0.462510
1.290000	0.466848
1.320000	0.463823
1.350000	0.461020
1.380000	0.457039
1.410000	0.452015
1.440000	0.442275
1.470000	0.434548
1.500000	0.426998
1.530000	0.420383
1.560000	0.411841
1.590000	0.404327
1.620000	0.396537
1.650000	0.390837
1.680000	0.385877
1.710000	0.380783
1.740000	0.375174
1.770000	0.369817
1.800000	0.366203
1.830000	0.364772
1.860000	0.361480
1.890000	0.359353
1.920000	0.358026
1.950000	0.357857
1.980000	0.358241
2.010000	0.358617
2.040000	0.357582
2.070000	0.358463
2.100000	0.361327
2.130000	0.361115
2.160000	0.363841
2.190000	0.365135
2.220000	0.367375
2.250000	0.368328
2.280000	0.368382
2.310000	0.370553
2.340000	0.372409
2.370000	0.372879
2.400000	0.373707
2.430000	0.375000
2.460000	0.374506
2.490000	0.376158
2.520000	0.376434
2.550000	0.376100
2.580000	0.376106
2.610000	0.375873
2.640000	0.376322
2.670000	0.375520
2.700000	0.375869
2.730000	0.376432
2.760000	0.374977
2.790000	0.375441
2.820000	0.374490
2.850000	0.374892
2.880000	0.374729
2.910000	0.373499
2.940000	0.373281
2.970000	0.373169
