0.000000	-nan
0.030000	0.000000
0.060000	0.000000
0.090000	0.000000
0.120000	0.000000
0.150000	0.000000
0.180000	0.000000
0.210000	0.000000
0.240000	0.000000
0.270000	0.000000
0.300000	0.000000
0.330000	0.000000
0.360000	0.000000
0.390000	0.000000
0.420000	0.000000
0.450000	0.000000
0.480000	0.000000
0.510000	0.000000
0.540000	0.000000
0.570000	0.000000
0.600000	0.000000
0.630000	0.000000
0.660000	0.000000
0.690000	0.000000
0.720000	0.000026
0.750000	0.000212
0.780000	0.001390
0.810000	0.004265
0.840000	0.011424
0.870000	0.026288
0.900000	0.050129
0.930000	0.082404
0.960000	0.124322
0.990000	0.173395
1.020000	0.224098
1.050000	0.277517
1.080000	0.326518
1.110000	0.369633
1.140000	0.405881
1.170000	0.435085
1.200000	0.460603
1.230000	0.475776
1.260000	0.487449
1.290000	0.490758
1.320000	0.494364
1.350000	0.489915
1.380000	0.484997
1.410000	0.477869
1.440000	0.470069
1.470000	0.461610
1.500000	0.449361
1.530000	0.440835
1.560000	0.426758
1.590000	0.418525
1.620000	0.409958
1.650000	0.399754
1.680000	0.391854
1.710000	0.384064
1.740000	0.377525
1.770000	0.369584
1.800000	0.365415
1.830000	0.362435
1.860000	0.357265
1.890000	0.353940
1.920000	0.353564
1.950000	0.350766
1.980000	0.350422
2.010000	0.350520
2.040000	0.350589
2.070000	0.351940
2.100000	0.352626
2.130000	0.354094
2.160000	0.356058
2.190000	0.359145
2.220000	0.361290
2.250000	0.363178
2.280000	0.364599
2.310000	0.368235
2.340000	0.371176
2.370000	0.372404
2.400000	0.373161
2.430000	0.374560
2.460000	0.375689
2.490000	0.376936
2.520000	0.377522
2.550000	0.379066
2.580000	0.378758
2.610000	0.379402
2.640000	0.378624
2.670000	0.379157
2.700000	0.377991
2.730000	0.377523
2.760000	0.377370
2.790000	0.377109
2.820000	0.376108
2.850000	0.376491
2.880000	0.375468
2.910000	0.375684
2.940000	0.373506
2.970000	0.374692
