0.000000	-nan
0.030000	0.000000
0.060000	0.000000
0.090000	0.000000
0.120000	0.000000
0.150000	0.000000
0.180000	0.000000
0.210000	0.000000
0.240000	0.000000
0.270000	0.000000
0.300000	0.000000
0.330000	0.000000
0.360000	0.000000
0.390000	0.000000
0.420000	0.000000
0.450000	0.000000
0.480000	0.000000
0.510000	0.000000
0.540000	0.000000
0.570000	0.000000
0.600000	0.000000
0.630000	0.000000
0.660000	0.000030
0.690000	0.000202
0.720000	0.001164
0.750000	0.004279
0.780000	0.010774
0.810000	0.023874
0.840000	0.046056
0.870000	0.077179
0.900000	0.115821
0.930000	0.161424
0.960000	0.207046
0.990000	0.251459
1.020000	0.295834
1.050000	0.335834
1.080000	0.370225
1.110000	0.398942
1.140000	0.421995
1.170000	0.435344
1.200000	0.447135
1.230000	0.454990
1.260000	0.459281
1.290000	0.459259
1.320000	0.457677
1.350000	0.454916
1.380000	0.448285
1.410000	0.443466
1.440000	0.436235
1.470000	0.430477
1.500000	0.420184
1.530000	0.416634
1.560000	0.407325
1.590000	0.401979
1.620000	0.393665
1.650000	0.387798
1.680000	0.382647
1.710000	0.378792
1.740000	0.373712
1.770000	0.370019
1.800000	0.366655
1.830000	0.365781
1.860000	0.362819
1.890000	0.361683
1.920000	0.359810
1.950000	0.360463
1.980000	0.360646
2.010000	0.359424
2.040000	0.360780
2.070000	0.361841
2.100000	0.362704
2.130000	0.364827
2.160000	0.365209
2.190000	0.365632
2.220000	0.367826
2.250000	0.368429
2.280000	0.369523
2.310000	0.370123
2.340000	0.371784
2.370000	0.373822
2.400000	0.373845
2.430000	0.375254
2.460000	0.374814
2.490000	0.375239
2.520000	0.375367
2.550000	0.376298
2.580000	0.374856
2.610000	0.376012
2.640000	0.375653
2.670000	0.375039
2.700000	0.374997
2.730000	0.374452
2.760000	0.374641
2.790000	0.374682
2.820000	0.373486
2.850000	0.373287
2.880000	0.373109
2.910000	0.373005
2.940000	0.373611
2.970000	0.372933
