0.000000	-nan
0.030000	0.000000
0.060000	0.000000
0.090000	0.000000
0.120000	0.000000
0.150000	0.000000
0.180000	0.000000
0.210000	0.000000
0.240000	0.000000
0.270000	0.000000
0.300000	0.000000
0.330000	0.000000
0.360000	0.000000
0.390000	0.000000
0.420000	0.000000
0.450000	0.000000
0.480000	0.000000
0.510000	0.000000
0.540000	0.000000
0.570000	0.000000
0.600000	0.000000
0.630000	0.000000
0.660000	0.000000
0.690000	0.000000
0.720000	0.000115
0.750000	0.000631
0.780000	0.002000
0.810000	0.006368
0.840000	0.016137
0.870000	0.034493
0.900000	0.061902
0.930000	0.098728
0.960000	0.143178
0.990000	0.192682
1.020000	0.241327
1.050000	0.292404
1.080000	0.336835
1.110000	0.376563
1.140000	0.410881
1.170000	0.437161
1.200000	0.454609
1.230000	0.472149
1.260000	0.480517
1.290000	0.484565
1.320000	0.485936
1.350000	0.480589
1.380000	0.479555
1.410000	0.470811
1.440000	0.461405
1.470000	0.452350
1.500000	0.443023
1.530000	0.434827
1.560000	0.424144
1.590000	0.415036
1.620000	0.406565
1.650000	0.397077
1.680000	0.389778
1.710000	0.383227
1.740000	0.377044
1.770000	0.371122
1.800000	0.366869
1.830000	0.363490
1.860000	0.358376
1.890000	0.354832
1.920000	0.354123
1.950000	0.352420
1.980000	0.353263
2.010000	0.352099
2.040000	0.353510
2.070000	0.353507
2.100000	0.355176
2.130000	0.356898
2.160000	0.357967
2.190000	0.360292
2.220000	0.362985
2.250000	0.363226
2.280000	0.365431
2.310000	0.369266
2.340000	0.370391
2.370000	0.371100
2.400000	0.372691
2.430000	0.373812
2.460000	0.375421
2.490000	0.377598
2.520000	0.376168
2.550000	0.377479
2.580000	0.378101
2.610000	0.378004
2.640000	0.378974
2.670000	0.378210
2.700000	0.378428
2.730000	0.377712
2.760000	0.377500
2.790000	0.377679
2.820000	0.376536
2.850000	0.375496
2.880000	0.375114
2.910000	0.374917
2.940000	0.374283
2.970000	0.374409
