0.000000	-nan
0.030000	0.000000
0.060000	0.000000
0.090000	0.000000
0.120000	0.000000
0.150000	0.000000
0.180000	0.000000
0.210000	0.000000
0.240000	0.000000
0.270000	0.000000
0.300000	0.000000
0.330000	0.000000
0.360000	0.000000
0.390000	0.000000
0.420000	0.000000
0.450000	0.000000
0.480000	0.000000
0.510000	0.000000
0.540000	0.000000
0.570000	0.000000
0.600000	0.000000
0.630000	0.000000
0.660000	0.000000
0.690000	0.000007
0.720000	0.000211
0.750000	0.000625
0.780000	0.002807
0.810000	0.007944
0.840000	0.020047
0.870000	0.038725
0.900000	0.068472
0.930000	0.107277
0.960000	0.150902
0.990000	0.200490
1.020000	0.248868
1.050000	0.297351
1.080000	0.342108
1.110000	0.380678
1.140000	0.412614
1.170000	0.436686
1.200000	0.456831
1.230000	0.469232
1.260000	0.478552
1.290000	0.480624
1.320000	0.481681
1.350000	0.479177
1.380000	0.471605
1.410000	0.466193
1.440000	0.457737
1.470000	0.449699
1.500000	0.439944
1.530000	0.431797
1.560000	0.420885
1.590000	0.414008
1.620000	0.405253
1.650000	0.397700
1.680000	0.389942
1.710000	0.382748
1.740000	0.374854
1.770000	0.371333
1.800000	0.366995
1.830000	0.362363
1.860000	0.359789
1.890000	0.357514
1.920000	0.353569
1.950000	0.353648
1.980000	0.353641
2.010000	0.353811
2.040000	0.353689
2.070000	0.354135
2.100000	0.355995
2.130000	0.358002
2.160000	0.359048
2.190000	0.359714
2.220000	0.362864
2.250000	0.365288
2.280000	0.368254
2.310000	0.368865
2.340000	0.371295
2.370000	0.372389
2.400000	0.374003
2.430000	0.374380
2.460000	0.374803
2.490000	0.376151
2.520000	0.377252
2.550000	0.377313
2.580000	0.377891
2.610000	0.378041
2.640000	0.377796
2.670000	0.378024
2.700000	0.376923
2.730000	0.378079
2.760000	0.376660
2.790000	0.375983
2.820000	0.376123
2.850000	0.376136
2.880000	0.375264
2.910000	0.374040
2.940000	0.374708
2.970000	0.373064
