0.000000	-nan
0.030000	0.000000
0.060000	0.000000
0.090000	0.000000
0.120000	0.000000
0.150000	0.000000
0.180000	0.000000
0.210000	0.000000
0.240000	0.000000
0.270000	0.000000
0.300000	0.000000
0.330000	0.000000
0.360000	0.000000
0.390000	0.000000
0.420000	0.000000
0.450000	0.000000
0.480000	0.000000
0.510000	0.000000
0.540000	0.000000
0.570000	0.000000
0.600000	0.000000
0.630000	0.000008
0.660000	0.000030
0.690000	0.000118
0.720000	0.000870
0.750000	0.003042
0.780000	0.008813
0.810000	0.020761
0.840000	0.040417
0.870000	0.069420
0.900000	0.107823
0.930000	0.151491
0.960000	0.198195
0.990000	0.245214
1.020000	0.288526
1.050000	0.328532
1.080000	0.363857
1.110000	0.394174
1.140000	0.418599
1.170000	0.438859
1.200000	0.447729
1.230000	0.457710
1.260000	0.461537
1.290000	0.463744
1.320000	0.461161
1.350000	0.459346
1.380000	0.454800
1.410000	0.446553
1.440000	0.441358
1.470000	0.433119
1.500000	0.424960
1.530000	0.416186
1.560000	0.410661
1.590000	0.403355
1.620000	0.395131
1.650000	0.391731
1.680000	0.383607
1.710000	0.378508
1.740000	0.374237
1.770000	0.369508
1.800000	0.368431
1.830000	0.364584
1.860000	0.362054
1.890000	0.360588
1.920000	0.359708
1.950000	0.359385
1.980000	0.358893
2.010000	0.358344
2.040000	0.359307
2.070000	0.360054
2.100000	0.360824
2.130000	0.363007
2.160000	0.363985
2.190000	0.364917
2.220000	0.366934
2.250000	0.368864
2.280000	0.369189
2.310000	0.369994
2.340000	0.370294
2.370000	0.371634
2.400000	0.372664
2.430000	0.374982
2.460000	0.374820
2.490000	0.374740
2.520000	0.376881
2.550000	0.375712
2.580000	0.375888
2.610000	0.377034
2.640000	0.376073
2.670000	0.376740
2.700000	0.376586
2.730000	0.374532
2.760000	0.376169
2.790000	0.374620
2.820000	0.374609
2.850000	0.374578
2.880000	0.373154
2.910000	0.373470
2.940000	0.372506
2.970000	0.373004
