0.000000	-nan
0.030000	0.000000
0.060000	0.000000
0.090000	0.000000
0.120000	0.000000
0.150000	0.000000
0.180000	0.000000
0.210000	0.000000
0.240000	0.000000
0.270000	0.000000
0.300000	0.000000
0.330000	0.000000
0.360000	0.000000
0.390000	0.000000
0.420000	0.000000
0.450000	0.000000
0.480000	0.000000
0.510000	0.000000
0.540000	0.000000
0.570000	0.000000
0.600000	0.000000
0.630000	0.000000
0.660000	0.000000
0.690000	0.000021
0.720000	0.000032
0.750000	0.000301
0.780000	0.001504
0.810000	0.005473
0.840000	0.013787
0.870000	0.030529
0.900000	0.056429
0.930000	0.090294
0.960000	0.135151
0.990000	0.183148
1.020000	0.233599
1.050000	0.283616
1.080000	0.331874
1.110000	0.375088
1.140000	0.407452
1.170000	0.436383
1.200000	0.457748
1.230000	0.471860
1.260000	0.483329
1.290000	0.488104
1.320000	0.488242
1.350000	0.487535
1.380000	0.479618
1.410000	0.473308
1.440000	0.467929
1.470000	0.457029
1.500000	0.444897
1.530000	0.435182
1.560000	0.427787
1.590000	0.416321
1.620000	0.407587
1.650000	0.399818
1.680000	0.391215
1.710000	0.382519
1.740000	0.377931
1.770000	0.370692
1.800000	0.366760
1.830000	0.361297
1.860000	0.358595
1.890000	0.354994
1.920000	0.352900
1.950000	0.352030
1.980000	0.352249
2.010000	0.351642
2.040000	0.351680
2.070000	0.352399
2.100000	0.354020
2.130000	0.354233
2.160000	0.356791
2.190000	0.359839
2.220000	0.361535
2.250000	0.363364
2.280000	0.366369
2.310000	0.368307
2.340000	0.370929
2.370000	0.372329
2.400000	0.374122
2.430000	0.375101
2.460000	0.375264
2.490000	0.376474
2.520000	0.377987
2.550000	0.378012
2.580000	0.379869
2.610000	0.378941
2.640000	0.378555
2.670000	0.377894
2.700000	0.378651
2.730000	0.378180
2.760000	0.378106
2.790000	0.376707
2.820000	0.377142
2.850000	0.375740
2.880000	0.374901
2.910000	0.374472
2.940000	0.374541
2.970000	0.373766
