0.000000	-nan
0.030000	0.000000
0.060000	0.000000
0.090000	0.000000
0.120000	0.000000
0.150000	0.000000
0.180000	0.000000
0.210000	0.000000
0.240000	0.000000
0.270000	0.000000
0.300000	0.000000
0.330000	0.000000
0.360000	0.000000
0.390000	0.000000
0.420000	0.000000
0.450000	0.000000
0.480000	0.000000
0.510000	0.000000
0.540000	0.000000
0.570000	0.000000
0.600000	0.000000
0.630000	0.000000
0.660000	0.000000
0.690000	0.000049
0.720000	0.000288
0.750000	0.001226
0.780000	0.004338
0.810000	0.012149
0.840000	0.026231
0.870000	0.050005
0.900000	0.083708
0.930000	0.125038
0.960000	0.168201
0.990000	0.219232
1.020000	0.266896
1.050000	0.309883
1.080000	0.352381
1.110000	0.387338
1.140000	0.412787
1.170000	0.437592
1.200000	0.454225
1.230000	0.463744
1.260000	0.470904
1.290000	0.474228
1.320000	0.472847
1.350000	0.470901
1.380000	0.464324
1.410000	0.457986
1.440000	0.451560
1.470000	0.442755
1.500000	0.434658
1.530000	0.424860
1.560000	0.418105
1.590000	0.408152
1.620000	0.399355
1.650000	0.392353
1.680000	0.387687
1.710000	0.381238
1.740000	0.376133
1.770000	0.369189
1.800000	0.366286
1.830000	0.361818
1.860000	0.359898
1.890000	0.358131
1.920000	0.356318
1.950000	0.355960
1.980000	0.356148
2.010000	0.355459
2.040000	0.356394
2.070000	0.358712
2.100000	0.359758
2.130000	0.358721
2.160000	0.362211
2.190000	0.362556
2.220000	0.365327
2.250000	0.366654
2.280000	0.368369
2.310000	0.370451
2.340000	0.371030
2.370000	0.372487
2.400000	0.373427
2.430000	0.374728
2.460000	0.375908
2.490000	0.377004
2.520000	0.376716
2.550000	0.376870
2.580000	0.377486
2.610000	0.377545
2.640000	0.378036
2.670000	0.376664
2.700000	0.376862
2.730000	0.375788
2.760000	0.375854
2.790000	0.376498
2.820000	0.375109
2.850000	0.374618
2.880000	0.374381
2.910000	0.373596
2.940000	0.372733
2.970000	0.372495
