0.000000	-nan
0.030000	0.000000
0.060000	0.000000
0.090000	0.000000
0.120000	0.000000
0.150000	0.000000
0.180000	0.000000
0.210000	0.000000
0.240000	0.000000
0.270000	0.000000
0.300000	0.000000
0.330000	0.000000
0.360000	0.000000
0.390000	0.000000
0.420000	0.000000
0.450000	0.000000
0.480000	0.000000
0.510000	0.000000
0.540000	0.000000
0.570000	0.000000
0.600000	0.000000
0.630000	0.000000
0.660000	0.000000
0.690000	0.000035
0.720000	0.000441
0.750000	0.001857
0.780000	0.005777
0.810000	0.014595
0.840000	0.030812
0.870000	0.055906
0.900000	0.092079
0.930000	0.132782
0.960000	0.179717
0.990000	0.227135
1.020000	0.274711
1.050000	0.319952
1.080000	0.357271
1.110000	0.390546
1.140000	0.416234
1.170000	0.435950
1.200000	0.452641
1.230000	0.461778
1.260000	0.468410
1.290000	0.468378
1.320000	0.471007
1.350000	0.466070
1.380000	0.460297
1.410000	0.453887
1.440000	0.447049
1.470000	0.439001
1.500000	0.431344
1.530000	0.421096
1.560000	0.414406
1.590000	0.406555
1.620000	0.398499
1.650000	0.391755
1.680000	0.387324
1.710000	0.379155
1.740000	0.374768
1.770000	0.370770
1.800000	0.368232
1.830000	0.362865
1.860000	0.360943
1.890000	0.359440
1.920000	0.358286
1.950000	0.356796
1.980000	0.356969
2.010000	0.357498
2.040000	0.357417
2.070000	0.357551
2.100000	0.359969
2.130000	0.360551
2.160000	0.362342
2.190000	0.363097
2.220000	0.365356
2.250000	0.366922
2.280000	0.368495
2.310000	0.370211
2.340000	0.370618
2.370000	0.373004
2.400000	0.373140
2.430000	0.374068
2.460000	0.375923
2.490000	0.376185
2.520000	0.375482
2.550000	0.376983
2.580000	0.376403
2.610000	0.376848
2.640000	0.377656
2.670000	0.377535
2.700000	0.377278
2.730000	0.376782
2.760000	0.376452
2.790000	0.376328
2.820000	0.374399
2.850000	0.374256
2.880000	0.374289
2.910000	0.373708
2.940000	0.372932
2.970000	0.372963
