0.000000	-nan
0.030000	0.000000
0.060000	0.000000
0.090000	0.000000
0.120000	0.000000
0.150000	0.000000
0.180000	0.000000
0.210000	0.000000
0.240000	0.000000
0.270000	0.000000
0.300000	0.000000
0.330000	0.000000
0.360000	0.000000
0.390000	0.000000
0.420000	0.000000
0.450000	0.000000
0.480000	0.000000
0.510000	0.000000
0.540000	0.000000
0.570000	0.000000
0.600000	0.000000
0.630000	0.000000
0.660000	0.000000
0.690000	0.000014
0.720000	0.000179
0.750000	0.000837
0.780000	0.003651
0.810000	0.010502
0.840000	0.023190
0.870000	0.044897
0.900000	0.076606
0.930000	0.116478
0.960000	0.162358
0.990000	0.209221
1.020000	0.259528
1.050000	0.303516
1.080000	0.347404
1.110000	0.385032
1.140000	0.413530
1.170000	0.438057
1.200000	0.454955
1.230000	0.468561
1.260000	0.473130
1.290000	0.476609
1.320000	0.477776
1.350000	0.475431
1.380000	0.467003
1.410000	0.461997
1.440000	0.454039
1.470000	0.445190
1.500000	0.436624
1.530000	0.429615
1.560000	0.419164
1.590000	0.409398
1.620000	0.402469
1.650000	0.395843
1.680000	0.388871
1.710000	0.381679
1.740000	0.376240
1.770000	0.369546
1.800000	0.366466
1.830000	0.362312
1.860000	0.359807
1.890000	0.358511
1.920000	0.356830
1.950000	0.355457
1.980000	0.355176
2.010000	0.354174
2.040000	0.355313
2.070000	0.357490
2.100000	0.357307
2.130000	0.358639
2.160000	0.360369
2.190000	0.362879
2.220000	0.364233
2.250000	0.365858
2.280000	0.367123
2.310000	0.369118
2.340000	0.370219
2.370000	0.373071
2.400000	0.373171
2.430000	0.375300
2.460000	0.376039
2.490000	0.376186
2.520000	0.376875
2.550000	0.377240
2.580000	0.377252
2.610000	0.376784
2.640000	0.377122
2.670000	0.376933
2.700000	0.377486
2.730000	0.378110
2.760000	0.376100
2.790000	0.375699
2.820000	0.374911
2.850000	0.374731
2.880000	0.373248
2.910000	0.374187
2.940000	0.373951
2.970000	0.373285
