0.000000	-nan
0.030000	0.911370
0.060000	1.062460
0.090000	0.971247
0.120000	0.894249
0.150000	0.945009
0.180000	0.849526
0.210000	0.866967
0.240000	0.842604
0.270000	0.815464
0.300000	0.752680
0.330000	0.735111
0.360000	0.788487
0.390000	0.652109
0.420000	0.612633
0.450000	0.633514
0.480000	0.614768
0.510000	0.505419
0.540000	0.534390
0.570000	0.481700
0.600000	0.439723
0.630000	0.385418
0.660000	0.409953
0.690000	0.374321
0.720000	0.342747
0.750000	0.378378
0.780000	0.326831
0.810000	0.300547
0.840000	0.280917
0.870000	0.252936
0.900000	0.268898
0.930000	0.218287
0.960000	0.210828
0.990000	0.206610
1.020000	0.185263
1.050000	0.179469
1.080000	0.185740
1.110000	0.155846
1.140000	0.155932
1.170000	0.166364
1.200000	0.141933
1.230000	0.142951
1.260000	0.137655
1.290000	0.112121
1.320000	0.122524
1.350000	0.119440
1.380000	0.114379
1.410000	0.112617
1.440000	0.127356
1.470000	0.109341
1.500000	0.102882
1.530000	0.112856
1.560000	0.106025
1.590000	0.098695
1.620000	0.091709
1.650000	0.099462
1.680000	0.097498
1.710000	0.110443
1.740000	0.089581
1.770000	0.092628
1.800000	0.147059
1.830000	0.093643
1.860000	0.084567
1.890000	0.090613
1.920000	0.097099
1.950000	0.102696
1.980000	0.092013
2.010000	0.100540
2.040000	0.097801
2.070000	0.095964
2.100000	0.091235
2.130000	0.094672
2.160000	0.104753
2.190000	0.093482
2.220000	0.102311
2.250000	0.096712
2.280000	0.088459
2.310000	0.093068
2.340000	0.104488
2.370000	0.100186
2.400000	0.094158
2.430000	0.092675
2.460000	0.092099
2.490000	0.092934
2.520000	0.097693
2.550000	0.099078
2.580000	0.098515
2.610000	0.096182
2.640000	0.096038
2.670000	0.113646
2.700000	0.098688
2.730000	0.091170
2.760000	0.097387
2.790000	0.097581
2.820000	0.102362
2.850000	0.101696
2.880000	0.096581
2.910000	0.093798
2.940000	0.088840
2.970000	0.085905
