0.000000	1.048020
0.030000	0.966864
0.060000	0.980063
0.090000	0.905773
0.120000	0.995130
0.150000	0.918043
0.180000	0.954392
0.210000	0.862241
0.240000	0.855933
0.270000	0.854533
0.300000	0.778276
0.330000	0.793906
0.360000	0.737562
0.390000	0.681106
0.420000	0.644208
0.450000	0.627856
0.480000	0.587168
0.510000	0.534399
0.540000	0.504363
0.570000	0.502398
0.600000	0.447139
0.630000	0.438222
0.660000	0.474468
0.690000	0.376645
0.720000	0.360373
0.750000	0.350870
0.780000	0.365049
0.810000	0.332676
0.840000	0.348096
0.870000	0.274200
0.900000	0.270805
0.930000	0.256392
0.960000	0.262725
0.990000	0.228006
1.020000	0.228473
1.050000	0.222508
1.080000	0.191815
1.110000	0.204328
1.140000	0.175826
1.170000	0.189926
1.200000	0.175177
1.230000	0.158784
1.260000	0.145914
1.290000	0.141951
1.320000	0.127031
1.350000	0.144962
1.380000	0.129938
1.410000	0.131127
1.440000	0.132259
1.470000	0.129112
1.500000	0.129132
1.530000	0.112513
1.560000	0.127484
1.590000	0.114723
1.620000	0.111224
1.650000	0.106017
1.680000	0.108468
1.710000	0.108846
1.740000	0.107615
1.770000	0.114979
1.800000	0.100598
1.830000	0.106594
1.860000	0.101851
1.890000	0.108851
1.920000	0.121629
1.950000	0.119985
1.980000	0.109566
2.010000	0.105262
2.040000	0.114568
2.070000	0.115310
2.100000	0.103227
2.130000	0.117533
2.160000	0.110826
2.190000	0.110219
2.220000	0.113004
2.250000	0.116537
2.280000	0.111343
2.310000	0.111689
2.340000	0.110735
2.370000	0.113341
2.400000	0.115092
2.430000	0.138527
2.460000	0.119470
2.490000	0.125195
2.520000	0.115055
2.550000	0.126041
2.580000	0.111320
2.610000	0.109106
2.640000	0.115302
2.670000	0.113826
2.700000	0.114389
2.730000	0.107552
2.760000	0.125250
2.790000	0.111346
2.820000	0.112085
2.850000	0.107707
2.880000	0.115638
2.910000	0.112193
2.940000	0.117251
2.970000	0.112892
