0.000000	1.011724
0.030000	0.954097
0.060000	0.939425
0.090000	0.990824
0.120000	0.957827
0.150000	0.956509
0.180000	0.867863
0.210000	0.898826
0.240000	0.954733
0.270000	0.846573
0.300000	0.751629
0.330000	0.804138
0.360000	0.693060
0.390000	0.708765
0.420000	0.622551
0.450000	0.669715
0.480000	0.629269
0.510000	0.692858
0.540000	0.570921
0.570000	0.564415
0.600000	0.548599
0.630000	0.467930
0.660000	0.460541
0.690000	0.449851
0.720000	0.420358
0.750000	0.406937
0.780000	0.365383
0.810000	0.351146
0.840000	0.359901
0.870000	0.320506
0.900000	0.282282
0.930000	0.290994
0.960000	0.275294
0.990000	0.299645
1.020000	0.256094
1.050000	0.253379
1.080000	0.254643
1.110000	0.217883
1.140000	0.220842
1.170000	0.199305
1.200000	0.204376
1.230000	0.202668
1.260000	0.182031
1.290000	0.175549
1.320000	0.171825
1.350000	0.160394
1.380000	0.158343
1.410000	0.156576
1.440000	0.146777
1.470000	0.163419
1.500000	0.154740
1.530000	0.149015
1.560000	0.140715
1.590000	0.143780
1.620000	0.141352
1.650000	0.138168
1.680000	0.153190
1.710000	0.120838
1.740000	0.143122
1.770000	0.132124
1.800000	0.137140
1.830000	0.149502
1.860000	0.134204
1.890000	0.139518
1.920000	0.127757
1.950000	0.134994
1.980000	0.135379
2.010000	0.129267
2.040000	0.150868
2.070000	0.142828
2.100000	0.147923
2.130000	0.141822
2.160000	0.137653
2.190000	0.142323
2.220000	0.153497
2.250000	0.136557
2.280000	0.140227
2.310000	0.150051
2.340000	0.143993
2.370000	0.145588
2.400000	0.145619
2.430000	0.145625
2.460000	0.144402
2.490000	0.142657
2.520000	0.135461
2.550000	0.145142
2.580000	0.139096
2.610000	0.133889
2.640000	0.142130
2.670000	0.145195
2.700000	0.144484
2.730000	0.133329
2.760000	0.143800
2.790000	0.134609
2.820000	0.136073
2.850000	0.134352
2.880000	0.152704
2.910000	0.149961
2.940000	0.132425
2.970000	0.139661
