0.000000	1.003600
0.030000	0.993810
0.060000	1.025295
0.090000	0.940635
0.120000	1.047699
0.150000	0.942204
0.180000	0.899510
0.210000	0.913129
0.240000	0.821307
0.270000	0.851205
0.300000	0.819008
0.330000	0.787272
0.360000	0.753950
0.390000	0.710909
0.420000	0.672401
0.450000	0.623228
0.480000	0.665478
0.510000	0.565342
0.540000	0.594903
0.570000	0.544242
0.600000	0.524716
0.630000	0.449294
0.660000	0.478673
0.690000	0.452171
0.720000	0.417310
0.750000	0.438464
0.780000	0.376993
0.810000	0.362762
0.840000	0.392735
0.870000	0.340795
0.900000	0.321375
0.930000	0.274134
0.960000	0.289279
0.990000	0.294029
1.020000	0.249284
1.050000	0.248875
1.080000	0.253313
1.110000	0.243812
1.140000	0.217546
1.170000	0.216160
1.200000	0.207922
1.230000	0.194952
1.260000	0.196919
1.290000	0.180427
1.320000	0.178109
1.350000	0.174729
1.380000	0.178291
1.410000	0.176654
1.440000	0.169811
1.470000	0.152830
1.500000	0.159832
1.530000	0.169966
1.560000	0.163532
1.590000	0.162643
1.620000	0.153396
1.650000	0.169966
1.680000	0.138880
1.710000	0.145928
1.740000	0.138442
1.770000	0.147233
1.800000	0.147762
1.830000	0.144962
1.860000	0.153258
1.890000	0.141596
1.920000	0.144547
1.950000	0.155746
1.980000	0.154858
2.010000	0.153977
2.040000	0.158771
2.070000	0.144933
2.100000	0.156760
2.130000	0.146497
2.160000	0.156997
2.190000	0.146361
2.220000	0.147880
2.250000	0.144821
2.280000	0.150393
2.310000	0.173384
2.340000	0.157699
2.370000	0.153558
2.400000	0.155294
2.430000	0.145966
2.460000	0.153451
2.490000	0.150487
2.520000	0.154865
2.550000	0.146058
2.580000	0.162832
2.610000	0.148954
2.640000	0.146734
2.670000	0.144788
2.700000	0.149813
2.730000	0.145491
2.760000	0.157137
2.790000	0.157993
2.820000	0.154693
2.850000	0.153264
2.880000	0.140941
2.910000	0.151935
2.940000	0.172127
2.970000	0.151311
