0.000000	1.015421
0.030000	0.927220
0.060000	0.978913
0.090000	0.979272
0.120000	0.913858
0.150000	0.941890
0.180000	0.907586
0.210000	0.960738
0.240000	0.884438
0.270000	0.831611
0.300000	0.801786
0.330000	0.785099
0.360000	0.759287
0.390000	0.684339
0.420000	0.643143
0.450000	0.609356
0.480000	0.604796
0.510000	0.554852
0.540000	0.539469
0.570000	0.537416
0.600000	0.487865
0.630000	0.475402
0.660000	0.473091
0.690000	0.425816
0.720000	0.399532
0.750000	0.396794
0.780000	0.357761
0.810000	0.357569
0.840000	0.311129
0.870000	0.294647
0.900000	0.278270
0.930000	0.269354
0.960000	0.280920
0.990000	0.273819
1.020000	0.240282
1.050000	0.252234
1.080000	0.217835
1.110000	0.214825
1.140000	0.199678
1.170000	0.215792
1.200000	0.214410
1.230000	0.181458
1.260000	0.197219
1.290000	0.167179
1.320000	0.179950
1.350000	0.154900
1.380000	0.157828
1.410000	0.158697
1.440000	0.146209
1.470000	0.149716
1.500000	0.139358
1.530000	0.133060
1.560000	0.135232
1.590000	0.133318
1.620000	0.148546
1.650000	0.140045
1.680000	0.162548
1.710000	0.128771
1.740000	0.122933
1.770000	0.146602
1.800000	0.124913
1.830000	0.132669
1.860000	0.121839
1.890000	0.133149
1.920000	0.130443
1.950000	0.119805
1.980000	0.129998
2.010000	0.134298
2.040000	0.149605
2.070000	0.134238
2.100000	0.138643
2.130000	0.128890
2.160000	0.134313
2.190000	0.129895
2.220000	0.142297
2.250000	0.126281
2.280000	0.125023
2.310000	0.131416
2.340000	0.128001
2.370000	0.128737
2.400000	0.126758
2.430000	0.129621
2.460000	0.137139
2.490000	0.130404
2.520000	0.124421
2.550000	0.139978
2.580000	0.126170
2.610000	0.138109
2.640000	0.122528
2.670000	0.130083
2.700000	0.138909
2.730000	0.133822
2.760000	0.135573
2.790000	0.145071
2.820000	0.128827
2.850000	0.134111
2.880000	0.120579
2.910000	0.136232
2.940000	0.132028
2.970000	0.135813
