0.000000	-nan
0.030000	0.917909
0.060000	0.933602
0.090000	0.923546
0.120000	0.948766
0.150000	0.944106
0.180000	0.954923
0.210000	0.900053
0.240000	0.862226
0.270000	0.811561
0.300000	0.880132
0.330000	0.781003
0.360000	0.748102
0.390000	0.713668
0.420000	0.714052
0.450000	0.650702
0.480000	0.630114
0.510000	0.545190
0.540000	0.582763
0.570000	0.541207
0.600000	0.502181
0.630000	0.476785
0.660000	0.492919
0.690000	0.438925
0.720000	0.463992
0.750000	0.412611
0.780000	0.394397
0.810000	0.378319
0.840000	0.383530
0.870000	0.351840
0.900000	0.322450
0.930000	0.324388
0.960000	0.303813
0.990000	0.278583
1.020000	0.297389
1.050000	0.262128
1.080000	0.256756
1.110000	0.221881
1.140000	0.248327
1.170000	0.220672
1.200000	0.233927
1.230000	0.198453
1.260000	0.220354
1.290000	0.210522
1.320000	0.183262
1.350000	0.177557
1.380000	0.186964
1.410000	0.180760
1.440000	0.171743
1.470000	0.176119
1.500000	0.186126
1.530000	0.160119
1.560000	0.155618
1.590000	0.166923
1.620000	0.173219
1.650000	0.159893
1.680000	0.174868
1.710000	0.161534
1.740000	0.174575
1.770000	0.162684
1.800000	0.157930
1.830000	0.173849
1.860000	0.157865
1.890000	0.160597
1.920000	0.175387
1.950000	0.151022
1.980000	0.161882
2.010000	0.159717
2.040000	0.162352
2.070000	0.169803
2.100000	0.152561
2.130000	0.155574
2.160000	0.155925
2.190000	0.164734
2.220000	0.165206
2.250000	0.169637
2.280000	0.169085
2.310000	0.175573
2.340000	0.164516
2.370000	0.170785
2.400000	0.165801
2.430000	0.165553
2.460000	0.156577
2.490000	0.159726
2.520000	0.153549
2.550000	0.164605
2.580000	0.169787
2.610000	0.228138
2.640000	0.170608
2.670000	0.160893
2.700000	0.163156
2.730000	0.156976
2.760000	0.167924
2.790000	0.176118
2.820000	0.165677
2.850000	0.157650
2.880000	0.158571
2.910000	0.163144
2.940000	0.175755
2.970000	0.169220
