0.000000	0.981416
0.030000	1.022751
0.060000	1.005929
0.090000	0.915915
0.120000	0.862671
0.150000	0.914424
0.180000	0.903612
0.210000	0.868364
0.240000	0.764137
0.270000	0.930490
0.300000	0.760855
0.330000	0.868891
0.360000	0.720622
0.390000	0.663775
0.420000	0.650191
0.450000	0.636715
0.480000	0.659553
0.510000	0.514861
0.540000	0.495654
0.570000	0.495626
0.600000	0.438741
0.630000	0.431601
0.660000	0.379022
0.690000	0.344559
0.720000	0.345594
0.750000	0.309843
0.780000	0.306779
0.810000	0.289295
0.840000	0.269958
0.870000	0.238259
0.900000	0.235141
0.930000	0.227333
0.960000	0.209319
0.990000	0.195959
1.020000	0.188746
1.050000	0.187832
1.080000	0.177596
1.110000	0.153148
1.140000	0.155262
1.170000	0.142621
1.200000	0.139218
1.230000	0.135403
1.260000	0.127386
1.290000	0.110943
1.320000	0.111421
1.350000	0.116263
1.380000	0.103002
1.410000	0.098385
1.440000	0.095392
1.470000	0.093228
1.500000	0.109664
1.530000	0.088107
1.560000	0.094655
1.590000	0.088344
1.620000	0.086197
1.650000	0.088343
1.680000	0.103169
1.710000	0.079082
1.740000	0.084675
1.770000	0.083094
1.800000	0.101923
1.830000	0.089743
1.860000	0.083403
1.890000	0.086160
1.920000	0.082345
1.950000	0.097063
1.980000	0.093124
2.010000	0.077152
2.040000	0.086066
2.070000	0.092455
2.100000	0.086480
2.130000	0.078492
2.160000	0.079356
2.190000	0.099952
2.220000	0.090127
2.250000	0.088750
2.280000	0.085420
2.310000	0.094829
2.340000	0.088014
2.370000	0.091527
2.400000	0.091092
2.430000	0.086492
2.460000	0.091721
2.490000	0.089352
2.520000	0.090106
2.550000	0.095001
2.580000	0.088046
2.610000	0.083743
2.640000	0.092266
2.670000	0.088168
2.700000	0.081177
2.730000	0.088718
2.760000	0.086032
2.790000	0.083652
2.820000	0.085579
2.850000	0.092488
2.880000	0.090640
2.910000	0.086772
2.940000	0.083481
2.970000	0.094705
