0.000000	-nan
0.030000	1.036035
0.060000	1.065847
0.090000	0.972178
0.120000	0.998219
0.150000	0.957528
0.180000	0.921863
0.210000	0.863947
0.240000	0.797610
0.270000	0.842184
0.300000	0.833980
0.330000	0.733091
0.360000	0.665760
0.390000	0.674631
0.420000	0.641272
0.450000	0.618191
0.480000	0.586858
0.510000	0.574275
0.540000	0.439939
0.570000	0.448119
0.600000	0.416184
0.630000	0.455827
0.660000	0.363441
0.690000	0.450368
0.720000	0.338224
0.750000	0.294684
0.780000	0.285189
0.810000	0.254309
0.840000	0.256973
0.870000	0.219580
0.900000	0.210940
0.930000	0.239824
0.960000	0.206031
0.990000	0.192618
1.020000	0.165008
1.050000	0.185414
1.080000	0.151247
1.110000	0.150815
1.140000	0.130585
1.170000	0.123993
1.200000	0.125967
1.230000	0.111858
1.260000	0.110302
1.290000	0.106574
1.320000	0.112708
1.350000	0.110935
1.380000	0.104771
1.410000	0.101418
1.440000	0.091219
1.470000	0.096637
1.500000	0.083781
1.530000	0.097586
1.560000	0.089913
1.590000	0.087519
1.620000	0.084524
1.650000	0.085634
1.680000	0.082179
1.710000	0.078842
1.740000	0.076580
1.770000	0.078868
1.800000	0.076255
1.830000	0.067852
1.860000	0.073082
1.890000	0.075672
1.920000	0.086266
1.950000	0.089053
1.980000	0.074888
2.010000	0.081034
2.040000	0.077970
2.070000	0.077315
2.100000	0.080789
2.130000	0.077417
2.160000	0.083718
2.190000	0.082272
2.220000	0.082273
2.250000	0.078568
2.280000	0.078115
2.310000	0.082902
2.340000	0.087580
2.370000	0.087683
2.400000	0.081367
2.430000	0.082178
2.460000	0.121263
2.490000	0.082704
2.520000	0.081453
2.550000	0.092980
2.580000	0.083745
2.610000	0.083075
2.640000	0.083751
2.670000	0.078230
2.700000	0.077755
2.730000	0.087711
2.760000	0.085272
2.790000	0.084387
2.820000	0.077502
2.850000	0.077233
2.880000	0.080700
2.910000	0.078197
2.940000	0.082519
2.970000	0.076376
