0.000000	0.977926
0.030000	1.007552
0.060000	0.972951
0.090000	1.028685
0.120000	1.016607
0.150000	0.969530
0.180000	0.826937
0.210000	0.797191
0.240000	0.778660
0.270000	0.778136
0.300000	0.808179
0.330000	0.696935
0.360000	0.670630
0.390000	0.713117
0.420000	0.656997
0.450000	0.606173
0.480000	0.589749
0.510000	0.514134
0.540000	0.528228
0.570000	0.469047
0.600000	0.436429
0.630000	0.438921
0.660000	0.382728
0.690000	0.437049
0.720000	0.345172
0.750000	0.363148
0.780000	0.338118
0.810000	0.331144
0.840000	0.296743
0.870000	0.261874
0.900000	0.273764
0.930000	0.249315
0.960000	0.231352
0.990000	0.211561
1.020000	0.187955
1.050000	0.232478
1.080000	0.197032
1.110000	0.173907
1.140000	0.159601
1.170000	0.153841
1.200000	0.184411
1.230000	0.144269
1.260000	0.131522
1.290000	0.150115
1.320000	0.129356
1.350000	0.135072
1.380000	0.136144
1.410000	0.121703
1.440000	0.121825
1.470000	0.131704
1.500000	0.095474
1.530000	0.126259
1.560000	0.115163
1.590000	0.092659
1.620000	0.101366
1.650000	0.099688
1.680000	0.107953
1.710000	0.099293
1.740000	0.115208
1.770000	0.126134
1.800000	0.100922
1.830000	0.100983
1.860000	0.121527
1.890000	0.088662
1.920000	0.116744
1.950000	0.097952
1.980000	0.093691
2.010000	0.105072
2.040000	0.101548
2.070000	0.105520
2.100000	0.109704
2.130000	0.106772
2.160000	0.121208
2.190000	0.100468
2.220000	0.105462
2.250000	0.106017
2.280000	0.111220
2.310000	0.102771
2.340000	0.098258
2.370000	0.105888
2.400000	0.107004
2.430000	0.111088
2.460000	0.094774
2.490000	0.099292
2.520000	0.104733
2.550000	0.103483
2.580000	0.104931
2.610000	0.109815
2.640000	0.108317
2.670000	0.104363
2.700000	0.115603
2.730000	0.113301
2.760000	0.098445
2.790000	0.101850
2.820000	0.106754
2.850000	0.120235
2.880000	0.099530
2.910000	0.112093
2.940000	0.106820
2.970000	0.099897
