0.000000	-nan
0.030000	0.975471
0.060000	0.961011
0.090000	0.946958
0.120000	0.865209
0.150000	0.978558
0.180000	0.906721
0.210000	0.866237
0.240000	0.859071
0.270000	0.820423
0.300000	0.871985
0.330000	0.756879
0.360000	0.703397
0.390000	0.704626
0.420000	0.655804
0.450000	0.629468
0.480000	0.644861
0.510000	0.567778
0.540000	0.578854
0.570000	0.589155
0.600000	0.481161
0.630000	0.480525
0.660000	0.440507
0.690000	0.419378
0.720000	0.394931
0.750000	0.411379
0.780000	0.314202
0.810000	0.349460
0.840000	0.319315
0.870000	0.275041
0.900000	0.267562
0.930000	0.292263
0.960000	0.228039
0.990000	0.242923
1.020000	0.234391
1.050000	0.220035
1.080000	0.198385
1.110000	0.190985
1.140000	0.219573
1.170000	0.177291
1.200000	0.176688
1.230000	0.160793
1.260000	0.159333
1.290000	0.150429
1.320000	0.164217
1.350000	0.151886
1.380000	0.153524
1.410000	0.142641
1.440000	0.136292
1.470000	0.139732
1.500000	0.121863
1.530000	0.119591
1.560000	0.119083
1.590000	0.126300
1.620000	0.123786
1.650000	0.123562
1.680000	0.120282
1.710000	0.124889
1.740000	0.118054
1.770000	0.118657
1.800000	0.108878
1.830000	0.112600
1.860000	0.114107
1.890000	0.110779
1.920000	0.116142
1.950000	0.117032
1.980000	0.121125
2.010000	0.124218
2.040000	0.117635
2.070000	0.122722
2.100000	0.119539
2.130000	0.131245
2.160000	0.121442
2.190000	0.125507
2.220000	0.123040
2.250000	0.123735
2.280000	0.127392
2.310000	0.110221
2.340000	0.119010
2.370000	0.122124
2.400000	0.131747
2.430000	0.119080
2.460000	0.130317
2.490000	0.118015
2.520000	0.131587
2.550000	0.124661
2.580000	0.119147
2.610000	0.119113
2.640000	0.115691
2.670000	0.127809
2.700000	0.118648
2.730000	0.122005
2.760000	0.116824
2.790000	0.120568
2.820000	0.112220
2.850000	0.116083
2.880000	0.113780
2.910000	0.124656
2.940000	0.115508
2.970000	0.125320
