 0.000000 	 0.000000 
 0.000063 	 0.000000 
 0.000127 	 0.000000 
 0.000193 	 0.000001 
 0.000261 	 0.000002 
 0.000330 	 0.000004 
 0.000401 	 0.000006 
 0.000474 	 0.000009 
 0.000549 	 0.000013 
 0.000625 	 0.000016 
 0.000704 	 0.000021 
 0.000785 	 0.000026 
 0.000867 	 0.000033 
 0.000952 	 0.000040 
 0.001039 	 0.000047 
 0.001128 	 0.000056 
 0.001219 	 0.000066 
 0.001313 	 0.000076 
 0.001409 	 0.000088 
 0.001507 	 0.000101 
 0.001608 	 0.000116 
 0.001711 	 0.000131 
 0.001818 	 0.000148 
 0.001926 	 0.000167 
 0.002038 	 0.000187 
 0.002152 	 0.000209 
 0.002269 	 0.000232 
 0.002390 	 0.000258 
 0.002513 	 0.000285 
 0.002639 	 0.000315 
 0.002769 	 0.000347 
 0.002902 	 0.000381 
 0.003038 	 0.000418 
 0.003177 	 0.000458 
 0.003321 	 0.000500 
 0.003467 	 0.000545 
 0.003618 	 0.000594 
 0.003772 	 0.000645 
 0.003931 	 0.000701 
 0.004093 	 0.000760 
 0.004259 	 0.000823 
 0.004430 	 0.000890 
 0.004605 	 0.000961 
 0.004784 	 0.001038 
 0.004968 	 0.001119 
 0.005156 	 0.001205 
 0.005350 	 0.001296 
 0.005548 	 0.001394 
 0.005751 	 0.001497 
 0.005959 	 0.001607 
 0.006173 	 0.001723 
 0.006392 	 0.001847 
 0.006617 	 0.001978 
 0.006847 	 0.002116 
 0.007083 	 0.002263 
 0.007325 	 0.002419 
 0.007573 	 0.002584 
 0.007828 	 0.002758 
 0.008088 	 0.002943 
 0.008356 	 0.003138 
 0.008630 	 0.003345 
 0.008911 	 0.003563 
 0.009200 	 0.003794 
 0.009495 	 0.004038 
 0.009799 	 0.004296 
 0.010109 	 0.004568 
 0.010428 	 0.004855 
 0.010755 	 0.005158 
 0.011090 	 0.005478 
 0.011433 	 0.005816 
 0.011785 	 0.006172 
 0.012147 	 0.006548 
 0.012517 	 0.006944 
 0.012896 	 0.007362 
 0.013286 	 0.007802 
 0.013685 	 0.008265 
 0.014094 	 0.008754 
 0.014513 	 0.009269 
 0.014944 	 0.009811 
 0.015385 	 0.010381 
 0.015837 	 0.010982 
 0.016301 	 0.011615 
 0.016776 	 0.012280 
 0.017263 	 0.012980 
 0.017763 	 0.013717 
 0.018276 	 0.014491 
 0.018801 	 0.015306 
 0.019340 	 0.016163 
 0.019892 	 0.017063 
 0.020458 	 0.018009 
 0.021039 	 0.019004 
 0.021634 	 0.020049 
 0.022245 	 0.021147 
 0.022871 	 0.022300 
 0.023512 	 0.023510 
 0.024170 	 0.024781 
 0.024845 	 0.026116 
 0.025537 	 0.027516 
 0.026246 	 0.028986 
 0.026973 	 0.030528 
 0.027719 	 0.032146 
 0.028483 	 0.033843 
 0.029267 	 0.035622 
 0.030071 	 0.037488 
 0.030895 	 0.039443 
 0.031739 	 0.041493 
 0.032606 	 0.043641 
 0.033494 	 0.045891 
 0.034404 	 0.048248 
 0.035338 	 0.050716 
 0.036295 	 0.053301 
 0.037277 	 0.056007 
 0.038283 	 0.058840 
 0.039315 	 0.061804 
 0.040373 	 0.064905 
 0.041458 	 0.068149 
 0.042570 	 0.071541 
 0.043711 	 0.075089 
 0.044880 	 0.078797 
 0.046079 	 0.082673 
 0.047308 	 0.086722 
 0.048569 	 0.090953 
 0.049861 	 0.095372 
 0.051186 	 0.099985 
 0.052544 	 0.104802 
 0.053937 	 0.109829 
 0.055366 	 0.115074 
 0.056830 	 0.120545 
 0.058331 	 0.126251 
 0.059871 	 0.132200 
 0.061449 	 0.138400 
 0.063067 	 0.144861 
 0.064727 	 0.151592 
 0.066428 	 0.158601 
 0.068172 	 0.165899 
 0.069961 	 0.173494 
 0.071795 	 0.181397 
 0.073675 	 0.189617 
 0.075603 	 0.198164 
 0.077580 	 0.207048 
 0.079606 	 0.216279 
 0.081684 	 0.225868 
 0.083815 	 0.235824 
 0.085999 	 0.246159 
 0.088239 	 0.256882 
 0.090536 	 0.268004 
 0.092890 	 0.279535 
 0.095305 	 0.291485 
 0.097780 	 0.303863 
 0.100318 	 0.316681 
 0.102920 	 0.329948 
 0.105589 	 0.343673 
 0.108324 	 0.357865 
 0.111129 	 0.372534 
 0.114005 	 0.387687 
 0.116954 	 0.403334 
 0.119978 	 0.419481 
 0.123078 	 0.436136 
 0.126256 	 0.453305 
 0.129515 	 0.470994 
 0.132857 	 0.489208 
 0.136283 	 0.507952 
 0.139795 	 0.527229 
 0.143397 	 0.547042 
 0.147090 	 0.567391 
 0.150876 	 0.588278 
 0.154758 	 0.609702 
 0.158739 	 0.631660 
 0.162820 	 0.654149 
 0.167005 	 0.677165 
 0.171295 	 0.700700 
 0.175694 	 0.724746 
 0.180205 	 0.749295 
 0.184829 	 0.774334 
 0.189571 	 0.799849 
 0.194433 	 0.825826 
 0.199418 	 0.852246 
 0.204529 	 0.879089 
 0.209769 	 0.906335 
 0.215142 	 0.933957 
 0.220651 	 0.961930 
 0.226300 	 0.990223 
 0.232092 	 1.018806 
 0.238030 	 1.047643 
 0.244118 	 1.076698 
 0.250361 	 1.105930 
 0.256762 	 1.135296 
 0.263324 	 1.164752 
 0.270053 	 1.194249 
 0.276952 	 1.223736 
 0.284026 	 1.253160 
 0.291279 	 1.282464 
 0.298715 	 1.311589 
 0.306340 	 1.340473 
 0.314158 	 1.369052 
 0.322174 	 1.397260 
 0.330392 	 1.425027 
 0.338819 	 1.452284 
 0.347459 	 1.478956 
 0.356318 	 1.504969 
 0.365401 	 1.530246 
 0.374714 	 1.554712 
 0.384262 	 1.578285 
 0.394053 	 1.600888 
 0.404091 	 1.622440 
 0.414383 	 1.642862 
 0.424936 	 1.662073 
 0.435756 	 1.679994 
 0.446850 	 1.696548 
 0.458225 	 1.711657 
 0.469888 	 1.725246 
 0.481846 	 1.737242 
 0.494107 	 1.747576 
 0.506678 	 1.756180 
 0.519567 	 1.762992 
 0.532783 	 1.767951 
 0.546333 	 1.771003 
 0.560226 	 1.772099 
 0.574471 	 1.771195 
 0.589077 	 1.768252 
 0.604052 	 1.763239 
 0.619406 	 1.756129 
 0.635149 	 1.746907 
 0.651291 	 1.735560 
 0.667841 	 1.722088 
 0.684811 	 1.706494 
 0.702209 	 1.688794 
 0.720049 	 1.669009 
 0.738339 	 1.647171 
 0.757093 	 1.623321 
 0.776322 	 1.597506 
 0.796037 	 1.569784 
 0.816252 	 1.540223 
 0.836978 	 1.508896 
 0.858229 	 1.475887 
 0.880018 	 1.441287 
 0.902359 	 1.405195 
 0.925265 	 1.367718 
 0.948751 	 1.328967 
 0.972831 	 1.289063 
 0.997521 	 1.248129 
 1.022836 	 1.206295 
 1.048792 	 1.163695 
 1.075405 	 1.120466 
 1.102692 	 1.076747 
 1.130670 	 1.032679 
 1.159355 	 0.988404 
 1.188767 	 0.944065 
 1.218924 	 0.899801 
 1.249844 	 0.855751 
 1.281547 	 0.812052 
 1.314052 	 0.768835 
 1.347380 	 0.726228 
 1.381552 	 0.684352 
 1.416589 	 0.643323 
 1.452513 	 0.603249 
 1.489346 	 0.564232 
 1.527112 	 0.526362 
 1.565833 	 0.489725 
 1.605535 	 0.454393 
 1.646243 	 0.420431 
 1.687980 	 0.387893 
 1.730774 	 0.356823 
 1.774652 	 0.327256 
 1.819640 	 0.299216 
 1.865767 	 0.272716 
 1.913062 	 0.247760 
 1.961554 	 0.224342 
 2.011274 	 0.202450 
 2.062252 	 0.182059 
 2.114521 	 0.163138 
 2.168113 	 0.145651 
 2.223062 	 0.129552 
 2.279402 	 0.114790 
 2.337168 	 0.101311 
 2.396397 	 0.089054 
 2.457124 	 0.077957 
 2.519390 	 0.067954 
 2.583231 	 0.058977 
 2.648688 	 0.050959 
 2.715803 	 0.043829 
 2.784617 	 0.037521 
 2.855172 	 0.031967 
 2.927514 	 0.027101 
 3.001687 	 0.022860 
 3.077738 	 0.019183 
 3.155714 	 0.016012 
 3.235664 	 0.013293 
 3.317638 	 0.010974 
 3.401687 	 0.009007 
 3.487864 	 0.007350 
 3.576223 	 0.005962 
 3.666818 	 0.004806 
 3.759707 	 0.003850 
 3.854947 	 0.003064 
 3.952598 	 0.002422 
 4.052721 	 0.001902 
 4.155379 	 0.001483 
 4.260636 	 0.001148 
 4.368557 	 0.000882 
 4.479210 	 0.000673 
 4.592665 	 0.000509 
 4.708991 	 0.000382 
 4.828263 	 0.000285 
 4.950554 	 0.000210 
 5.075940 	 0.000154 
 5.204501 	 0.000112 
 5.336316 	 0.000080 
 5.471469 	 0.000057 
 5.610042 	 0.000040 
 5.752124 	 0.000028 
 5.897802 	 0.000020 
 6.047169 	 0.000013 
 6.200316 	 0.000009 
 6.357341 	 0.000006 
 6.518340 	 0.000004 
 6.683416 	 0.000003 
 6.852670 	 0.000002 
 7.026209 	 0.000001 
 7.204141 	 0.000001 
 7.386577 	 0.000000 
 7.573632 	 0.000000 
 7.765422 	 0.000000 
 7.962068 	 0.000000 
 8.163691 	 0.000000 
 8.370419 	 0.000000 
 8.582380 	 0.000000 
 8.799706 	 0.000000 
 9.022535 	 0.000000 
 9.251004 	 0.000000 
 9.485257 	 0.000000 
 9.725440 	 0.000000 
 9.971704 	 0.000000 
 10.224201 	 0.000000 
 10.483091 	 0.000000 
 10.748534 	 0.000000 
 11.020698 	 0.000000 
 11.299751 	 0.000000 
 11.585868 	 0.000000 
 11.879228 	 0.000000 
 12.180015 	 0.000000 
 12.488417 	 0.000000 
 12.804625 	 0.000000 
 13.128838 	 0.000000 
 13.461259 	 0.000000 
 13.802095 	 0.000000 
 14.151560 	 0.000000 
 14.509871 	 0.000000 
 14.877253 	 0.000000 
 15.253935 	 0.000000 
 15.640153 	 0.000000 
 16.036148 	 0.000000 
 16.442168 	 0.000000 
 16.858466 	 0.000000 
 17.285303 	 0.000000 
 17.722945 	 0.000000 
 18.171667 	 0.000000 
 18.631747 	 0.000000 
 19.103475 	 0.000000 
 19.587144 	 0.000000 
 20.083058 	 0.000000 
 20.591526 	 0.000000 
 21.112866 	 0.000000 
 21.647403 	 0.000000 
 22.195473 	 0.000000 
 22.757416 	 0.000000 
 23.333586 	 0.000000 
 23.924341 	 0.000000 
 24.530051 	 0.000000 
 25.151095 	 0.000000 
 25.787861 	 0.000000 
 26.440747 	 0.000000 
 27.110160 	 0.000000 
 27.796520 	 0.000000 
 28.500255 	 0.000000 
 29.221805 	 0.000000 
 29.961621 	 0.000000 
 30.720166 	 0.000000 
 31.497914 	 0.000000 
 32.295350 	 0.000000 
 33.112973 	 0.000000 
 33.951295 	 0.000000 
 34.810839 	 0.000000 
 35.692142 	 0.000000 
 36.595756 	 0.000000 
 37.522244 	 0.000000 
 38.472187 	 0.000000 
 39.446178 	 0.000000 
 40.444826 	 0.000000 
 41.468754 	 0.000000 
 42.518603 	 0.000000 
 43.595030 	 0.000000 
 44.698706 	 0.000000 
 45.830322 	 0.000000 
 46.990584 	 0.000000 
 48.180220 	 0.000000 
 49.399970 	 0.000000 
 50.650599 	 0.000000 
 51.932888 	 0.000000 
 53.247638 	 0.000000 
 54.595671 	 0.000000 
 55.977830 	 0.000000 
 57.394978 	 0.000000 
 58.848002 	 0.000000 
 60.337809 	 0.000000 
 61.865330 	 0.000000 
 63.431522 	 0.000000 
 65.037361 	 0.000000 
 66.683852 	 0.000000 
 68.372025 	 0.000000 
 70.102934 	 0.000000 
 71.877661 	 0.000000 
 73.697315 	 0.000000 
 75.563034 	 0.000000 
 77.475984 	 0.000000 
 79.437361 	 0.000000 
