0.000000	0.000000
0.030000	0.000000
0.060000	0.000000
0.090000	0.000000
0.120000	0.000000
0.150000	0.000000
0.180000	0.000000
0.210000	0.000000
0.240000	0.000000
0.270000	0.000000
0.300000	0.000000
0.330000	0.000000
0.360000	0.000000
0.390000	0.000000
0.420000	0.000000
0.450000	0.000000
0.480000	0.000000
0.510000	0.000000
0.540000	0.000000
0.570000	0.000000
0.600000	0.000000
0.630000	0.000000
0.660000	0.000000
0.690000	0.000000
0.720000	0.000000
0.750000	0.000000
0.780000	0.000000
0.810000	0.000000
0.840000	0.000010
0.870000	0.001140
0.900000	0.109300
0.930000	2.265770
0.960000	14.000080
0.990000	38.885090
1.020000	63.905410
1.050000	74.910580
1.080000	71.095830
1.110000	59.494400
1.140000	46.653440
1.170000	35.711810
1.200000	27.458800
1.230000	21.572290
1.260000	17.575510
1.290000	14.935450
1.320000	13.201460
1.350000	12.037120
1.380000	11.142240
1.410000	10.430910
1.440000	10.024240
1.470000	10.217940
1.500000	11.417940
1.530000	13.923460
1.560000	17.671510
1.590000	22.243860
1.620000	27.245950
1.650000	32.441030
1.680000	37.955930
1.710000	43.969150
1.740000	50.734610
1.770000	58.303120
1.800000	66.458010
1.830000	75.070420
1.860000	83.297930
1.890000	89.546510
1.920000	92.517810
1.950000	92.154210
1.980000	90.359820
2.010000	89.803320
2.040000	91.527050
2.070000	94.426640
2.100000	95.740060
2.130000	93.499700
2.160000	85.251080
2.190000	71.735420
2.220000	59.459810
2.250000	51.110950
2.280000	44.828770
2.310000	38.921400
2.340000	32.869550
2.370000	26.932910
2.400000	21.438610
2.430000	17.017010
2.460000	14.206180
2.490000	13.602230
2.520000	15.597670
2.550000	20.516620
2.580000	28.285630
2.610000	38.637920
2.640000	50.794310
2.670000	63.344270
2.700000	74.143550
2.730000	80.818630
2.760000	81.811750
2.790000	76.282790
2.820000	64.759270
2.850000	49.355360
2.880000	33.403710
2.910000	19.982020
2.940000	10.629880
2.970000	5.019180
