0.000000	0.000000
0.030000	0.000000
0.060000	0.000000
0.090000	0.000000
0.120000	0.000000
0.150000	0.000000
0.180000	0.000000
0.210000	0.000000
0.240000	0.000000
0.270000	0.000000
0.300000	0.000000
0.330000	0.000000
0.360000	0.000000
0.390000	0.000000
0.420000	0.000000
0.450000	0.000000
0.480000	0.000000
0.510000	0.000000
0.540000	0.000000
0.570000	0.000000
0.600000	0.000000
0.630000	0.000000
0.660000	0.000000
0.690000	0.000000
0.720000	0.000000
0.750000	0.000000
0.780000	0.000000
0.810000	0.000000
0.840000	0.000000
0.870000	0.000000
0.900000	0.000000
0.930000	0.000010
0.960000	0.028210
0.990000	4.974860
1.020000	57.642680
1.050000	122.869690
1.080000	102.593300
1.110000	68.176590
1.140000	48.467710
1.170000	31.881730
1.200000	19.466350
1.230000	13.596460
1.260000	11.852920
1.290000	11.878960
1.320000	12.840480
1.350000	14.675640
1.380000	15.455610
1.410000	12.919010
1.440000	7.355680
1.470000	2.715340
1.500000	0.986280
1.530000	2.871970
1.560000	10.826920
1.590000	24.529950
1.620000	35.973760
1.650000	39.061470
1.680000	36.818680
1.710000	35.980780
1.740000	45.563300
1.770000	66.286040
1.800000	76.823100
1.830000	65.942240
1.860000	61.577830
1.890000	88.414090
1.920000	120.128330
1.950000	125.264880
1.980000	108.184530
2.010000	80.375930
2.040000	59.244390
2.070000	71.409590
2.100000	103.046790
2.130000	110.177400
2.160000	102.035380
2.190000	75.983010
2.220000	58.502560
2.250000	56.665290
2.280000	53.457770
2.310000	41.093900
2.340000	27.524020
2.370000	20.854210
2.400000	16.985740
2.430000	11.269910
2.460000	5.159810
2.490000	2.188010
2.520000	3.396320
2.550000	8.821270
2.580000	17.797780
2.610000	26.973830
2.640000	34.318910
2.670000	48.278630
2.700000	80.850970
2.730000	116.760370
2.760000	126.118840
2.790000	111.725900
2.820000	81.799290
2.850000	43.374400
2.880000	15.109450
2.910000	3.451680
2.940000	0.556670
2.970000	0.063100
