0.000000	0.000000
0.030000	0.000000
0.060000	0.000000
0.090000	0.000000
0.120000	0.000000
0.150000	0.000000
0.180000	0.000000
0.210000	0.000000
0.240000	0.000000
0.270000	0.000000
0.300000	0.000000
0.330000	0.000000
0.360000	0.000000
0.390000	0.000000
0.420000	0.000000
0.450000	0.000000
0.480000	0.000000
0.510000	0.000000
0.540000	0.000000
0.570000	0.000000
0.600000	0.000000
0.630000	0.000000
0.660000	0.000000
0.690000	0.000000
0.720000	0.000000
0.750000	0.000000
0.780000	0.000000
0.810000	0.000000
0.840000	0.000000
0.870000	0.000030
0.900000	0.006120
0.930000	0.483360
0.960000	6.995480
0.990000	31.566450
1.020000	66.430150
1.050000	84.970170
1.080000	80.242120
1.110000	63.998050
1.140000	47.367790
1.170000	34.558970
1.200000	25.586920
1.230000	19.686930
1.260000	16.020710
1.290000	13.928280
1.320000	12.748570
1.350000	12.031180
1.380000	11.323210
1.410000	10.309480
1.440000	9.159040
1.470000	8.420200
1.500000	9.065540
1.530000	11.697180
1.560000	16.337070
1.590000	22.053190
1.620000	27.731590
1.650000	32.843130
1.680000	37.907520
1.710000	43.706590
1.740000	50.643680
1.770000	58.141000
1.800000	65.715330
1.830000	74.028100
1.860000	83.735190
1.890000	92.914840
1.920000	98.156600
1.950000	96.906070
1.980000	90.950720
2.010000	86.059030
2.040000	86.963860
2.070000	93.032060
2.100000	98.377470
2.130000	98.142980
2.160000	89.258780
2.190000	72.768490
2.220000	59.172020
2.250000	51.584950
2.280000	45.747340
2.310000	39.559310
2.340000	32.647890
2.370000	25.635130
2.400000	19.299890
2.430000	14.249340
2.460000	10.989350
2.490000	9.906820
2.520000	11.510100
2.550000	15.992180
2.580000	23.737800
2.610000	34.519540
2.640000	48.355400
2.670000	63.928110
2.700000	78.515720
2.730000	88.339750
2.760000	90.560880
2.790000	84.250290
2.820000	69.864740
2.850000	50.259630
2.880000	30.895600
2.910000	16.165530
2.940000	7.243200
2.970000	2.802950
