0.000000	0.000000
0.030000	0.000000
0.060000	0.000000
0.090000	0.000000
0.120000	0.000000
0.150000	0.000000
0.180000	0.000000
0.210000	0.000000
0.240000	0.000000
0.270000	0.000000
0.300000	0.000000
0.330000	0.000000
0.360000	0.000000
0.390000	0.000000
0.420000	0.000000
0.450000	0.000000
0.480000	0.000000
0.510000	0.000000
0.540000	0.000000
0.570000	0.000000
0.600000	0.000000
0.630000	0.000000
0.660000	0.000000
0.690000	0.000000
0.720000	0.000000
0.750000	0.000000
0.780000	0.000000
0.810000	0.000000
0.840000	0.000110
0.870000	0.029200
0.900000	0.813130
0.930000	6.466230
0.960000	22.103580
0.990000	43.452470
1.020000	59.859390
1.050000	65.642090
1.080000	62.236430
1.110000	53.979480
1.140000	44.532530
1.170000	35.900630
1.200000	28.763050
1.230000	23.278130
1.260000	19.230400
1.290000	16.275850
1.320000	14.206550
1.350000	12.739400
1.380000	11.836800
1.410000	11.367950
1.440000	11.425500
1.470000	12.141670
1.500000	13.659020
1.530000	15.986920
1.560000	19.154730
1.590000	23.002970
1.620000	27.426000
1.650000	32.352950
1.680000	37.935730
1.710000	44.213900
1.740000	51.237550
1.770000	58.910390
1.800000	66.922610
1.830000	74.536300
1.860000	81.014330
1.890000	85.541090
1.920000	88.286200
1.950000	89.644420
1.980000	90.548850
2.010000	91.652750
2.040000	92.929180
2.070000	93.582860
2.100000	92.610760
2.130000	88.972180
2.160000	81.155530
2.190000	70.041890
2.220000	59.598670
2.250000	51.522010
2.280000	45.069350
2.310000	39.231660
2.340000	33.731030
2.370000	28.534120
2.400000	23.959440
2.430000	20.524600
2.460000	18.568450
2.490000	18.607140
2.520000	21.073810
2.550000	26.005090
2.580000	33.166070
2.610000	42.142310
2.640000	51.978950
2.670000	61.412410
2.700000	68.955280
2.730000	73.316750
2.760000	73.179150
2.790000	68.265160
2.820000	59.136610
2.850000	47.274910
2.880000	34.650440
2.910000	23.262760
2.940000	14.273680
2.970000	7.946420
