0.000000	0.000000
0.030000	0.000000
0.060000	0.000000
0.090000	0.000000
0.120000	0.000000
0.150000	0.000000
0.180000	0.000000
0.210000	0.000000
0.240000	0.000000
0.270000	0.000000
0.300000	0.000000
0.330000	0.000000
0.360000	0.000000
0.390000	0.000000
0.420000	0.000000
0.450000	0.000000
0.480000	0.000000
0.510000	0.000000
0.540000	0.000000
0.570000	0.000000
0.600000	0.000000
0.630000	0.000000
0.660000	0.000000
0.690000	0.000000
0.720000	0.000000
0.750000	0.000000
0.780000	0.000000
0.810000	0.000000
0.840000	0.000000
0.870000	0.000000
0.900000	0.000000
0.930000	0.006830
0.960000	0.992070
0.990000	16.356370
1.020000	65.390480
1.050000	103.261260
1.080000	94.301010
1.110000	68.151310
1.140000	47.143330
1.170000	32.621390
1.200000	22.723700
1.230000	16.655860
1.260000	13.582100
1.290000	12.701560
1.320000	12.825090
1.350000	13.271250
1.380000	13.075770
1.410000	11.319720
1.440000	8.206640
1.470000	5.147140
1.500000	4.092090
1.530000	6.797850
1.560000	13.719510
1.590000	23.027000
1.620000	31.077600
1.650000	35.520610
1.680000	37.678740
1.710000	41.546980
1.740000	50.273710
1.770000	60.992240
1.800000	67.127010
1.830000	68.925380
1.860000	76.492790
1.890000	93.529030
1.920000	108.949830
1.950000	110.446210
1.980000	98.143550
2.010000	81.331080
2.040000	74.290680
2.070000	84.682020
2.100000	100.389580
2.130000	105.523070
2.160000	96.258790
2.190000	74.053500
2.220000	59.198830
2.250000	54.115760
2.280000	48.851020
2.310000	40.827480
2.340000	31.371230
2.370000	23.068560
2.400000	16.729280
2.430000	11.507590
2.460000	7.377670
2.490000	5.281590
2.520000	6.366100
2.550000	11.150660
2.580000	18.826440
2.610000	28.430190
2.640000	40.741050
2.670000	59.076260
2.700000	83.070500
2.730000	102.779190
2.760000	108.231620
2.790000	99.094630
2.820000	77.723560
2.850000	48.703550
2.880000	23.219530
2.910000	8.528490
2.940000	2.452220
2.970000	0.558370
