0.000000	0.000000
0.030000	0.000000
0.060000	0.000000
0.090000	0.000000
0.120000	0.000000
0.150000	0.000000
0.180000	0.000000
0.210000	0.000000
0.240000	0.000000
0.270000	0.000000
0.300000	0.000000
0.330000	0.000000
0.360000	0.000000
0.390000	0.000000
0.420000	0.000000
0.450000	0.000000
0.480000	0.000000
0.510000	0.000000
0.540000	0.000000
0.570000	0.000000
0.600000	0.000000
0.630000	0.000000
0.660000	0.000000
0.690000	0.000000
0.720000	0.000000
0.750000	0.000000
0.780000	0.000000
0.810000	0.000000
0.840000	0.000000
0.870000	0.003550
0.900000	0.256820
0.930000	3.550940
0.960000	17.118240
0.990000	41.042710
1.020000	62.641410
1.050000	71.260080
1.080000	67.531580
1.110000	57.359430
1.140000	45.851600
1.170000	35.759430
1.200000	28.020160
1.230000	22.320970
1.260000	18.329700
1.290000	15.553890
1.320000	13.603220
1.350000	12.282280
1.380000	11.338710
1.410000	10.686640
1.440000	10.466950
1.470000	10.889910
1.500000	12.225480
1.530000	14.619260
1.560000	18.159490
1.590000	22.421760
1.620000	27.269300
1.650000	32.479000
1.680000	38.030450
1.710000	44.269280
1.740000	51.020950
1.770000	58.569990
1.800000	66.813070
1.830000	74.992740
1.860000	82.458360
1.890000	87.801980
1.920000	90.390700
1.950000	90.592470
1.980000	90.081890
2.010000	90.687110
2.040000	92.538340
2.070000	94.645470
2.100000	94.880970
2.130000	92.068050
2.160000	83.881620
2.190000	71.184350
2.220000	59.504510
2.250000	51.216950
2.280000	44.762090
2.310000	38.832830
2.340000	33.031570
2.370000	27.352890
2.400000	22.269960
2.430000	18.191900
2.460000	15.795210
2.490000	15.446210
2.520000	17.628130
2.550000	22.574650
2.580000	30.198930
2.610000	40.096100
2.640000	51.394170
2.670000	62.686950
2.700000	72.141210
2.730000	77.832600
2.760000	78.483710
2.790000	73.204790
2.820000	62.725710
2.850000	48.733960
2.880000	34.018170
2.910000	21.352190
2.940000	12.046680
2.970000	6.087900
