0.000000	0.000000
0.030000	0.000000
0.060000	0.000000
0.090000	0.000000
0.120000	0.000000
0.150000	0.000000
0.180000	0.000000
0.210000	0.000000
0.240000	0.000000
0.270000	0.000000
0.300000	0.000000
0.330000	0.000000
0.360000	0.000000
0.390000	0.000000
0.420000	0.000000
0.450000	0.000000
0.480000	0.000000
0.510000	0.000000
0.540000	0.000000
0.570000	0.000000
0.600000	0.000000
0.630000	0.000000
0.660000	0.000000
0.690000	0.000000
0.720000	0.000000
0.750000	0.000000
0.780000	0.000000
0.810000	0.000000
0.840000	0.000070
0.870000	0.011340
0.900000	0.491730
0.930000	4.959350
0.960000	19.748480
0.990000	42.428470
1.020000	61.232850
1.050000	68.222030
1.080000	64.820510
1.110000	55.692330
1.140000	45.289200
1.170000	35.877960
1.200000	28.376490
1.230000	22.782180
1.260000	18.726450
1.290000	15.843200
1.320000	13.841060
1.350000	12.473270
1.380000	11.551470
1.410000	11.041930
1.440000	11.019930
1.470000	11.574930
1.500000	13.056690
1.530000	15.467360
1.560000	18.689040
1.590000	22.707280
1.620000	27.258290
1.650000	32.286120
1.680000	37.838100
1.710000	44.098320
1.740000	51.102190
1.770000	58.858750
1.800000	67.031950
1.830000	75.000780
1.860000	81.862110
1.890000	86.758860
1.920000	89.236980
1.950000	89.950010
1.980000	90.174620
2.010000	91.211200
2.040000	92.826940
2.070000	94.004120
2.100000	93.673040
2.130000	90.443400
2.160000	82.395970
2.190000	70.595570
2.220000	59.561530
2.250000	51.336770
2.280000	44.811280
2.310000	39.018270
2.340000	33.355340
2.370000	27.966250
2.400000	23.166860
2.430000	19.423430
2.460000	17.267570
2.490000	17.177040
2.520000	19.474140
2.550000	24.360190
2.580000	31.788990
2.610000	41.174700
2.640000	51.691120
2.670000	61.993020
2.700000	70.466210
2.730000	75.396560
2.760000	75.623550
2.790000	70.690080
2.820000	60.888820
2.850000	47.921260
2.880000	34.444770
2.910000	22.389750
2.940000	13.216980
2.970000	7.078340
