0.000000	0.000000
0.030000	0.000000
0.060000	0.000000
0.090000	0.000000
0.120000	0.000000
0.150000	0.000000
0.180000	0.000000
0.210000	0.000000
0.240000	0.000000
0.270000	0.000000
0.300000	0.000000
0.330000	0.000000
0.360000	0.000000
0.390000	0.000000
0.420000	0.000000
0.450000	0.000000
0.480000	0.000000
0.510000	0.000000
0.540000	0.000000
0.570000	0.000000
0.600000	0.000000
0.630000	0.000000
0.660000	0.000000
0.690000	0.000000
0.720000	0.000000
0.750000	0.000000
0.780000	0.000000
0.810000	0.000000
0.840000	0.000000
0.870000	0.000050
0.900000	0.034180
0.930000	1.221130
0.960000	10.613810
0.990000	35.910580
1.020000	65.219230
1.050000	79.303930
1.080000	75.158700
1.110000	61.680070
1.140000	47.192780
1.170000	35.267160
1.200000	26.656020
1.230000	20.758070
1.260000	16.896760
1.290000	14.469560
1.320000	12.997670
1.350000	12.004650
1.380000	11.135160
1.410000	10.249020
1.440000	9.514740
1.470000	9.359720
1.500000	10.343450
1.530000	12.916530
1.560000	17.004960
1.590000	22.069640
1.620000	27.389940
1.650000	32.631410
1.680000	37.947510
1.710000	43.997190
1.740000	50.755990
1.770000	58.112630
1.800000	65.990770
1.830000	74.612930
1.860000	83.583010
1.890000	91.238620
1.920000	94.938850
1.950000	94.090330
1.980000	90.590720
2.010000	88.364980
2.040000	89.950990
2.070000	94.086170
2.100000	97.002560
2.130000	95.510690
2.160000	87.036720
2.190000	72.284160
2.220000	59.369620
2.250000	51.281880
2.280000	45.196380
2.310000	39.116290
2.340000	32.779470
2.370000	26.263070
2.400000	20.401000
2.430000	15.624340
2.460000	12.563470
2.490000	11.768550
2.520000	13.480870
2.550000	18.242350
2.580000	25.968280
2.610000	36.753340
2.640000	49.911350
2.670000	63.833950
2.700000	76.340650
2.730000	84.328050
2.760000	85.933570
2.790000	80.068930
2.820000	67.216620
2.850000	49.877530
2.880000	32.318790
2.910000	18.245410
2.940000	8.970690
2.970000	3.888410
