0.000000	0.000000
0.030000	0.000000
0.060000	0.000000
0.090000	0.000000
0.120000	0.000000
0.150000	0.000000
0.180000	0.000000
0.210000	0.000000
0.240000	0.000000
0.270000	0.000000
0.300000	0.000000
0.330000	0.000000
0.360000	0.000000
0.390000	0.000000
0.420000	0.000000
0.450000	0.000000
0.480000	0.000000
0.510000	0.000000
0.540000	0.000000
0.570000	0.000000
0.600000	0.000000
0.630000	0.000000
0.660000	0.000000
0.690000	0.000000
0.720000	0.000000
0.750000	0.000000
0.780000	0.000000
0.810000	0.000000
0.840000	0.000000
0.870000	0.000000
0.900000	0.000460
0.930000	0.113680
0.960000	3.584340
0.990000	25.306590
1.020000	66.789410
1.050000	92.416230
1.080000	86.600820
1.110000	66.269830
1.140000	47.312910
1.170000	33.615160
1.200000	24.378770
1.230000	18.393580
1.260000	14.997240
1.290000	13.293260
1.320000	12.710100
1.350000	12.469700
1.380000	11.898400
1.410000	10.632490
1.440000	8.698040
1.470000	6.995250
1.500000	6.963840
1.530000	9.689630
1.560000	15.342080
1.590000	22.376660
1.620000	28.835280
1.650000	33.746410
1.680000	37.816200
1.710000	43.212880
1.740000	50.788450
1.770000	58.731410
1.800000	65.439670
1.830000	72.178180
1.860000	82.004290
1.890000	94.113120
1.920000	102.443620
1.950000	101.877710
1.980000	93.066070
2.010000	83.559010
2.040000	82.334850
2.070000	90.473570
2.100000	99.556510
2.130000	101.400010
2.160000	92.346870
2.190000	73.326200
2.220000	59.025770
2.250000	52.292490
2.280000	46.909820
2.310000	40.165340
2.340000	32.286970
2.370000	24.635520
2.400000	18.001670
2.430000	12.803240
2.460000	9.270150
2.490000	7.801870
2.520000	9.102210
2.550000	13.590090
2.580000	21.149120
2.610000	31.619780
2.640000	45.471010
2.670000	62.947940
2.700000	81.052450
2.730000	94.070480
2.760000	97.477070
2.790000	90.254040
2.820000	73.452850
2.850000	50.276010
2.880000	28.213650
2.910000	12.964580
2.940000	4.946360
2.970000	1.581830
