0.000000	0.000000
0.030000	0.000000
0.060000	0.000000
0.090000	0.000000
0.120000	0.000000
0.150000	0.000000
0.180000	0.000000
0.210000	0.000000
0.240000	0.000000
0.270000	0.000000
0.300000	0.000000
0.330000	0.000000
0.360000	0.000000
0.390000	0.000000
0.420000	0.000000
0.450000	0.000000
0.480000	0.000000
0.510000	0.000000
0.540000	0.000000
0.570000	0.000000
0.600000	0.000000
0.630000	0.000000
0.660000	0.000000
0.690000	0.000000
0.720000	0.000000
0.750000	0.000000
0.780000	0.000000
0.810000	0.000000
0.840000	0.000380
0.870000	0.057300
0.900000	1.223230
0.930000	7.958700
0.960000	24.110960
0.990000	44.187740
1.020000	58.631740
1.050000	63.312820
1.080000	59.987960
1.110000	52.495610
1.140000	43.843180
1.170000	35.765450
1.200000	29.019160
1.230000	23.699060
1.260000	19.630270
1.290000	16.622240
1.320000	14.546320
1.350000	13.052640
1.380000	12.184740
1.410000	11.757690
1.440000	11.906160
1.470000	12.663990
1.500000	14.159740
1.530000	16.425070
1.560000	19.460560
1.590000	23.194870
1.620000	27.544520
1.650000	32.537720
1.680000	38.146180
1.710000	44.412730
1.740000	51.488710
1.770000	59.089230
1.800000	66.835550
1.830000	74.069440
1.860000	80.192030
1.890000	84.642110
1.920000	87.343420
1.950000	89.071610
1.980000	90.419950
2.010000	91.781420
2.040000	92.971350
2.070000	93.027440
2.100000	91.649890
2.130000	87.886710
2.160000	80.161590
2.190000	69.564240
2.220000	59.658360
2.250000	51.760410
2.280000	45.310570
2.310000	39.429700
2.340000	33.980220
2.370000	29.007560
2.400000	24.779390
2.430000	21.565590
2.460000	19.899210
2.490000	20.213150
2.520000	22.706200
2.550000	27.432460
2.580000	34.346210
2.610000	42.884230
2.640000	52.068880
2.670000	60.691930
2.700000	67.677710
2.730000	71.342240
2.760000	71.109250
2.790000	66.381920
2.820000	57.743180
2.850000	46.534440
2.880000	34.712460
2.910000	23.915810
2.940000	15.113300
2.970000	8.688080
