-5.00 	 -32.750000
-4.90 	 -31.413500
-4.80 	 -30.104000
-4.70 	 -28.821500
-4.60 	 -27.566000
-4.50 	 -26.337500
-4.40 	 -25.136000
-4.30 	 -23.961500
-4.20 	 -22.814000
-4.10 	 -21.693500
-4.00 	 -20.600000
-3.90 	 -19.533500
-3.80 	 -18.494000
-3.70 	 -17.481500
-3.60 	 -16.496000
-3.50 	 -15.537500
-3.40 	 -14.606000
-3.30 	 -13.701500
-3.20 	 -12.824000
-3.10 	 -11.973500
-3.00 	 -11.150000
-2.90 	 -10.353500
-2.80 	 -9.584000
-2.70 	 -8.841500
-2.60 	 -8.126000
-2.50 	 -7.437500
-2.40 	 -6.776000
-2.30 	 -6.141500
-2.20 	 -5.534000
-2.10 	 -4.953500
-2.00 	 -4.400000
-1.90 	 -3.873500
-1.80 	 -3.374000
-1.70 	 -2.901500
-1.60 	 -2.456000
-1.50 	 -2.037500
-1.40 	 -1.646000
-1.30 	 -1.281500
-1.20 	 -0.944000
-1.10 	 -0.633500
-1.00 	 -0.350000
-0.90 	 -0.093500
-0.80 	 0.136000
-0.70 	 0.338500
-0.60 	 0.514000
-0.50 	 0.662500
-0.40 	 0.784000
-0.30 	 0.878500
-0.20 	 0.946000
-0.10 	 0.986500
-0.00 	 1.000000
0.10 	 0.986500
0.20 	 0.946000
0.30 	 0.878500
0.40 	 0.784000
0.50 	 0.662500
0.60 	 0.514000
0.70 	 0.338500
0.80 	 0.136000
0.90 	 -0.093500
1.00 	 -0.350000
1.10 	 -0.633500
1.20 	 -0.944000
1.30 	 -1.281500
1.40 	 -1.646000
1.50 	 -2.037500
1.60 	 -2.456000
1.70 	 -2.901500
1.80 	 -3.374000
1.90 	 -3.873500
2.00 	 -4.400000
2.10 	 -4.953500
2.20 	 -5.534000
2.30 	 -6.141500
2.40 	 -6.776000
2.50 	 -7.437500
2.60 	 -8.126000
2.70 	 -8.841500
2.80 	 -9.584000
2.90 	 -10.353500
3.00 	 -11.150000
3.10 	 -11.973500
3.20 	 -12.824000
3.30 	 -13.701500
3.40 	 -14.606000
3.50 	 -15.537500
3.60 	 -16.496000
3.70 	 -17.481500
3.80 	 -18.494000
3.90 	 -19.533500
4.00 	 -20.600000
4.10 	 -21.693500
4.20 	 -22.814000
4.30 	 -23.961500
4.40 	 -25.136000
4.50 	 -26.337500
4.60 	 -27.566000
4.70 	 -28.821500
4.80 	 -30.104000
4.90 	 -31.413500
5.00 	 -32.750000
