-5.00 	 6.817901
-4.90 	 6.565512
-4.80 	 6.318222
-4.70 	 6.076031
-4.60 	 5.838938
-4.50 	 5.606944
-4.40 	 5.380049
-4.30 	 5.158253
-4.20 	 4.941556
-4.10 	 4.729957
-4.00 	 4.523457
-3.90 	 4.322056
-3.80 	 4.125753
-3.70 	 3.934549
-3.60 	 3.748444
-3.50 	 3.567438
-3.40 	 3.391531
-3.30 	 3.220722
-3.20 	 3.055012
-3.10 	 2.894401
-3.00 	 2.738889
-2.90 	 2.588475
-2.80 	 2.443160
-2.70 	 2.302944
-2.60 	 2.167827
-2.50 	 2.037809
-2.40 	 1.912889
-2.30 	 1.793068
-2.20 	 1.678346
-2.10 	 1.568722
-2.00 	 1.464198
-1.90 	 1.364772
-1.80 	 1.270444
-1.70 	 1.181216
-1.60 	 1.097086
-1.50 	 1.018056
-1.40 	 0.944123
-1.30 	 0.875290
-1.20 	 0.811556
-1.10 	 0.752920
-1.00 	 0.699383
-0.90 	 0.650944
-0.80 	 0.607605
-0.70 	 0.569364
-0.60 	 0.536222
-0.50 	 0.508179
-0.40 	 0.485235
-0.30 	 0.467389
-0.20 	 0.454642
-0.10 	 0.446994
-0.00 	 0.444444
0.10 	 0.446994
0.20 	 0.454642
0.30 	 0.467389
0.40 	 0.485235
0.50 	 0.508179
0.60 	 0.536222
0.70 	 0.569364
0.80 	 0.607605
0.90 	 0.650944
1.00 	 0.699383
1.10 	 0.752920
1.20 	 0.811556
1.30 	 0.875290
1.40 	 0.944123
1.50 	 1.018056
1.60 	 1.097086
1.70 	 1.181216
1.80 	 1.270444
1.90 	 1.364772
2.00 	 1.464198
2.10 	 1.568722
2.20 	 1.678346
2.30 	 1.793068
2.40 	 1.912889
2.50 	 2.037809
2.60 	 2.167827
2.70 	 2.302944
2.80 	 2.443160
2.90 	 2.588475
3.00 	 2.738889
3.10 	 2.894401
3.20 	 3.055012
3.30 	 3.220722
3.40 	 3.391531
3.50 	 3.567438
3.60 	 3.748444
3.70 	 3.934549
3.80 	 4.125753
3.90 	 4.322056
4.00 	 4.523457
4.10 	 4.729957
4.20 	 4.941556
4.30 	 5.158253
4.40 	 5.380049
4.50 	 5.606944
4.60 	 5.838938
4.70 	 6.076031
4.80 	 6.318222
4.90 	 6.565512
5.00 	 6.817901
