-5.00 	 0.354654
-4.90 	 0.363337
-4.80 	 0.371844
-4.70 	 0.380176
-4.60 	 0.388333
-4.50 	 0.396314
-4.40 	 0.404120
-4.30 	 0.411751
-4.20 	 0.419206
-4.10 	 0.426486
-4.00 	 0.433590
-3.90 	 0.440519
-3.80 	 0.447272
-3.70 	 0.453850
-3.60 	 0.460253
-3.50 	 0.466480
-3.40 	 0.472532
-3.30 	 0.478408
-3.20 	 0.484109
-3.10 	 0.489635
-3.00 	 0.494985
-2.90 	 0.500159
-2.80 	 0.505159
-2.70 	 0.509983
-2.60 	 0.514631
-2.50 	 0.519104
-2.40 	 0.523402
-2.30 	 0.527524
-2.20 	 0.531471
-2.10 	 0.535242
-2.00 	 0.538838
-1.90 	 0.542259
-1.80 	 0.545504
-1.70 	 0.548574
-1.60 	 0.551468
-1.50 	 0.554187
-1.40 	 0.556730
-1.30 	 0.559099
-1.20 	 0.561291
-1.10 	 0.563308
-1.00 	 0.565150
-0.90 	 0.566817
-0.80 	 0.568308
-0.70 	 0.569623
-0.60 	 0.570764
-0.50 	 0.571728
-0.40 	 0.572518
-0.30 	 0.573132
-0.20 	 0.573570
-0.10 	 0.573833
-0.00 	 0.573921
0.10 	 0.573833
0.20 	 0.573570
0.30 	 0.573132
0.40 	 0.572518
0.50 	 0.571728
0.60 	 0.570764
0.70 	 0.569623
0.80 	 0.568308
0.90 	 0.566817
1.00 	 0.565150
1.10 	 0.563308
1.20 	 0.561291
1.30 	 0.559099
1.40 	 0.556730
1.50 	 0.554187
1.60 	 0.551468
1.70 	 0.548574
1.80 	 0.545504
1.90 	 0.542259
2.00 	 0.538838
2.10 	 0.535242
2.20 	 0.531471
2.30 	 0.527524
2.40 	 0.523402
2.50 	 0.519104
2.60 	 0.514631
2.70 	 0.509983
2.80 	 0.505159
2.90 	 0.500159
3.00 	 0.494985
3.10 	 0.489635
3.20 	 0.484109
3.30 	 0.478408
3.40 	 0.472532
3.50 	 0.466480
3.60 	 0.460253
3.70 	 0.453850
3.80 	 0.447272
3.90 	 0.440519
4.00 	 0.433590
4.10 	 0.426486
4.20 	 0.419206
4.30 	 0.411751
4.40 	 0.404120
4.50 	 0.396314
4.60 	 0.388333
4.70 	 0.380176
4.80 	 0.371844
4.90 	 0.363337
5.00 	 0.354654
