-5.00 	 -779.750000
-4.90 	 -748.713500
-4.80 	 -718.304000
-4.70 	 -688.521500
-4.60 	 -659.366000
-4.50 	 -630.837500
-4.40 	 -602.936000
-4.30 	 -575.661500
-4.20 	 -549.014000
-4.10 	 -522.993500
-4.00 	 -497.600000
-3.90 	 -472.833500
-3.80 	 -448.694000
-3.70 	 -425.181500
-3.60 	 -402.296000
-3.50 	 -380.037500
-3.40 	 -358.406000
-3.30 	 -337.401500
-3.20 	 -317.024000
-3.10 	 -297.273500
-3.00 	 -278.150000
-2.90 	 -259.653500
-2.80 	 -241.784000
-2.70 	 -224.541500
-2.60 	 -207.926000
-2.50 	 -191.937500
-2.40 	 -176.576000
-2.30 	 -161.841500
-2.20 	 -147.734000
-2.10 	 -134.253500
-2.00 	 -121.400000
-1.90 	 -109.173500
-1.80 	 -97.574000
-1.70 	 -86.601500
-1.60 	 -76.256000
-1.50 	 -66.537500
-1.40 	 -57.446000
-1.30 	 -48.981500
-1.20 	 -41.144000
-1.10 	 -33.933500
-1.00 	 -27.350000
-0.90 	 -21.393500
-0.80 	 -16.064000
-0.70 	 -11.361500
-0.60 	 -7.286000
-0.50 	 -3.837500
-0.40 	 -1.016000
-0.30 	 1.178500
-0.20 	 2.746000
-0.10 	 3.686500
-0.00 	 4.000000
0.10 	 3.686500
0.20 	 2.746000
0.30 	 1.178500
0.40 	 -1.016000
0.50 	 -3.837500
0.60 	 -7.286000
0.70 	 -11.361500
0.80 	 -16.064000
0.90 	 -21.393500
1.00 	 -27.350000
1.10 	 -33.933500
1.20 	 -41.144000
1.30 	 -48.981500
1.40 	 -57.446000
1.50 	 -66.537500
1.60 	 -76.256000
1.70 	 -86.601500
1.80 	 -97.574000
1.90 	 -109.173500
2.00 	 -121.400000
2.10 	 -134.253500
2.20 	 -147.734000
2.30 	 -161.841500
2.40 	 -176.576000
2.50 	 -191.937500
2.60 	 -207.926000
2.70 	 -224.541500
2.80 	 -241.784000
2.90 	 -259.653500
3.00 	 -278.150000
3.10 	 -297.273500
3.20 	 -317.024000
3.30 	 -337.401500
3.40 	 -358.406000
3.50 	 -380.037500
3.60 	 -402.296000
3.70 	 -425.181500
3.80 	 -448.694000
3.90 	 -472.833500
4.00 	 -497.600000
4.10 	 -522.993500
4.20 	 -549.014000
4.30 	 -575.661500
4.40 	 -602.936000
4.50 	 -630.837500
4.60 	 -659.366000
4.70 	 -688.521500
4.80 	 -718.304000
4.90 	 -748.713500
5.00 	 -779.750000
