0.500 	 6.121875
0.502 	 6.075138
0.504 	 6.028973
0.506 	 5.983369
0.508 	 5.938318
0.510 	 5.893811
0.512 	 5.849841
0.514 	 5.806399
0.516 	 5.763476
0.518 	 5.721065
0.520 	 5.679157
0.522 	 5.637746
0.524 	 5.596824
0.526 	 5.556383
0.528 	 5.516417
0.530 	 5.476917
0.532 	 5.437878
0.534 	 5.399292
0.536 	 5.361153
0.538 	 5.323454
0.540 	 5.286188
0.542 	 5.249350
0.544 	 5.212932
0.546 	 5.176930
0.548 	 5.141337
0.550 	 5.106146
0.552 	 5.071354
0.554 	 5.036952
0.556 	 5.002937
0.558 	 4.969303
0.560 	 4.936043
0.562 	 4.903154
0.564 	 4.870629
0.566 	 4.838465
0.568 	 4.806654
0.570 	 4.775194
0.572 	 4.744078
0.574 	 4.713303
0.576 	 4.682863
0.578 	 4.652755
0.580 	 4.622972
0.582 	 4.593512
0.584 	 4.564370
0.586 	 4.535540
0.588 	 4.507020
0.590 	 4.478805
0.592 	 4.450891
0.594 	 4.423274
0.596 	 4.395951
0.598 	 4.368916
0.600 	 4.342167
0.602 	 4.315699
0.604 	 4.289510
0.606 	 4.263594
0.608 	 4.237950
0.610 	 4.212573
0.612 	 4.187460
0.614 	 4.162608
0.616 	 4.138012
0.618 	 4.113671
0.620 	 4.089580
0.622 	 4.065737
0.624 	 4.042138
0.626 	 4.018781
0.628 	 3.995662
0.630 	 3.972778
0.632 	 3.950127
0.634 	 3.927705
0.636 	 3.905510
0.638 	 3.883539
0.640 	 3.861789
0.642 	 3.840258
0.644 	 3.818942
0.646 	 3.797840
0.648 	 3.776948
0.650 	 3.756265
0.652 	 3.735787
0.654 	 3.715512
0.656 	 3.695437
0.658 	 3.675561
0.660 	 3.655881
0.662 	 3.636395
0.664 	 3.617100
0.666 	 3.597994
0.668 	 3.579075
0.670 	 3.560340
0.672 	 3.541788
0.674 	 3.523417
0.676 	 3.505224
0.678 	 3.487207
0.680 	 3.469365
0.682 	 3.451694
0.684 	 3.434195
0.686 	 3.416863
0.688 	 3.399698
0.690 	 3.382697
0.692 	 3.365860
0.694 	 3.349183
0.696 	 3.332665
0.698 	 3.316304
0.700 	 3.300099
0.702 	 3.284048
0.704 	 3.268149
0.706 	 3.252401
0.708 	 3.236801
0.710 	 3.221349
0.712 	 3.206042
0.714 	 3.190879
0.716 	 3.175858
0.718 	 3.160979
0.720 	 3.146239
0.722 	 3.131636
0.724 	 3.117170
0.726 	 3.102839
0.728 	 3.088641
0.730 	 3.074576
0.732 	 3.060641
0.734 	 3.046835
0.736 	 3.033158
0.738 	 3.019607
0.740 	 3.006181
0.742 	 2.992879
0.744 	 2.979700
0.746 	 2.966642
0.748 	 2.953704
0.750 	 2.940885
0.752 	 2.928184
0.754 	 2.915600
0.756 	 2.903130
0.758 	 2.890775
0.760 	 2.878533
0.762 	 2.866402
0.764 	 2.854383
0.766 	 2.842472
0.768 	 2.830671
0.770 	 2.818976
0.772 	 2.807388
0.774 	 2.795905
0.776 	 2.784527
0.778 	 2.773251
0.780 	 2.762078
0.782 	 2.751006
0.784 	 2.740034
0.786 	 2.729161
0.788 	 2.718387
0.790 	 2.707710
0.792 	 2.697129
0.794 	 2.686643
0.796 	 2.676252
0.798 	 2.665955
0.800 	 2.655750
0.802 	 2.645637
0.804 	 2.635615
0.806 	 2.625683
0.808 	 2.615840
0.810 	 2.606086
0.812 	 2.596419
0.814 	 2.586838
0.816 	 2.577344
0.818 	 2.567935
0.820 	 2.558610
0.822 	 2.549369
0.824 	 2.540210
0.826 	 2.531133
0.828 	 2.522138
0.830 	 2.513223
0.832 	 2.504388
0.834 	 2.495632
0.836 	 2.486954
0.838 	 2.478354
0.840 	 2.469830
0.842 	 2.461383
0.844 	 2.453012
0.846 	 2.444715
0.848 	 2.436492
0.850 	 2.428343
0.852 	 2.420267
0.854 	 2.412263
0.856 	 2.404331
0.858 	 2.396469
0.860 	 2.388678
0.862 	 2.380957
0.864 	 2.373305
0.866 	 2.365721
0.868 	 2.358205
0.870 	 2.350756
0.872 	 2.343375
0.874 	 2.336059
0.876 	 2.328809
0.878 	 2.321624
0.880 	 2.314503
0.882 	 2.307447
0.884 	 2.300454
0.886 	 2.293523
0.888 	 2.286655
0.890 	 2.279849
0.892 	 2.273104
0.894 	 2.266420
0.896 	 2.259796
0.898 	 2.253232
0.900 	 2.246727
0.902 	 2.240281
0.904 	 2.233893
0.906 	 2.227563
0.908 	 2.221290
0.910 	 2.215074
0.912 	 2.208915
0.914 	 2.202811
0.916 	 2.196763
0.918 	 2.190770
0.920 	 2.184832
0.922 	 2.178947
0.924 	 2.173117
0.926 	 2.167340
0.928 	 2.161615
0.930 	 2.155943
0.932 	 2.150323
0.934 	 2.144755
0.936 	 2.139238
0.938 	 2.133772
0.940 	 2.128356
0.942 	 2.122990
0.944 	 2.117674
0.946 	 2.112407
0.948 	 2.107188
0.950 	 2.102019
0.952 	 2.096897
0.954 	 2.091823
0.956 	 2.086797
0.958 	 2.081817
0.960 	 2.076884
0.962 	 2.071998
0.964 	 2.067157
0.966 	 2.062362
0.968 	 2.057612
0.970 	 2.052907
0.972 	 2.048247
0.974 	 2.043631
0.976 	 2.039058
0.978 	 2.034530
0.980 	 2.030044
0.982 	 2.025602
0.984 	 2.021202
0.986 	 2.016844
0.988 	 2.012529
0.990 	 2.008255
0.992 	 2.004022
0.994 	 1.999831
0.996 	 1.995680
0.998 	 1.991570
1.000 	 1.987500
1.002 	 1.983470
1.004 	 1.979479
1.006 	 1.975528
1.008 	 1.971616
1.010 	 1.967743
1.012 	 1.963908
1.014 	 1.960111
1.016 	 1.956353
1.018 	 1.952632
1.020 	 1.948948
1.022 	 1.945302
1.024 	 1.941692
1.026 	 1.938119
1.028 	 1.934583
1.030 	 1.931083
1.032 	 1.927618
1.034 	 1.924189
1.036 	 1.920796
1.038 	 1.917438
1.040 	 1.914114
1.042 	 1.910826
1.044 	 1.907571
1.046 	 1.904351
1.048 	 1.901165
1.050 	 1.898013
1.052 	 1.894894
1.054 	 1.891809
1.056 	 1.888756
1.058 	 1.885737
1.060 	 1.882750
1.062 	 1.879795
1.064 	 1.876873
1.066 	 1.873982
1.068 	 1.871124
1.070 	 1.868297
1.072 	 1.865501
1.074 	 1.862737
1.076 	 1.860003
1.078 	 1.857300
1.080 	 1.854628
1.082 	 1.851986
1.084 	 1.849375
1.086 	 1.846793
1.088 	 1.844241
1.090 	 1.841719
1.092 	 1.839226
1.094 	 1.836762
1.096 	 1.834327
1.098 	 1.831922
1.100 	 1.829544
1.102 	 1.827196
1.104 	 1.824875
1.106 	 1.822583
1.108 	 1.820319
1.110 	 1.818082
1.112 	 1.815874
1.114 	 1.813692
1.116 	 1.811538
1.118 	 1.809411
1.120 	 1.807311
1.122 	 1.805237
1.124 	 1.803191
1.126 	 1.801171
1.128 	 1.799177
1.130 	 1.797209
1.132 	 1.795267
1.134 	 1.793351
1.136 	 1.791461
1.138 	 1.789596
1.140 	 1.787756
1.142 	 1.785942
1.144 	 1.784153
1.146 	 1.782389
1.148 	 1.780649
1.150 	 1.778934
1.152 	 1.777244
1.154 	 1.775578
1.156 	 1.773936
1.158 	 1.772318
1.160 	 1.770724
1.162 	 1.769154
1.164 	 1.767608
1.166 	 1.766085
1.168 	 1.764585
1.170 	 1.763109
1.172 	 1.761656
1.174 	 1.760226
1.176 	 1.758818
1.178 	 1.757434
1.180 	 1.756072
1.182 	 1.754732
1.184 	 1.753415
1.186 	 1.752120
1.188 	 1.750847
1.190 	 1.749596
1.192 	 1.748367
1.194 	 1.747160
1.196 	 1.745974
1.198 	 1.744810
1.200 	 1.743667
1.202 	 1.742545
1.204 	 1.741445
1.206 	 1.740365
1.208 	 1.739307
1.210 	 1.738269
1.212 	 1.737252
1.214 	 1.736255
1.216 	 1.735280
1.218 	 1.734324
1.220 	 1.733389
1.222 	 1.732473
1.224 	 1.731578
1.226 	 1.730703
1.228 	 1.729848
1.230 	 1.729012
1.232 	 1.728196
1.234 	 1.727400
1.236 	 1.726623
1.238 	 1.725865
1.240 	 1.725126
1.242 	 1.724407
1.244 	 1.723707
1.246 	 1.723025
1.248 	 1.722363
1.250 	 1.721719
1.252 	 1.721094
1.254 	 1.720487
1.256 	 1.719899
1.258 	 1.719329
1.260 	 1.718777
1.262 	 1.718244
1.264 	 1.717729
1.266 	 1.717231
1.268 	 1.716752
1.270 	 1.716291
1.272 	 1.715847
1.274 	 1.715421
1.276 	 1.715012
1.278 	 1.714621
1.280 	 1.714247
1.282 	 1.713891
1.284 	 1.713552
1.286 	 1.713230
1.288 	 1.712925
1.290 	 1.712637
1.292 	 1.712366
1.294 	 1.712112
1.296 	 1.711874
1.298 	 1.711653
1.300 	 1.711449
1.302 	 1.711261
1.304 	 1.711090
1.306 	 1.710935
1.308 	 1.710796
1.310 	 1.710674
1.312 	 1.710567
1.314 	 1.710477
1.316 	 1.710403
1.318 	 1.710344
1.320 	 1.710302
1.322 	 1.710275
1.324 	 1.710263
1.326 	 1.710268
1.328 	 1.710288
1.330 	 1.710323
1.332 	 1.710374
1.334 	 1.710440
1.336 	 1.710522
1.338 	 1.710619
1.340 	 1.710730
1.342 	 1.710857
1.344 	 1.710999
1.346 	 1.711156
1.348 	 1.711328
1.350 	 1.711514
1.352 	 1.711715
1.354 	 1.711931
1.356 	 1.712162
1.358 	 1.712407
1.360 	 1.712666
1.362 	 1.712940
1.364 	 1.713228
1.366 	 1.713531
1.368 	 1.713848
1.370 	 1.714179
1.372 	 1.714524
1.374 	 1.714883
1.376 	 1.715256
1.378 	 1.715644
1.380 	 1.716045
1.382 	 1.716460
1.384 	 1.716888
1.386 	 1.717330
1.388 	 1.717786
1.390 	 1.718256
1.392 	 1.718739
1.394 	 1.719236
1.396 	 1.719746
1.398 	 1.720269
1.400 	 1.720806
1.402 	 1.721356
1.404 	 1.721919
1.406 	 1.722496
1.408 	 1.723085
1.410 	 1.723688
1.412 	 1.724304
1.414 	 1.724932
1.416 	 1.725574
1.418 	 1.726228
1.420 	 1.726895
1.422 	 1.727575
1.424 	 1.728267
1.426 	 1.728973
1.428 	 1.729691
1.430 	 1.730421
1.432 	 1.731164
1.434 	 1.731919
1.436 	 1.732687
1.438 	 1.733467
1.440 	 1.734260
1.442 	 1.735064
1.444 	 1.735881
1.446 	 1.736710
1.448 	 1.737552
1.450 	 1.738405
1.452 	 1.739271
1.454 	 1.740148
1.456 	 1.741037
1.458 	 1.741939
1.460 	 1.742852
1.462 	 1.743777
1.464 	 1.744713
1.466 	 1.745662
1.468 	 1.746622
1.470 	 1.747594
1.472 	 1.748577
1.474 	 1.749572
1.476 	 1.750579
1.478 	 1.751597
1.480 	 1.752626
1.482 	 1.753667
1.484 	 1.754720
1.486 	 1.755783
1.488 	 1.756858
1.490 	 1.757944
1.492 	 1.759041
1.494 	 1.760150
1.496 	 1.761269
1.498 	 1.762400
