-5.00 	 1.710263
-4.90 	 1.710263
-4.80 	 1.710263
-4.70 	 1.710263
-4.60 	 1.710263
-4.50 	 1.710263
-4.40 	 1.710263
-4.30 	 1.710263
-4.20 	 1.710263
-4.10 	 1.710263
-4.00 	 1.710263
-3.90 	 1.710263
-3.80 	 1.710263
-3.70 	 1.710263
-3.60 	 1.710263
-3.50 	 1.710263
-3.40 	 1.710263
-3.30 	 1.710263
-3.20 	 1.710263
-3.10 	 1.710263
-3.00 	 1.710263
-2.90 	 1.710263
-2.80 	 1.710263
-2.70 	 1.710263
-2.60 	 1.710263
-2.50 	 1.710263
-2.40 	 1.710263
-2.30 	 1.710263
-2.20 	 1.710263
-2.10 	 1.710263
-2.00 	 1.710263
-1.90 	 1.710263
-1.80 	 1.710263
-1.70 	 1.710263
-1.60 	 1.710263
-1.50 	 1.710263
-1.40 	 1.710263
-1.30 	 1.710263
-1.20 	 1.710263
-1.10 	 1.710263
-1.00 	 1.710263
-0.90 	 1.710263
-0.80 	 1.710263
-0.70 	 1.710263
-0.60 	 1.710263
-0.50 	 1.710263
-0.40 	 1.710263
-0.30 	 1.710263
-0.20 	 1.710263
-0.10 	 1.710263
-0.00 	 1.710263
0.10 	 1.710263
0.20 	 1.710263
0.30 	 1.710263
0.40 	 1.710263
0.50 	 1.710263
0.60 	 1.710263
0.70 	 1.710263
0.80 	 1.710263
0.90 	 1.710263
1.00 	 1.710263
1.10 	 1.710263
1.20 	 1.710263
1.30 	 1.710263
1.40 	 1.710263
1.50 	 1.710263
1.60 	 1.710263
1.70 	 1.710263
1.80 	 1.710263
1.90 	 1.710263
2.00 	 1.710263
2.10 	 1.710263
2.20 	 1.710263
2.30 	 1.710263
2.40 	 1.710263
2.50 	 1.710263
2.60 	 1.710263
2.70 	 1.710263
2.80 	 1.710263
2.90 	 1.710263
3.00 	 1.710263
3.10 	 1.710263
3.20 	 1.710263
3.30 	 1.710263
3.40 	 1.710263
3.50 	 1.710263
3.60 	 1.710263
3.70 	 1.710263
3.80 	 1.710263
3.90 	 1.710263
4.00 	 1.710263
4.10 	 1.710263
4.20 	 1.710263
4.30 	 1.710263
4.40 	 1.710263
4.50 	 1.710263
4.60 	 1.710263
4.70 	 1.710263
4.80 	 1.710263
4.90 	 1.710263
5.00 	 1.710263
