-5.00 	 7.706790
-4.90 	 7.454401
-4.80 	 7.207111
-4.70 	 6.964920
-4.60 	 6.727827
-4.50 	 6.495833
-4.40 	 6.268938
-4.30 	 6.047142
-4.20 	 5.830444
-4.10 	 5.618846
-4.00 	 5.412346
-3.90 	 5.210944
-3.80 	 5.014642
-3.70 	 4.823438
-3.60 	 4.637333
-3.50 	 4.456327
-3.40 	 4.280420
-3.30 	 4.109611
-3.20 	 3.943901
-3.10 	 3.783290
-3.00 	 3.627778
-2.90 	 3.477364
-2.80 	 3.332049
-2.70 	 3.191833
-2.60 	 3.056716
-2.50 	 2.926698
-2.40 	 2.801778
-2.30 	 2.681957
-2.20 	 2.567235
-2.10 	 2.457611
-2.00 	 2.353086
-1.90 	 2.253660
-1.80 	 2.159333
-1.70 	 2.070105
-1.60 	 1.985975
-1.50 	 1.906944
-1.40 	 1.833012
-1.30 	 1.764179
-1.20 	 1.700444
-1.10 	 1.641809
-1.00 	 1.588272
-0.90 	 1.539833
-0.80 	 1.496494
-0.70 	 1.458253
-0.60 	 1.425111
-0.50 	 1.397068
-0.40 	 1.374123
-0.30 	 1.356278
-0.20 	 1.343531
-0.10 	 1.335883
-0.00 	 1.333333
0.10 	 1.335883
0.20 	 1.343531
0.30 	 1.356278
0.40 	 1.374123
0.50 	 1.397068
0.60 	 1.425111
0.70 	 1.458253
0.80 	 1.496494
0.90 	 1.539833
1.00 	 1.588272
1.10 	 1.641809
1.20 	 1.700444
1.30 	 1.764179
1.40 	 1.833012
1.50 	 1.906944
1.60 	 1.985975
1.70 	 2.070105
1.80 	 2.159333
1.90 	 2.253660
2.00 	 2.353086
2.10 	 2.457611
2.20 	 2.567235
2.30 	 2.681957
2.40 	 2.801778
2.50 	 2.926698
2.60 	 3.056716
2.70 	 3.191833
2.80 	 3.332049
2.90 	 3.477364
3.00 	 3.627778
3.10 	 3.783290
3.20 	 3.943901
3.30 	 4.109611
3.40 	 4.280420
3.50 	 4.456327
3.60 	 4.637333
3.70 	 4.823438
3.80 	 5.014642
3.90 	 5.210944
4.00 	 5.412346
4.10 	 5.618846
4.20 	 5.830444
4.30 	 6.047142
4.40 	 6.268938
4.50 	 6.495833
4.60 	 6.727827
4.70 	 6.964920
4.80 	 7.207111
4.90 	 7.454401
5.00 	 7.706790
