-5.00 	 -771.750000
-4.90 	 -740.713500
-4.80 	 -710.304000
-4.70 	 -680.521500
-4.60 	 -651.366000
-4.50 	 -622.837500
-4.40 	 -594.936000
-4.30 	 -567.661500
-4.20 	 -541.014000
-4.10 	 -514.993500
-4.00 	 -489.600000
-3.90 	 -464.833500
-3.80 	 -440.694000
-3.70 	 -417.181500
-3.60 	 -394.296000
-3.50 	 -372.037500
-3.40 	 -350.406000
-3.30 	 -329.401500
-3.20 	 -309.024000
-3.10 	 -289.273500
-3.00 	 -270.150000
-2.90 	 -251.653500
-2.80 	 -233.784000
-2.70 	 -216.541500
-2.60 	 -199.926000
-2.50 	 -183.937500
-2.40 	 -168.576000
-2.30 	 -153.841500
-2.20 	 -139.734000
-2.10 	 -126.253500
-2.00 	 -113.400000
-1.90 	 -101.173500
-1.80 	 -89.574000
-1.70 	 -78.601500
-1.60 	 -68.256000
-1.50 	 -58.537500
-1.40 	 -49.446000
-1.30 	 -40.981500
-1.20 	 -33.144000
-1.10 	 -25.933500
-1.00 	 -19.350000
-0.90 	 -13.393500
-0.80 	 -8.064000
-0.70 	 -3.361500
-0.60 	 0.714000
-0.50 	 4.162500
-0.40 	 6.984000
-0.30 	 9.178500
-0.20 	 10.746000
-0.10 	 11.686500
-0.00 	 12.000000
0.10 	 11.686500
0.20 	 10.746000
0.30 	 9.178500
0.40 	 6.984000
0.50 	 4.162500
0.60 	 0.714000
0.70 	 -3.361500
0.80 	 -8.064000
0.90 	 -13.393500
1.00 	 -19.350000
1.10 	 -25.933500
1.20 	 -33.144000
1.30 	 -40.981500
1.40 	 -49.446000
1.50 	 -58.537500
1.60 	 -68.256000
1.70 	 -78.601500
1.80 	 -89.574000
1.90 	 -101.173500
2.00 	 -113.400000
2.10 	 -126.253500
2.20 	 -139.734000
2.30 	 -153.841500
2.40 	 -168.576000
2.50 	 -183.937500
2.60 	 -199.926000
2.70 	 -216.541500
2.80 	 -233.784000
2.90 	 -251.653500
3.00 	 -270.150000
3.10 	 -289.273500
3.20 	 -309.024000
3.30 	 -329.401500
3.40 	 -350.406000
3.50 	 -372.037500
3.60 	 -394.296000
3.70 	 -417.181500
3.80 	 -440.694000
3.90 	 -464.833500
4.00 	 -489.600000
4.10 	 -514.993500
4.20 	 -541.014000
4.30 	 -567.661500
4.40 	 -594.936000
4.50 	 -622.837500
4.60 	 -651.366000
4.70 	 -680.521500
4.80 	 -710.304000
4.90 	 -740.713500
5.00 	 -771.750000
