-5.00 	 -30.750000
-4.90 	 -29.413500
-4.80 	 -28.104000
-4.70 	 -26.821500
-4.60 	 -25.566000
-4.50 	 -24.337500
-4.40 	 -23.136000
-4.30 	 -21.961500
-4.20 	 -20.814000
-4.10 	 -19.693500
-4.00 	 -18.600000
-3.90 	 -17.533500
-3.80 	 -16.494000
-3.70 	 -15.481500
-3.60 	 -14.496000
-3.50 	 -13.537500
-3.40 	 -12.606000
-3.30 	 -11.701500
-3.20 	 -10.824000
-3.10 	 -9.973500
-3.00 	 -9.150000
-2.90 	 -8.353500
-2.80 	 -7.584000
-2.70 	 -6.841500
-2.60 	 -6.126000
-2.50 	 -5.437500
-2.40 	 -4.776000
-2.30 	 -4.141500
-2.20 	 -3.534000
-2.10 	 -2.953500
-2.00 	 -2.400000
-1.90 	 -1.873500
-1.80 	 -1.374000
-1.70 	 -0.901500
-1.60 	 -0.456000
-1.50 	 -0.037500
-1.40 	 0.354000
-1.30 	 0.718500
-1.20 	 1.056000
-1.10 	 1.366500
-1.00 	 1.650000
-0.90 	 1.906500
-0.80 	 2.136000
-0.70 	 2.338500
-0.60 	 2.514000
-0.50 	 2.662500
-0.40 	 2.784000
-0.30 	 2.878500
-0.20 	 2.946000
-0.10 	 2.986500
-0.00 	 3.000000
0.10 	 2.986500
0.20 	 2.946000
0.30 	 2.878500
0.40 	 2.784000
0.50 	 2.662500
0.60 	 2.514000
0.70 	 2.338500
0.80 	 2.136000
0.90 	 1.906500
1.00 	 1.650000
1.10 	 1.366500
1.20 	 1.056000
1.30 	 0.718500
1.40 	 0.354000
1.50 	 -0.037500
1.60 	 -0.456000
1.70 	 -0.901500
1.80 	 -1.374000
1.90 	 -1.873500
2.00 	 -2.400000
2.10 	 -2.953500
2.20 	 -3.534000
2.30 	 -4.141500
2.40 	 -4.776000
2.50 	 -5.437500
2.60 	 -6.126000
2.70 	 -6.841500
2.80 	 -7.584000
2.90 	 -8.353500
3.00 	 -9.150000
3.10 	 -9.973500
3.20 	 -10.824000
3.30 	 -11.701500
3.40 	 -12.606000
3.50 	 -13.537500
3.60 	 -14.496000
3.70 	 -15.481500
3.80 	 -16.494000
3.90 	 -17.533500
4.00 	 -18.600000
4.10 	 -19.693500
4.20 	 -20.814000
4.30 	 -21.961500
4.40 	 -23.136000
4.50 	 -24.337500
4.60 	 -25.566000
4.70 	 -26.821500
4.80 	 -28.104000
4.90 	 -29.413500
5.00 	 -30.750000
