0.500 	 2.040625
0.510 	 1.964604
0.520 	 1.893052
0.530 	 1.825639
0.540 	 1.762063
0.550 	 1.702049
0.560 	 1.645348
0.570 	 1.591731
0.580 	 1.540991
0.590 	 1.492935
0.600 	 1.447389
0.610 	 1.404191
0.620 	 1.363193
0.630 	 1.324259
0.640 	 1.287263
0.650 	 1.252088
0.660 	 1.218627
0.670 	 1.186780
0.680 	 1.156455
0.690 	 1.127566
0.700 	 1.100033
0.710 	 1.073783
0.720 	 1.048746
0.730 	 1.024859
0.740 	 1.002060
0.750 	 0.980295
0.760 	 0.959511
0.770 	 0.939659
0.780 	 0.920693
0.790 	 0.902570
0.800 	 0.885250
0.810 	 0.868695
0.820 	 0.852870
0.830 	 0.837741
0.840 	 0.823277
0.850 	 0.809448
0.860 	 0.796226
0.870 	 0.783585
0.880 	 0.771501
0.890 	 0.759950
0.900 	 0.748909
0.910 	 0.738358
0.920 	 0.728277
0.930 	 0.718648
0.940 	 0.709452
0.950 	 0.700673
0.960 	 0.692295
0.970 	 0.684302
0.980 	 0.676681
0.990 	 0.669418
1.000 	 0.662500
1.010 	 0.655914
1.020 	 0.649649
1.030 	 0.643694
1.040 	 0.638038
1.050 	 0.632671
1.060 	 0.627583
1.070 	 0.622766
1.080 	 0.618209
1.090 	 0.613906
1.100 	 0.609848
1.110 	 0.606027
1.120 	 0.602437
1.130 	 0.599070
1.140 	 0.595919
1.150 	 0.592978
1.160 	 0.590241
1.170 	 0.587703
1.180 	 0.585357
1.190 	 0.583199
1.200 	 0.581222
1.210 	 0.579423
1.220 	 0.577796
1.230 	 0.576337
1.240 	 0.575042
1.250 	 0.573906
1.260 	 0.572926
1.270 	 0.572097
1.280 	 0.571416
1.290 	 0.570879
1.300 	 0.570483
1.310 	 0.570225
1.320 	 0.570101
1.330 	 0.570108
1.340 	 0.570243
1.350 	 0.570505
1.360 	 0.570889
1.370 	 0.571393
1.380 	 0.572015
1.390 	 0.572752
1.400 	 0.573602
1.410 	 0.574563
1.420 	 0.575632
1.430 	 0.576807
1.440 	 0.578087
1.450 	 0.579468
1.460 	 0.580951
1.470 	 0.582531
1.480 	 0.584209
1.490 	 0.585981
