0.000000	0.000000
0.030000	0.000000
0.060000	0.000000
0.090000	0.000000
0.120000	0.000000
0.150000	0.000000
0.180000	0.000000
0.210000	0.000000
0.240000	0.000000
0.270000	0.000000
0.300000	0.000000
0.330000	0.000000
0.360000	0.000000
0.390000	0.000000
0.420000	0.000000
0.450000	0.000000
0.480000	0.000000
0.510000	0.000000
0.540000	0.000000
0.570000	0.000000
0.600000	0.000000
0.630000	0.000000
0.660000	0.000000
0.690000	0.000000
0.720000	0.000000
0.750000	0.000000
0.780000	0.000000
0.810000	0.000000
0.840000	0.000000
0.870000	0.000110
0.900000	0.009080
0.930000	0.370360
0.960000	3.710170
0.990000	15.005000
1.020000	33.244410
1.050000	50.028010
1.080000	58.673180
1.110000	59.077330
1.140000	53.924550
1.170000	46.612550
1.200000	39.086250
1.230000	32.393450
1.260000	26.771400
1.290000	22.300940
1.320000	18.888540
1.350000	16.284640
1.380000	14.360070
1.410000	13.010930
1.440000	12.134350
1.470000	11.695740
1.500000	11.753820
1.530000	12.319820
1.560000	13.468310
1.590000	15.242080
1.620000	17.651000
1.650000	20.693860
1.680000	24.175250
1.710000	28.252660
1.740000	32.882340
1.770000	38.198330
1.800000	44.282920
1.830000	50.976470
1.860000	58.120960
1.890000	65.048300
1.920000	71.283180
1.950000	76.330410
1.980000	79.996240
2.010000	82.402800
2.040000	84.156260
2.070000	85.722500
2.100000	87.242490
2.130000	88.342380
2.160000	88.564210
2.190000	87.435720
2.220000	84.511260
2.250000	78.831610
2.280000	70.299130
2.310000	61.173560
2.340000	53.146880
2.370000	46.738470
2.400000	41.275240
2.430000	36.222850
2.460000	31.593190
2.490000	27.427940
2.520000	23.951860
2.550000	21.487650
2.580000	20.371710
2.610000	20.893890
2.640000	23.314070
2.670000	27.629130
2.700000	33.579510
2.730000	40.750200
2.760000	48.382110
2.790000	55.739970
2.820000	61.755360
2.850000	65.459610
2.880000	66.187260
2.910000	63.464300
2.940000	57.449550
2.970000	48.891350
