0.000000	0.000000
0.030000	0.000000
0.060000	0.000000
0.090000	0.000000
0.120000	0.000000
0.150000	0.000000
0.180000	0.000000
0.210000	0.000000
0.240000	0.000000
0.270000	0.000000
0.300000	0.000000
0.330000	0.000000
0.360000	0.000000
0.390000	0.000000
0.420000	0.000000
0.450000	0.000000
0.480000	0.000000
0.510000	0.000000
0.540000	0.000000
0.570000	0.000000
0.600000	0.000000
0.630000	0.000000
0.660000	0.000000
0.690000	0.000000
0.720000	0.000000
0.750000	0.000000
0.780000	0.000000
0.810000	0.000000
0.840000	0.000020
0.870000	0.010510
0.900000	0.392910
0.930000	3.725410
0.960000	14.041350
0.990000	29.358620
1.020000	42.451030
1.050000	48.773710
1.080000	48.769550
1.110000	45.034220
1.140000	39.936210
1.170000	34.688230
1.200000	30.182010
1.230000	26.328690
1.260000	23.321120
1.290000	20.898100
1.320000	19.013660
1.350000	17.680210
1.380000	16.815460
1.410000	16.343300
1.440000	16.196410
1.470000	16.410120
1.500000	16.976980
1.530000	17.924400
1.560000	19.323370
1.590000	21.148720
1.620000	23.492840
1.650000	26.321030
1.680000	29.777870
1.710000	33.811520
1.740000	38.329590
1.770000	43.240130
1.800000	48.296520
1.830000	53.193660
1.860000	57.912120
1.890000	62.211850
1.920000	66.085040
1.950000	69.523260
1.980000	72.632710
2.010000	75.258010
2.040000	77.092330
2.070000	78.140410
2.100000	78.202500
2.130000	77.375350
2.160000	75.852890
2.190000	73.657130
2.220000	69.440620
2.250000	64.978010
2.280000	60.830770
2.310000	56.985280
2.340000	53.579650
2.370000	50.444720
2.400000	47.752870
2.430000	45.570900
2.460000	43.885000
2.490000	42.697050
2.520000	42.035050
2.550000	41.758980
2.580000	41.974370
2.610000	42.595070
2.640000	43.448480
2.670000	44.491270
2.700000	45.483410
2.730000	46.462400
2.760000	47.067680
2.790000	47.115490
2.820000	46.594820
2.850000	45.278480
2.880000	43.244150
2.910000	40.520360
2.940000	37.234460
2.970000	33.460490
