0.000000	0.000000
0.030000	0.000000
0.060000	0.000000
0.090000	0.000000
0.120000	0.000000
0.150000	0.000000
0.180000	0.000000
0.210000	0.000000
0.240000	0.000000
0.270000	0.000000
0.300000	0.000000
0.330000	0.000000
0.360000	0.000000
0.390000	0.000000
0.420000	0.000000
0.450000	0.000000
0.480000	0.000000
0.510000	0.000000
0.540000	0.000000
0.570000	0.000000
0.600000	0.000000
0.630000	0.000000
0.660000	0.000000
0.690000	0.000000
0.720000	0.000000
0.750000	0.000000
0.780000	0.000000
0.810000	0.000000
0.840000	0.000000
0.870000	0.001330
0.900000	0.103180
0.930000	1.532770
0.960000	8.061510
0.990000	21.530280
1.020000	37.122260
1.050000	48.411910
1.080000	53.124660
1.110000	52.180630
1.140000	47.932140
1.170000	42.283670
1.200000	36.500760
1.230000	31.176720
1.260000	26.677470
1.290000	22.931820
1.320000	19.880080
1.350000	17.479340
1.380000	15.693310
1.410000	14.421910
1.440000	13.651760
1.470000	13.369620
1.500000	13.599500
1.530000	14.269680
1.560000	15.432680
1.590000	17.111790
1.620000	19.311530
1.650000	22.041210
1.680000	25.313780
1.710000	29.213470
1.740000	33.800560
1.770000	39.097460
1.800000	44.952630
1.830000	51.241650
1.860000	57.605950
1.890000	63.755420
1.920000	69.191180
1.950000	73.727520
1.980000	77.365730
2.010000	80.460640
2.040000	82.952720
2.070000	84.951550
2.100000	86.144450
2.130000	86.532720
2.160000	85.659710
2.190000	83.761530
2.220000	80.398320
2.250000	75.129380
2.280000	68.003190
2.310000	60.710030
2.340000	53.933260
2.370000	48.146510
2.400000	42.808370
2.430000	38.102670
2.460000	33.930600
2.490000	30.364710
2.520000	27.622160
2.550000	25.938320
2.580000	25.420940
2.610000	26.302500
2.640000	28.621780
2.670000	32.323700
2.700000	37.129160
2.730000	42.746650
2.760000	48.400400
2.790000	53.610270
2.820000	57.587870
2.850000	59.665090
2.880000	59.404180
2.910000	56.643790
2.940000	51.769530
2.970000	45.079040
