0.000000	0.000000
0.030000	0.000000
0.060000	0.000000
0.090000	0.000000
0.120000	0.000000
0.150000	0.000000
0.180000	0.000000
0.210000	0.000000
0.240000	0.000000
0.270000	0.000000
0.300000	0.000000
0.330000	0.000000
0.360000	0.000000
0.390000	0.000000
0.420000	0.000000
0.450000	0.000000
0.480000	0.000000
0.510000	0.000000
0.540000	0.000000
0.570000	0.000000
0.600000	0.000000
0.630000	0.000000
0.660000	0.000000
0.690000	0.000000
0.720000	0.000000
0.750000	0.000000
0.780000	0.000000
0.810000	0.000000
0.840000	0.000190
0.870000	0.027290
0.900000	0.718110
0.930000	5.214360
0.960000	16.731160
0.990000	31.629700
1.020000	42.899770
1.050000	47.452580
1.080000	46.508000
1.110000	42.570800
1.140000	37.681530
1.170000	32.906830
1.200000	28.724640
1.230000	25.299760
1.260000	22.592120
1.290000	20.488500
1.320000	18.973720
1.350000	17.910930
1.380000	17.249090
1.410000	16.945700
1.440000	16.991190
1.470000	17.349540
1.500000	18.020090
1.530000	19.072550
1.560000	20.528040
1.590000	22.403930
1.620000	24.770300
1.650000	27.666070
1.680000	31.112810
1.710000	35.020210
1.740000	39.408950
1.770000	44.046360
1.800000	48.689320
1.830000	53.331010
1.860000	57.601040
1.890000	61.498150
1.920000	65.111160
1.950000	68.461660
1.980000	71.465330
2.010000	73.825600
2.040000	75.364210
2.070000	76.046640
2.100000	75.777710
2.130000	74.720360
2.160000	73.363000
2.190000	71.428830
2.220000	67.115120
2.250000	62.919360
2.280000	59.217300
2.310000	56.114680
2.340000	53.368720
2.370000	51.055820
2.400000	49.230260
2.430000	47.767840
2.460000	46.774930
2.490000	46.256520
2.520000	46.097110
2.550000	46.194680
2.580000	46.464010
2.610000	46.848970
2.640000	47.190100
2.670000	47.408580
2.700000	47.318380
2.730000	47.030700
2.760000	46.309810
2.790000	45.271910
2.820000	43.705260
2.850000	41.659990
2.880000	39.265170
2.910000	36.518840
2.940000	33.509410
2.970000	30.416090
