0.000000	0.000000
0.030000	0.000000
0.060000	0.000000
0.090000	0.000000
0.120000	0.000000
0.150000	0.000000
0.180000	0.000000
0.210000	0.000000
0.240000	0.000000
0.270000	0.000000
0.300000	0.000000
0.330000	0.000000
0.360000	0.000000
0.390000	0.000000
0.420000	0.000000
0.450000	0.000000
0.480000	0.000000
0.510000	0.000000
0.540000	0.000000
0.570000	0.000000
0.600000	0.000000
0.630000	0.000000
0.660000	0.000000
0.690000	0.000000
0.720000	0.000000
0.750000	0.000000
0.780000	0.000000
0.810000	0.000000
0.840000	0.000000
0.870000	0.000000
0.900000	0.000000
0.930000	0.000000
0.960000	0.000130
0.990000	0.107960
1.020000	4.386520
1.050000	32.625530
1.080000	81.007190
1.110000	99.739340
1.140000	83.154950
1.170000	59.304980
1.200000	41.016310
1.230000	28.638880
1.260000	20.552520
1.290000	15.546150
1.320000	12.790350
1.350000	11.526790
1.380000	11.169240
1.410000	11.293290
1.440000	11.478550
1.470000	11.188150
1.500000	9.951870
1.530000	7.974640
1.560000	6.802050
1.590000	8.333090
1.620000	13.240340
1.650000	19.849340
1.680000	25.421610
1.710000	28.402540
1.740000	30.051420
1.770000	33.024080
1.800000	39.458440
1.830000	49.369890
1.860000	59.372810
1.890000	65.865030
1.920000	71.241080
1.950000	81.189840
1.980000	94.379090
2.010000	102.366150
2.040000	99.447310
2.070000	88.115080
2.100000	75.567950
2.130000	71.347450
2.160000	80.870330
2.190000	95.899550
2.220000	101.882270
2.250000	94.733620
2.280000	77.811250
2.310000	59.546920
2.340000	51.020010
2.370000	47.622250
2.400000	43.566490
2.430000	37.037070
2.460000	29.151930
2.490000	21.919920
2.520000	16.294780
2.550000	11.994880
2.580000	8.937820
2.610000	7.607690
2.640000	8.675420
2.670000	12.479450
2.700000	18.978410
2.730000	27.902220
2.760000	39.593780
2.790000	54.892060
2.820000	73.068460
2.850000	88.395680
2.880000	94.181470
2.910000	89.627730
2.940000	77.338510
2.970000	58.678160
