0.000000	0.000000
0.030000	0.000000
0.060000	0.000000
0.090000	0.000000
0.120000	0.000000
0.150000	0.000000
0.180000	0.000000
0.210000	0.000000
0.240000	0.000000
0.270000	0.000000
0.300000	0.000000
0.330000	0.000000
0.360000	0.000000
0.390000	0.000000
0.420000	0.000000
0.450000	0.000000
0.480000	0.000000
0.510000	0.000000
0.540000	0.000000
0.570000	0.000000
0.600000	0.000000
0.630000	0.000000
0.660000	0.000000
0.690000	0.000000
0.720000	0.000000
0.750000	0.000000
0.780000	0.000000
0.810000	0.000000
0.840000	0.000000
0.870000	0.000000
0.900000	0.001140
0.930000	0.108960
0.960000	1.935660
0.990000	10.950010
1.020000	29.784820
1.050000	50.247840
1.080000	62.425440
1.110000	63.821840
1.140000	58.020950
1.170000	49.176520
1.200000	40.199430
1.230000	32.511990
1.260000	26.290310
1.290000	21.579760
1.320000	18.040120
1.350000	15.415020
1.380000	13.582830
1.410000	12.280350
1.440000	11.467040
1.470000	11.012750
1.500000	11.017540
1.530000	11.529100
1.560000	12.634510
1.590000	14.452290
1.620000	16.970250
1.650000	20.053060
1.680000	23.663880
1.710000	27.752590
1.740000	32.363130
1.770000	37.680700
1.800000	43.684140
1.830000	50.521860
1.860000	57.976060
1.890000	65.456220
1.920000	72.532950
1.950000	78.265080
1.980000	82.124870
2.010000	84.148490
2.040000	84.942050
2.070000	85.716950
2.100000	86.891350
2.130000	88.421990
2.160000	89.453330
2.190000	89.089980
2.220000	86.563660
2.250000	80.918220
2.280000	71.561150
2.310000	61.328750
2.340000	52.682620
2.370000	46.170560
2.400000	40.754110
2.430000	35.755750
2.460000	30.969810
2.490000	26.437020
2.520000	22.520960
2.550000	19.515180
2.580000	17.859860
2.610000	18.053390
2.640000	20.277490
2.670000	24.675320
2.700000	31.079070
2.730000	39.070450
2.760000	48.003650
2.790000	56.889680
2.820000	64.107730
2.850000	68.834050
2.880000	70.080290
2.910000	67.295210
2.940000	60.587620
2.970000	50.764240
