0.000000	0.000000
0.030000	0.000000
0.060000	0.000000
0.090000	0.000000
0.120000	0.000000
0.150000	0.000000
0.180000	0.000000
0.210000	0.000000
0.240000	0.000000
0.270000	0.000000
0.300000	0.000000
0.330000	0.000000
0.360000	0.000000
0.390000	0.000000
0.420000	0.000000
0.450000	0.000000
0.480000	0.000000
0.510000	0.000000
0.540000	0.000000
0.570000	0.000000
0.600000	0.000000
0.630000	0.000000
0.660000	0.000000
0.690000	0.000000
0.720000	0.000000
0.750000	0.000000
0.780000	0.000000
0.810000	0.000000
0.840000	0.000000
0.870000	0.000000
0.900000	0.000020
0.930000	0.015720
0.960000	0.647590
0.990000	6.396400
1.020000	24.271420
1.050000	49.408370
1.080000	66.987150
1.110000	70.436180
1.140000	63.337030
1.170000	52.294270
1.200000	41.350370
1.230000	32.321830
1.260000	25.437450
1.290000	20.482670
1.320000	16.962080
1.350000	14.546010
1.380000	12.930930
1.410000	11.796810
1.440000	10.974960
1.470000	10.416710
1.500000	10.116220
1.530000	10.310860
1.560000	11.274370
1.590000	13.068130
1.620000	15.831080
1.650000	19.367530
1.680000	23.328350
1.710000	27.621370
1.740000	32.264430
1.770000	37.355000
1.800000	43.287950
1.830000	50.004090
1.860000	57.536820
1.890000	65.499050
1.920000	73.350180
1.950000	80.235040
1.980000	84.977300
2.010000	86.957230
2.040000	86.469130
2.070000	85.258140
2.100000	85.341560
2.130000	87.118780
2.160000	89.712920
2.190000	91.156620
2.220000	89.723940
2.250000	84.171070
2.280000	73.627410
2.310000	61.797140
2.340000	52.481200
2.370000	45.977560
2.400000	40.547210
2.430000	35.395910
2.460000	30.192560
2.490000	25.126630
2.520000	20.572080
2.550000	16.964830
2.580000	14.831740
2.610000	14.592080
2.640000	16.596140
2.670000	20.991480
2.700000	27.829070
2.730000	36.768540
2.760000	47.098350
2.790000	57.677140
2.820000	66.909440
2.850000	73.356540
2.880000	75.524750
2.910000	72.802460
2.940000	64.998490
2.970000	53.361700
