0.000000	0.000000
0.030000	0.000000
0.060000	0.000000
0.090000	0.000000
0.120000	0.000000
0.150000	0.000000
0.180000	0.000000
0.210000	0.000000
0.240000	0.000000
0.270000	0.000000
0.300000	0.000000
0.330000	0.000000
0.360000	0.000000
0.390000	0.000000
0.420000	0.000000
0.450000	0.000000
0.480000	0.000000
0.510000	0.000000
0.540000	0.000000
0.570000	0.000000
0.600000	0.000000
0.630000	0.000000
0.660000	0.000000
0.690000	0.000000
0.720000	0.000000
0.750000	0.000000
0.780000	0.000000
0.810000	0.000000
0.840000	0.000000
0.870000	0.000280
0.900000	0.034400
0.930000	0.829240
0.960000	5.800670
0.990000	18.520460
1.020000	35.519240
1.050000	49.336050
1.080000	55.755820
1.110000	55.397620
1.140000	50.746320
1.170000	44.346780
1.200000	37.766380
1.230000	31.851680
1.260000	26.765710
1.290000	22.633600
1.320000	19.383310
1.350000	16.885870
1.380000	15.032600
1.410000	13.702580
1.440000	12.909530
1.470000	12.556170
1.500000	12.684590
1.530000	13.335880
1.560000	14.509340
1.590000	16.246300
1.620000	18.533510
1.650000	21.385660
1.680000	24.693020
1.710000	28.662430
1.740000	33.271950
1.770000	38.549910
1.800000	44.633920
1.830000	51.209900
1.860000	58.041410
1.890000	64.508140
1.920000	70.304420
1.950000	74.939290
1.980000	78.526800
2.010000	81.154210
2.040000	83.423050
2.070000	85.318580
2.100000	86.931590
2.130000	87.608210
2.160000	87.253440
2.190000	85.728130
2.220000	82.372580
2.250000	76.803810
2.280000	69.095670
2.310000	60.815360
2.340000	53.451950
2.370000	47.268300
2.400000	41.879690
2.430000	37.036360
2.460000	32.650410
2.490000	28.850270
2.520000	25.861780
2.550000	23.901690
2.580000	23.142430
2.610000	23.859380
2.640000	26.253550
2.670000	30.253940
2.700000	35.603330
2.730000	41.893640
2.760000	48.467130
2.790000	54.611110
2.820000	59.433990
2.850000	62.219950
2.880000	62.286400
2.910000	59.662970
2.940000	54.275810
2.970000	46.849640
