0.000000	0.000000
0.030000	0.000000
0.060000	0.000000
0.090000	0.000000
0.120000	0.000000
0.150000	0.000000
0.180000	0.000000
0.210000	0.000000
0.240000	0.000000
0.270000	0.000000
0.300000	0.000000
0.330000	0.000000
0.360000	0.000000
0.390000	0.000000
0.420000	0.000000
0.450000	0.000000
0.480000	0.000000
0.510000	0.000000
0.540000	0.000000
0.570000	0.000000
0.600000	0.000000
0.630000	0.000000
0.660000	0.000000
0.690000	0.000000
0.720000	0.000000
0.750000	0.000000
0.780000	0.000000
0.810000	0.000000
0.840000	0.000000
0.870000	0.000000
0.900000	0.000000
0.930000	0.000300
0.960000	0.080840
0.990000	2.220140
1.020000	15.810180
1.050000	45.635090
1.080000	73.125220
1.110000	80.654760
1.140000	71.188580
1.170000	55.900060
1.200000	41.725450
1.230000	31.086030
1.260000	23.623860
1.290000	18.561480
1.320000	15.298210
1.350000	13.247900
1.380000	12.057220
1.410000	11.344950
1.440000	10.824330
1.470000	10.267030
1.500000	9.655840
1.530000	9.292130
1.560000	9.822100
1.590000	11.642150
1.620000	14.927290
1.650000	19.067610
1.680000	23.405920
1.710000	27.492400
1.740000	31.548300
1.770000	36.254920
1.800000	42.204430
1.830000	49.398290
1.860000	57.209990
1.890000	65.359020
1.920000	73.863670
1.950000	82.375570
1.980000	89.128560
2.010000	92.007830
2.040000	89.982300
2.070000	85.213980
2.100000	81.727010
2.130000	82.947350
2.160000	88.190010
2.190000	93.055950
2.220000	93.776410
2.250000	88.138820
2.280000	75.817990
2.310000	61.639660
2.340000	51.911960
2.370000	45.988800
2.400000	40.962390
2.430000	35.557080
2.460000	29.842440
2.490000	24.120840
2.520000	18.861990
2.550000	14.681260
2.580000	11.974690
2.610000	11.261360
2.640000	12.886560
2.670000	17.047650
2.700000	23.793910
2.730000	33.209230
2.760000	44.886370
2.790000	57.811210
2.820000	70.054050
2.850000	78.797390
2.880000	82.148990
2.910000	79.218930
2.940000	70.166540
2.970000	56.085030
