0.000000	0.000000
0.030000	0.000000
0.060000	0.000000
0.090000	0.000000
0.120000	0.000000
0.150000	0.000000
0.180000	0.000000
0.210000	0.000000
0.240000	0.000000
0.270000	0.000000
0.300000	0.000000
0.330000	0.000000
0.360000	0.000000
0.390000	0.000000
0.420000	0.000000
0.450000	0.000000
0.480000	0.000000
0.510000	0.000000
0.540000	0.000000
0.570000	0.000000
0.600000	0.000000
0.630000	0.000000
0.660000	0.000000
0.690000	0.000000
0.720000	0.000000
0.750000	0.000000
0.780000	0.000000
0.810000	0.000000
0.840000	0.000650
0.870000	0.059410
0.900000	1.099130
0.930000	6.601330
0.960000	18.648490
0.990000	32.682930
1.020000	42.501450
1.050000	46.033120
1.080000	44.749530
1.110000	40.945250
1.140000	36.443740
1.170000	32.016030
1.200000	28.210790
1.230000	25.031700
1.260000	22.506590
1.290000	20.649220
1.320000	19.199260
1.350000	18.220350
1.380000	17.604160
1.410000	17.346200
1.440000	17.405110
1.470000	17.794930
1.500000	18.533000
1.530000	19.591190
1.560000	20.998360
1.590000	22.896740
1.620000	25.266760
1.650000	28.178750
1.680000	31.576230
1.710000	35.471830
1.740000	39.717740
1.770000	44.209650
1.800000	48.755770
1.830000	53.219130
1.860000	57.340150
1.890000	61.296270
1.920000	64.923980
1.950000	68.280350
1.980000	71.075070
2.010000	73.222680
2.040000	74.505310
2.070000	75.063930
2.100000	74.734310
2.130000	73.798450
2.160000	72.487780
2.190000	70.661040
2.220000	66.435760
2.250000	62.271910
2.280000	58.782780
2.310000	55.777070
2.340000	53.324220
2.370000	51.315330
2.400000	49.758050
2.430000	48.595610
2.460000	47.867050
2.490000	47.496730
2.520000	47.356750
2.550000	47.450200
2.580000	47.687310
2.610000	48.047910
2.640000	48.272150
2.670000	48.282850
2.700000	47.961320
2.730000	47.279930
2.760000	46.215230
2.790000	44.667250
2.820000	42.838960
2.850000	40.677610
2.880000	38.163550
2.910000	35.432960
2.940000	32.550990
2.970000	29.551690
